1
4847
0
542654	180024
542655	180012
542662	179997
542662	179997
542662	179951
542649	179914
542644	179876
542639	179846
542640	179822
542639	179788
542626	179646
542615	179543
542615	179543
542610	179544
542585	179546
542570	179546
542523	179549
542496	179549
542446	179551
542397	179551
542355	179552
542324	179550
542296	179549
542271	179547
542245	179547
542204	179546
542162	179545
542099	179544
542076	179543
542023	179544
541943	179543
541904	179544
541827	179542
541788	179539
541692	179525
541663	179520
541663	179520
541554	179498
541477	179481
541393	179460
541323	179446
541147	179411
541039	179392
540984	179384
540948	179378
540917	179375
540865	179371
540824	179373
540787	179373
540746	179376
540669	179388
540538	179426
540450	179449
540349	179494
540301	179517
540238	179549
540180	179587
540180	179587
540098	179650
540000	179738
540000	179738
539965	179789
539873	179904
539788	180000
539788	180000
539788	180000
539776	180023
539749	180058
539749	180058
539689	180136
539642	180205
539640	180206
539640	180206
539596	180264
539540	180326
539517	180349
539500	180365
539472	180389
539430	180419
539430	180419
539476	180488
539508	180533
539540	180583
539546	180597
539566	180662
539573	180688
539577	180699
539580	180709
539581	180720
539582	180726
539581	180746
539580	180749
539578	180757
539574	180766
539570	180774
539560	180788
539541	180809
539535	180814
539529	180819
539520	180825
539505	180833
539482	180841
539450	180850
539368	180868
539338	180878
539323	180884
539316	180890
539311	180895
539306	180906
539305	180912
539304	180917
539304	180922
539305	180927
539305	180931
539313	180955
539337	180997
539367	181043
539386	181076
539401	181110
539412	181144
539412	181144
539419	181196
539420	181235
539413	181283
539407	181306
539392	181334
539385	181345
539375	181357
539357	181376
539348	181382
539342	181385
539335	181389
539327	181391
539321	181393
539313	181393
539303	181393
539284	181384
539265	181367
539259	181362
539255	181357
539247	181346
539231	181317
539222	181305
539217	181298
539214	181291
539212	181284
539209	181269
539205	181211
539205	181178
539207	181155
539207	181134
539198	181076
539193	181051
539190	181034
539186	181021
539182	181012
539170	180991
539165	180985
539160	180982
539156	180978
539145	180973
539133	180971
539115	180970
539100	180970
539067	180976
539061	180979
539057	180981
539052	180986
539047	180996
539043	181006
539040	181021
539040	181041
539042	181050
539045	181067
539048	181080
539056	181108
539074	181166
539108	181255
539121	181297
539128	181319
539141	181353
539152	181381
539155	181390
539157	181399
539159	181410
539160	181427
539160	181427
539155	181446
539152	181455
539144	181471
539138	181481
539124	181497
539093	181529
539079	181540
539056	181556
539048	181562
539031	181572
539006	181587
538989	181596
538909	181637
538821	181700
538765	181742
538721	181778
538711	181783
538706	181785
538701	181785
538696	181786
538689	181785
538639	181773
538624	181765
538612	181757
538609	181753
538602	181744
538589	181712
538581	181688
538575	181678
538558	181646
538553	181639
538549	181636
538544	181632
538532	181626
538522	181623
538517	181623
538510	181623
538500	181625
538496	181626
538479	181639
538474	181644
538471	181648
538469	181653
538467	181658
538466	181664
538463	181718
538457	181739
538447	181761
538421	181814
538395	181855
538390	181863
538378	181877
538363	181892
538337	181911
538324	181921
538311	181930
538263	181960
538245	181975
538240	181986
538233	182026
538232	182045
538230	182064
538231	182082
538240	182112
538250	182142
538273	182199
538315	182320
538312	182332
538304	182346
538304	182346
538300	182355
538288	182374
538283	182395
538284	182416
538284	182416
538285	182439
538293	182540
538299	182567
538315	182602
538315	182602
538325	182635
538328	182651
538329	182659
538329	182665
538328	182673
538324	182685
538320	182695
538317	182702
538307	182716
538291	182733
538285	182739
538279	182746
538273	182753
538267	182767
538244	182831
538237	182843
538231	182851
538225	182856
538159	182907
538138	182923
538125	182936
538121	182941
538115	182951
538112	182958
538109	182967
538107	182978
538097	183016
538094	183023
538088	183031
538085	183035
538080	183039
538075	183042
538070	183044
538064	183045
538055	183046
538006	183055
537950	183063
537915	183069
537882	183084
537882	183084
537860	183096
537854	183101
537852	183104
537851	183107
537845	183119
537836	183126
537821	183135
537781	183156
537726	183181
537683	183207
537655	183229
537625	183250
537608	183265
537598	183280
537588	183304
537578	183329
537560	183354
537556	183366
537556	183378
537566	183416
537567	183418
537568	183421
537568	183424
537568	183426
537569	183429
537569	183432
537569	183434
537569	183435
537569	183438
537569	183441
537569	183443
537569	183446
537569	183449
537568	183451
537568	183451
537615	183467
537603	183542
537701	183608
537740	183635
537769	183656
537772	183659
537772	183662
537768	183668
537733	183704
537694	183749
537652	183794
537622	183828
537605	183845
537585	183861
537567	183870
537533	183886
537509	183899
537479	183917
537470	183923
537468	183926
537473	183967
537480	183982
537482	183988
537451	184007
537451	184007
537466	184044
537470	184053
537474	184066
537485	184116
537489	184129
537493	184137
537500	184148
537529	184180
537542	184197
537556	184215
537560	184224
537563	184232
537565	184241
537566	184249
537566	184259
537568	184290
537569	184298
537571	184306
537573	184312
537575	184315
537577	184317
537583	184322
537594	184327
537603	184332
537629	184342
537634	184345
537637	184348
537642	184353
537647	184361
537649	184364
537651	184382
537655	184404
537655	184413
537656	184418
537672	184489
537655	184522
537648	184542
537644	184566
537644	184568
537644	184573
537644	184573
537640	184613
537629	184667
537621	184707
537613	184754
537611	184773
537610	184776
537610	184776
537643	184785
537648	184789
537653	184818
537662	184883
537664	184903
537669	184933
537671	184957
537675	184993
537673	185011
537667	185070
537659	185119
537651	185151
537643	185173
537635	185208
537632	185223
537628	185247
537620	185266
537614	185276
537599	185297
537585	185320
537577	185342
537575	185356
537576	185370
537579	185399
537575	185408
537573	185417
537576	185446
537576	185466
537571	185497
537570	185510
537570	185510
537560	185584
537544	185696
537528	185735
537515	185773
537511	185784
537500	185769
537471	185885
537445	185903
537405	185931
537338	185978
537225	186055
537181	186089
537141	186120
537116	186123
537112	186122
537087	186121
537084	186155
537079	186189
537065	186231
537059	186251
537055	186263
537051	186272
537047	186280
537041	186290
537032	186305
537007	186332
536988	186357
536964	186383
536935	186409
536914	186425
536900	186437
536875	186454
536809	186496
536794	186504
536750	186526
536711	186545
536683	186555
536683	186555
536669	186569
536651	186586
536619	186602
536611	186606
536601	186607
536559	186605
536503	186603
536482	186602
536452	186598
536440	186595
536437	186591
536435	186586
536437	186572
536442	186560
536459	186552
536475	186547
536498	186546
536513	186543
536523	186539
536531	186532
536535	186526
536534	186516
536524	186501
536524	186501
536509	186492
536473	186480
536460	186477
536426	186470
536412	186472
536401	186474
536387	186480
536359	186496
536327	186517
536314	186527
536306	186532
536289	186540
536236	186558
536208	186562
536195	186563
536189	186562
536181	186561
536170	186558
536162	186556
536151	186551
536121	186534
536103	186527
536090	186524
536074	186521
536066	186520
536049	186520
536041	186522
536035	186524
536030	186527
536024	186530
535977	186576
535966	186583
535959	186586
535946	186587
535937	186586
535926	186584
535917	186581
535908	186578
535872	186562
535852	186553
535832	186544
535805	186539
535798	186538
535786	186539
535778	186540
535767	186543
535726	186560
535700	186573
535667	186570
535638	186572
535605	186574
535605	186574
535569	186624
535569	186624
535558	186628
535558	186628
535563	186637
535595	186659
535595	186662
535585	186676
535557	186690
535528	186702
535509	186714
535493	186730
535470	186751
535479	186755
535500	186764
535528	186774
535534	186779
535541	186791
535544	186805
535544	186815
535539	186821
535520	186836
535498	186852
535486	186860
535486	186860
535485	186863
535482	186867
535480	186871
535477	186878
535430	186951
535426	186957
535417	186966
535377	187003
535372	187008
535363	187018
535353	187030
535325	187064
535318	187074
535311	187082
535261	187132
535219	187171
535201	187199
535194	187207
535190	187211
535167	187226
535167	187226
535114	187255
535051	187298
535027	187317
535017	187327
535011	187336
535000	187365
535000	187365
535000	187365
534952	187482
534944	187496
534933	187507
534925	187514
534916	187520
534908	187524
534895	187528
534873	187532
534854	187531
534839	187532
534833	187533
534823	187538
534812	187545
534796	187558
534780	187580
534768	187620
534744	187648
534710	187679
534665	187725
534650	187747
534648	187753
534645	187768
534642	187793
534637	187822
534625	187855
534625	187856
534625	187856
534653	187873
534675	187884
534697	187885
534707	187888
534716	187899
534729	187928
534734	187949
534732	187965
534726	187979
534722	187984
534703	187992
534681	187984
534665	187971
534659	187969
534648	187975
534634	188003
534624	188022
534615	188030
534595	188035
534587	188044
534585	188050
534585	188057
534591	188080
534594	188099
534594	188106
534588	188120
534579	188130
534552	188152
534534	188167
534526	188179
534519	188198
534517	188213
534516	188235
534512	188263
534505	188305
534498	188329
534484	188364
534472	188406
534460	188440
534455	188461
534448	188503
534445	188528
534442	188566
534444	188592
534449	188614
534472	188646
534507	188679
534526	188699
534526	188699
534534	188707
534537	188713
534537	188721
534531	188744
534531	188744
534562	188771
534617	188817
534619	188820
534630	188828
534640	188838
534641	188838
534643	188839
534644	188841
534646	188842
534648	188844
534649	188845
534651	188847
534652	188849
534654	188851
534656	188853
534657	188856
534659	188858
534660	188860
534662	188863
534663	188865
534664	188867
534665	188870
534666	188872
534673	188886
534673	188888
534676	188896
534680	188905
534680	188907
534681	188909
534682	188912
534683	188915
534685	188918
534686	188920
534687	188923
534688	188925
534690	188928
534690	188928
534692	188931
534694	188934
534696	188937
534698	188939
534700	188942
534702	188945
534704	188946
534706	188949
534708	188951
534711	188953
534722	188962
534724	188964
534729	188968
534734	188972
534739	188976
534742	188979
534748	188985
534753	188991
534759	188997
534764	189003
534769	189009
534775	189016
534779	189023
534783	189027
534787	189033
534791	189040
534795	189046
534799	189052
534802	189059
534806	189066
534809	189072
534811	189076
534813	189079
534816	189086
534818	189093
534821	189099
534823	189106
534826	189113
534828	189120
534830	189127
534832	189135
534833	189142
534833	189143
534834	189150
534836	189158
534837	189165
534839	189172
534841	189180
534843	189187
534844	189189
534846	189195
534848	189201
534850	189207
534852	189213
534855	189219
534857	189224
534858	189226
534860	189230
534862	189234
534865	189239
534867	189243
534869	189247
534872	189251
534875	189255
534875	189256
534878	189260
534881	189263
534884	189267
534887	189271
534890	189274
534894	189278
534922	189308
534964	189349
534973	189359
534973	189359
535000	189388
535000	189388
535000	189388
535002	189388
535003	189389
535003	189390
535004	189391
535006	189393
535007	189396
535009	189398
535012	189400
535014	189401
535016	189403
535018	189405
535020	189407
535022	189409
535023	189411
535025	189413
535026	189415
535027	189417
535029	189420
535030	189422
535031	189424
535032	189426
535033	189428
535034	189430
535035	189433
535036	189435
535036	189437
535037	189440
535037	189442
535038	189444
535038	189447
535038	189449
535039	189451
535039	189454
535039	189456
535039	189459
535039	189461
535039	189463
535038	189466
535038	189468
535038	189471
535037	189473
535037	189475
535036	189478
535035	189480
535034	189482
535034	189484
535033	189487
535032	189489
535022	189505
535022	189505
535017	189516
535015	189534
535017	189571
535020	189591
535031	189635
535052	189704
535056	189721
535056	189744
535057	189765
535062	189783
535070	189796
535083	189807
535090	189816
535092	189822
535089	189833
535087	189843
535092	189855
535106	189873
535114	189879
535124	189881
535144	189884
535162	189888
535172	189895
535188	189909
535212	189929
535232	189942
535245	189947
535267	189951
535296	189951
535316	189953
535332	189957
535342	189961
535346	189968
535348	189983
535343	189993
535336	190014
535336	190026
535350	190051
535370	190075
535398	190099
535416	190115
535430	190134
535449	190166
535453	190188
535453	190207
535452	190218
535449	190224
535421	190245
535403	190251
535384	190258
535377	190264
535370	190295
535370	190344
535370	190366
535376	190382
535385	190388
535396	190390
535408	190384
535429	190360
535440	190348
535457	190338
535469	190338
535478	190342
535483	190350
535484	190364
535487	190390
535498	190403
535517	190427
535519	190433
535518	190441
535516	190447
535503	190455
535478	190462
535458	190471
535445	190476
535421	190487
535410	190490
535376	190492
535355	190495
535335	190501
535329	190507
535328	190514
535327	190524
535324	190531
535320	190538
535319	190543
535322	190550
535332	190557
535350	190562
535371	190561
535384	190557
535397	190546
535405	190541
535414	190540
535431	190542
535452	190550
535478	190564
535490	190571
535498	190581
535498	190590
535497	190600
535494	190615
535496	190633
535504	190650
535516	190664
535524	190667
535541	190666
535563	190662
535581	190661
535591	190662
535598	190668
535606	190685
535621	190714
535642	190751
535658	190779
535669	190799
535675	190814
535678	190830
535683	190840
535689	190848
535697	190852
535713	190857
535726	190867
535740	190871
535748	190879
535751	190890
535757	190920
535761	190947
535765	190978
535766	190999
535773	191016
535788	191034
535819	191051
535830	191060
535845	191080
535860	191097
535873	191104
535883	191105
535901	191100
535911	191104
535923	191114
535926	191123
535926	191137
535933	191147
535954	191170
535973	191181
536025	191193
536052	191197
536066	191195
536078	191185
536084	191185
536090	191189
536110	191219
536120	191250
536131	191271
536155	191298
536171	191313
536205	191332
536245	191356
536267	191367
536282	191369
536297	191370
536308	191377
536314	191389
536320	191404
536320	191416
536315	191437
536315	191454
536319	191479
536319	191494
536307	191523
536299	191544
536299	191544
536273	191562
536250	191574
536230	191584
536230	191584
536227	191586
536211	191590
536192	191603
536186	191610
536184	191625
536185	191637
536196	191659
536199	191676
536200	191692
536196	191709
536188	191724
536182	191733
536170	191739
536162	191739
536128	191726
536105	191712
536091	191701
536085	191698
536078	191698
536059	191707
536038	191724
536022	191743
536002	191781
536000	191792
536007	191805
536018	191813
536029	191817
536048	191819
536064	191816
536083	191807
536095	191805
536104	191807
536108	191811
536109	191821
536109	191831
536094	191852
536072	191878
536042	191909
536035	191927
536031	191936
536026	191940
536022	191939
536004	191923
535987	191907
535971	191901
535954	191901
535916	191908
535892	191919
535869	191941
535853	191964
535849	191976
535848	192008
535860	192048
535876	192079
535889	192102
535892	192116
535892	192133
535887	192152
535883	192206
535878	192240
535875	192284
535878	192310
535884	192338
535899	192359
535914	192375
535926	192385
535939	192389
535974	192390
535995	192394
536021	192407
536045	192420
536052	192429
536057	192445
536059	192481
536055	192500
536046	192519
536031	192544
536014	192571
536012	192585
536016	192602
536023	192614
536031	192621
536040	192622
536066	192626
536086	192637
536099	192645
536109	192654
536110	192662
536109	192667
536102	192673
536081	192678
536055	192679
536035	192683
536025	192688
536016	192709
536016	192724
536024	192737
536034	192747
536044	192749
536054	192749
536076	192737
536093	192727
536107	192727
536120	192730
536127	192735
536139	192760
536147	192782
536157	192793
536168	192797
536176	192797
536196	192790
536203	192782
536207	192769
536208	192742
536215	192724
536223	192708
536231	192698
536262	192688
536268	192688
536275	192693
536296	192724
536306	192738
536319	192745
536362	192767
536389	192786
536403	192796
536431	192825
536448	192852
536460	192864
536475	192873
536498	192881
536502	192890
536501	192900
536498	192913
536483	192948
536470	192971
536462	192988
536459	193005
536463	193015
536472	193024
536483	193031
536499	193031
536513	193027
536529	193021
536540	193019
536555	193022
536564	193028
536570	193041
536578	193065
536586	193083
536591	193092
536607	193101
536624	193109
536649	193124
536669	193137
536675	193143
536679	193152
536681	193178
536681	193200
536682	193217
536684	193227
536689	193233
536707	193237
536717	193244
536722	193252
536730	193254
536738	193254
536751	193250
536756	193250
536762	193254
536763	193261
536756	193294
536749	193316
536746	193337
536742	193362
536736	193381
536732	193391
536723	193404
536718	193417
536717	193426
536720	193452
536720	193461
536717	193468
536708	193473
536693	193479
536676	193488
536661	193504
536649	193530
536637	193559
536630	193582
536632	193593
536640	193607
536652	193619
536663	193623
536685	193624
536736	193612
536776	193607
536803	193609
536817	193614
536828	193624
536844	193653
536861	193671
536875	193680
536886	193689
536892	193699
536890	193706
536882	193716
536855	193740
536841	193760
536835	193772
536825	193780
536806	193788
536761	193819
536735	193839
536719	193852
536707	193868
536705	193877
536706	193886
536713	193892
536721	193893
536744	193887
536752	193888
536755	193893
536754	193899
536739	193914
536728	193938
536708	193986
536696	194006
536680	194020
536671	194030
536668	194044
536671	194051
536677	194054
536700	194059
536703	194065
536700	194070
536689	194081
536656	194102
536622	194130
536606	194149
536600	194166
536598	194192
536598	194249
536598	194273
536590	194317
536591	194327
536602	194346
536628	194384
536641	194414
536658	194449
536668	194467
536670	194476
536666	194496
536663	194517
536655	194544
536652	194557
536661	194597
536661	194631
536656	194660
536646	194688
536625	194711
536601	194735
536596	194745
536600	194754
536631	194773
536652	194790
536659	194797
536661	194804
536660	194810
536630	194828
536620	194838
536616	194849
536624	194881
536630	194906
536627	194920
536624	194932
536627	194935
536632	194936
536650	194934
536660	194938
536671	194965
536677	194978
536687	194983
536704	194977
536711	194980
536720	194993
536718	195012
536714	195022
536698	195050
536697	195059
536713	195101
536739	195150
536765	195189
536789	195223
536808	195252
536808	195263
536809	195299
536806	195328
536808	195356
536816	195378
536825	195415
536830	195438
536843	195450
536851	195455
536854	195464
536848	195485
536842	195498
536843	195503
536851	195506
536871	195507
536875	195511
536875	195518
536860	195526
536851	195536
536849	195546
536854	195553
536872	195563
536876	195569
536880	195601
536879	195614
536871	195648
536873	195657
536897	195698
536914	195723
536933	195744
536946	195773
536959	195829
536969	195873
536975	195907
536983	195940
536977	195959
536973	195977
536971	195989
536962	196002
536959	196011
536960	196023
536966	196027
536975	196026
537019	196004
537079	195977
537137	195950
537144	195950
537154	195963
537187	196005
537192	196010
537196	196010
537217	195999
537224	196003
537227	196008
537242	196042
537249	196044
537257	196041
537297	196030
537337	196011
537359	196002
537364	196002
537372	196009
537379	196033
537378	196048
537371	196077
537350	196132
537347	196158
537341	196192
537338	196211
537341	196222
537353	196235
537371	196243
537388	196243
537392	196247
537392	196253
537394	196259
537404	196261
537429	196264
537460	196275
537491	196281
537505	196293
537512	196303
537513	196310
537508	196316
537478	196344
537473	196367
537481	196384
537495	196392
537516	196399
537532	196399
537594	196361
537604	196362
537612	196373
537616	196388
537615	196420
537603	196452
537593	196476
537581	196492
537571	196507
537569	196519
537570	196535
537574	196540
537598	196554
537607	196560
537607	196573
537602	196643
537598	196707
537596	196723
537593	196733
537585	196745
537572	196752
537553	196755
537533	196757
537524	196762
537519	196775
537516	196800
537516	196813
537520	196824
537537	196855
537546	196872
537545	196881
537540	196888
537526	196900
537514	196905
537468	196912
537460	196918
537454	196933
537454	196948
537459	196961
537471	196972
537498	196986
537527	196997
537539	197005
537541	197011
537541	197016
537505	197031
537489	197042
537481	197054
537481	197077
537494	197120
537498	197154
537506	197169
537529	197190
537545	197205
537554	197216
537555	197223
537555	197235
537543	197256
537543	197268
537556	197294
537561	197309
537574	197342
537584	197369
537593	197388
537608	197407
537623	197422
537630	197433
537630	197445
537628	197456
537616	197476
537591	197504
537586	197518
537586	197551
537578	197569
537572	197578
537560	197584
537550	197585
537541	197585
537521	197583
537505	197576
537486	197549
537472	197535
537463	197532
537454	197533
537441	197544
537428	197566
537427	197586
537427	197607
537442	197626
537456	197648
537473	197680
537484	197702
537485	197713
537482	197718
537454	197727
537432	197735
537414	197742
537403	197751
537399	197760
537398	197772
537405	197794
537414	197800
537438	197807
537455	197807
537462	197810
537472	197818
537475	197833
537469	197836
537456	197835
537436	197823
537425	197816
537407	197815
537390	197820
537375	197830
537369	197847
537369	197864
537376	197876
537386	197882
537412	197888
537422	197888
537446	197881
537450	197881
537453	197885
537457	197897
537454	197929
537452	197943
537445	197974
537434	197990
537420	198005
537397	198020
537391	198025
537375	198043
537362	198057
537353	198071
537341	198107
537327	198126
537307	198144
537278	198176
537255	198192
537239	198198
537230	198205
537221	198219
537212	198239
537207	198262
537201	198297
537201	198316
537204	198334
537214	198352
537229	198376
537252	198392
537269	198403
537275	198410
537276	198419
537274	198427
537267	198438
537238	198472
537225	198495
537209	198518
537198	198534
537189	198547
537175	198574
537168	198599
537170	198611
537175	198619
537191	198627
537206	198628
537249	198619
537264	198620
537282	198628
537291	198638
537295	198650
537297	198664
537295	198675
537286	198688
537267	198702
537243	198724
537227	198742
537218	198760
537216	198778
537224	198802
537235	198811
537253	198823
537262	198833
537276	198861
537288	198903
537298	198938
537305	198952
537324	198970
537336	198978
537366	198992
537383	198993
537408	198993
537417	198997
537424	199006
537435	199035
537441	199077
537449	199114
537465	199138
537496	199177
537529	199207
537548	199221
537566	199228
537577	199229
537593	199223
537612	199213
537637	199209
537637	199209
537638	199231
537642	199257
537647	199288
537653	199330
537655	199338
537659	199365
537665	199388
537666	199414
537666	199417
537666	199417
537658	199424
537645	199430
537634	199433
537602	199434
537588	199437
537580	199443
537567	199478
537567	199490
537572	199499
537578	199504
537590	199511
537610	199521
537618	199528
537627	199562
537628	199569
537625	199581
537619	199592
537611	199596
537593	199605
537564	199612
537531	199632
537524	199641
537524	199652
537526	199670
537532	199683
537548	199695
537574	199713
537599	199738
537610	199745
537639	199750
537662	199755
537673	199763
537676	199769
537677	199775
537670	199792
537666	199798
537652	199809
537629	199827
537604	199859
537584	199895
537584	199895
537583	199925
537578	200005
537575	200018
537547	200043
537540	200066
537540	200081
537525	200089
537517	200092
537514	200091
537506	200070
537497	200067
537462	200067
537416	200066
537411	200094
537398	200096
537382	200100
537367	200104
537348	200103
537345	200105
537346	200116
537350	200126
537351	200137
537353	200147
537359	200155
537360	200161
537353	200185
537350	200196
537351	200200
537353	200208
537355	200217
537358	200228
537360	200241
537357	200256
537358	200262
537360	200266
537368	200272
537370	200278
537368	200287
537366	200301
537366	200309
537365	200320
537363	200331
537366	200339
537373	200348
537375	200356
537375	200360
537376	200374
537405	200383
537404	200405
537393	200470
537390	200473
537354	200478
537354	200478
537368	200491
537390	200499
537501	200526
537600	200552
537634	200559
537662	200562
537686	200565
537706	200568
537767	200581
537875	200603
537969	200624
538022	200634
538038	200634
538052	200631
538063	200628
538069	200624
538071	200617
538071	200610
538073	200605
538078	200603
538092	200601
538130	200592
538155	200585
538166	200580
538174	200573
538179	200569
538186	200567
538213	200568
538243	200567
538350	200561
538396	200560
538437	200561
538441	200559
538446	200543
538446	200543
538456	200502
538457	200490
538457	200490
538536	200508
538579	200517
538640	200533
538688	200546
538746	200561
538792	200574
538826	200586
538916	200613
538943	200621
538955	200626
538967	200633
538977	200639
538984	200638
538993	200633
539054	200567
539074	200548
539107	200528
539134	200513
539258	200448
539286	200433
539350	200390
539459	200326
539547	200277
539630	200227
539761	200154
539761	200154
539855	200106
539972	200054
540072	200007
540222	199928
540301	199887
540373	199851
540445	199821
540502	199792
540552	199768
540600	199754
540660	199751
540708	199753
540786	199754
540862	199745
540900	199738
540946	199727
540992	199710
541074	199702
541183	199708
541254	199714
541448	199729
541524	199734
541566	199735
541597	199732
541619	199728
541638	199718
541742	199637
541818	199565
541900	199491
541915	199482
541949	199474
541986	199468
542056	199456
542124	199433
542175	199413
542202	199407
542238	199409
542345	199421
542407	199426
542456	199425
542521	199416
542597	199406
542668	199397
542713	199400
542725	199404
542748	199430
542805	199504
542866	199572
542913	199623
542955	199666
543010	199716
543087	199773
543167	199833
543191	199855
543311	199973
543345	200007
543358	200023
543406	200098
543459	200174
543484	200203
543548	200263
543634	200341
543682	200384
543753	200449
543846	200514
543949	200593
544006	200634
544085	200681
544220	200761
544317	200827
544431	200911
544538	200993
544652	201085
544747	201161
544941	201281
544941	201281
545000	201320
545107	201383
545186	201430
545255	201470
545301	201501
545360	201540
545426	201585
545447	201601
545493	201646
545527	201679
545561	201709
545650	201778
545729	201835
545817	201901
545840	201916
545861	201934
545872	201943
545877	201948
545901	201974
545951	202041
545970	202069
546001	202128
546016	202152
546036	202179
546057	202205
546104	202267
546151	202322
546162	202332
546197	202366
546289	202453
546325	202496
546334	202509
546343	202522
546380	202582
546380	202582
546423	202665
546477	202765
546510	202823
546527	202844
546527	202844
546586	202877
546729	202939
546836	202994
546962	203055
547027	203086
547028	203081
547028	203081
547079	203100
547225	203170
547311	203218
547459	203319
547517	203352
547585	203388
547750	203462
547799	203484
547879	203534
547969	203601
548050	203661
548086	203686
548120	203702
548162	203714
548254	203736
548318	203748
548389	203757
548453	203767
548540	203772
548604	203766
548702	203761
548758	203763
548843	203768
548981	203779
549021	203777
549071	203766
549116	203755
549186	203744
549235	203735
549273	203737
549312	203743
549388	203761
549469	203781
549507	203798
549537	203827
549613	203888
549694	203969
549729	204009
549752	204046
549769	204092
549787	204143
549825	204193
549836	204206
549842	204223
549864	204282
549875	204300
549892	204311
549940	204333
549992	204355
549992	204355
550066	204390
550153	204431
550242	204468
550283	204486
550365	204509
550407	204523
550434	204538
550462	204561
550520	204648
550543	204682
550598	204764
550624	204816
550641	204856
550676	204929
550697	204962
550723	204995
550723	204995
550752	205033
550768	205050
550785	205058
550802	205060
550912	205066
551023	205075
551136	205083
551247	205090
551282	205088
551316	205083
551341	205084
551395	205091
551451	205098
551535	205110
551589	205121
551616	205129
551649	205145
551707	205188
551757	205217
551779	205226
551804	205230
551864	205235
551934	205241
552048	205249
552075	205246
552104	205240
552185	205206
552383	205113
552454	205068
552532	205025
552648	204972
552675	204954
552729	204908
552777	204878
552813	204863
552881	204840
552960	204813
552989	204806
553023	204800
553125	204791
553234	204791
553339	204793
553414	204790
553447	204786
553468	204780
553490	204767
553525	204743
553567	204718
553608	204692
553636	204658
553671	204605
553690	204584
553729	204554
553824	204502
553863	204475
553884	204456
553919	204420
553943	204386
553953	204360
553963	204316
553966	204281
553975	204228
553982	204205
553993	204184
554005	204166
554029	204144
554062	204124
554107	204102
554158	204083
554226	204047
554276	204012
554297	203996
554311	203991
554341	203983
554366	203979
554404	203979
554443	203979
554443	203979
554468	203981
554494	203979
554505	203975
554582	203948
554603	203943
554650	203942
554688	203947
554701	203948
554714	203948
554755	203949
554755	203949
554844	203947
554958	203945
555028	203944
555043	203943
555043	203943
555046	203942
555050	203940
555064	203938
555157	203927
555157	203927
555178	203930
555217	203932
555298	203938
555400	203937
555435	203938
555454	203946
555499	203969
555553	203990
555581	203994
555629	203996
555655	204002
555690	204012
555690	204012
555711	204017
555732	204029
555763	204054
555781	204065
555789	204069
555798	204073
555808	204076
555817	204078
555835	204081
555851	204081
555869	204077
555901	204069
555962	204054
555988	204053
556015	204053
556025	204053
556035	204053
556045	204051
556054	204050
556062	204047
556070	204044
556084	204036
556084	204036
556117	204017
556218	203978
556317	203944
556393	203920
556401	203916
556410	203904
556414	203887
556423	203839
556434	203793
556446	203755
556453	203733
556459	203723
556466	203718
556486	203717
556551	203736
556643	203763
556693	203776
556713	203777
556763	203778
556792	203775
556830	203765
556912	203731
556957	203700
556996	203680
557015	203673
557037	203665
557061	203661
557087	203661
557120	203660
557158	203668
557237	203701
557314	203734
557331	203744
557340	203749
557354	203749
557380	203743
557460	203710
557509	203693
557534	203692
557567	203693
557614	203696
557665	203697
557701	203694
557755	203698
557782	203699
557824	203697
557864	203695
557894	203693
557938	203683
557964	203683
557999	203681
558023	203679
558064	203679
558095	203681
558136	203686
558159	203689
558188	203690
558229	203692
558287	203694
558334	203695
558371	203695
558396	203694
558424	203691
558465	203684
558498	203679
558523	203679
558548	203684
558561	203683
558606	203673
558672	203656
558707	203648
558741	203644
558768	203642
558811	203639
558864	203639
558918	203640
558979	203643
559031	203644
559075	203650
559111	203656
559160	203670
559217	203696
559217	203696
559280	203727
559308	203739
559375	203755
559449	203773
559531	203802
559601	203827
559657	203846
559699	203853
559753	203860
559797	203868
559825	203876
559900	203927
559971	203975
560001	203995
560024	204014
560050	204030
560066	204052
560085	204085
560109	204109
560153	204144
560200	204186
560269	204249
560305	204277
560347	204291
560386	204299
560431	204301
560488	204297
560507	204293
560544	204281
560582	204268
560582	204268
560598	204265
560632	204270
560645	204273
560673	204281
560687	204288
560706	204300
560728	204314
560740	204322
560753	204331
560773	204347
560794	204360
560804	204367
560838	204392
560845	204397
560852	204401
560866	204407
560894	204418
560911	204426
560945	204443
560964	204454
560984	204474
560995	204484
561011	204499
561044	204528
561056	204535
561072	204541
561092	204547
561110	204548
561122	204551
561161	204560
561173	204562
561212	204567
561240	204572
561268	204580
561287	204590
561328	204608
561328	204608
561351	204620
561383	204634
561423	204655
561452	204667
561501	204685
561558	204704
561592	204716
561639	204726
561689	204736
561747	204746
561838	204764
561897	204774
561897	204774
561941	204781
561950	204786
561954	204795
561957	204816
561964	204836
561977	204847
562010	204858
562037	204862
562076	204871
562108	204875
562133	204876
562133	204876
562181	204870
562224	204864
562259	204855
562304	204838
562353	204811
562407	204777
562437	204761
562445	204759
562465	204757
562505	204763
562561	204775
562607	204786
562639	204795
562686	204813
562703	204822
562716	204825
562759	204838
562793	204848
562840	204860
562883	204868
562926	204879
562926	204879
562950	204885
562976	204894
563027	204911
563074	204930
563120	204949
563156	204964
563200	204981
563227	204994
563245	204997
563245	204997
563266	204996
563319	204984
563372	204971
563412	204952
563441	204933
563451	204933
563460	204937
563488	204958
563532	204992
563549	205002
563573	205006
563585	205005
563629	204995
563667	204992
563703	204995
563733	204997
563765	205006
563791	205020
563813	205038
563832	205049
563852	205061
563862	205074
563862	205074
563871	205099
563890	205151
563899	205171
563935	205216
563960	205248
563986	205268
564022	205286
564202	205332
564315	205358
564380	205375
564426	205392
564460	205419
564488	205461
564495	205476
564495	205476
564512	205505
564520	205519
564527	205534
564541	205563
564557	205593
564568	205604
564578	205610
564589	205615
564604	205617
564604	205617
564638	205622
564668	205622
564702	205623
564733	205629
564750	205634
564797	205642
564835	205645
564884	205645
564914	205648
564949	205649
564949	205649
564987	205657
565025	205663
565093	205665
565148	205663
565200	205665
565238	205670
565259	205674
565259	205674
565278	205684
565296	205696
565338	205738
565381	205787
565406	205819
565435	205853
565444	205858
565453	205857
565472	205852
565510	205832
565521	205832
565521	205832
565531	205837
565544	205849
565568	205868
565596	205889
565596	205889
565642	205925
565674	205948
565707	205967
565741	205981
565789	205996
565827	206001
565868	206003
565904	206003
565938	205999
565974	205988
566021	205968
566060	205948
566094	205933
566115	205927
566142	205924
566173	205924
566243	205931
566300	205939
566377	205959
566449	205988
566480	206006
566530	206038
566568	206065
566623	206091
566765	206164
566848	206207
566902	206231
566946	206253
566971	206263
567011	206272
567062	206279
567147	206295
567265	206323
567318	206336
567347	206343
567364	206350
567377	206359
567397	206376
567423	206398
567438	206409
567466	206415
567489	206420
567507	206427
567527	206435
567562	206443
567581	206445
567595	206443
567605	206440
567616	206431
567633	206397
567642	206387
567656	206377
567708	206355
567805	206315
567844	206297
567885	206282
567903	206276
567922	206273
567952	206269
567993	206268
568034	206263
568081	206253
568139	206235
568170	206220
568191	206204
568216	206181
568245	206148
568261	206133
568288	206122
568318	206116
568350	206113
568394	206115
568441	206122
568491	206132
568522	206142
568549	206150
568574	206160
568587	206161
568606	206162
568655	206154
568679	206145
568718	206125
568757	206099
568795	206075
568822	206062
568833	206058
568833	206058
568870	206051
568920	206043
568974	206038
569017	206028
569123	206005
569205	205984
569258	205972
569368	205951
569422	205936
569455	205932
569494	205924
569544	205912
569568	205906
569591	205904
569613	205908
569637	205919
569662	205927
569680	205927
569710	205925
569783	205911
569887	205888
569993	205865
569993	205865
570038	205850
570094	205837
570151	205818
570225	205788
570262	205772
570277	205768
570295	205770
570334	205800
570379	205842
570432	205896
570466	205939
570489	205970
570552	206054
570560	206063
570560	206063
570612	206119
570612	206119
570659	206174
570717	206234
570759	206280
570859	206384
570892	206416
570907	206428
570934	206463
570967	206499
570985	206525
570993	206540
570993	206540
570994	206545
570997	206559
570998	206571
570994	206601
570994	206601
570994	206607
570995	206628
570997	206630
571019	206638
571095	206663
571095	206663
571106	206650
571118	206636
571144	206619
571159	206605
571177	206586
571188	206563
571193	206551
571199	206542
571212	206531
571215	206525
571217	206516
571214	206506
571212	206498
571217	206493
571228	206488
571252	206487
571267	206487
571280	206490
571291	206490
571297	206488
571305	206475
571305	206465
571305	206446
571311	206431
571334	206400
571341	206376
571341	206376
571357	206370
571373	206360
571392	206348
571411	206332
571473	206287
571517	206249
571536	206237
571548	206231
571567	206222
571589	206215
571597	206214
571620	206212
571648	206212
571659	206213
571726	206222
571757	206228
571779	206233
571808	206238
571829	206240
571840	206241
571860	206240
571881	206237
571889	206235
571896	206233
571903	206230
571928	206218
571928	206218
571941	206211
571947	206209
571964	206204
571976	206201
571989	206198
572029	206193
572043	206193
572057	206196
572063	206199
572074	206207
572079	206211
572091	206223
572107	206235
572116	206239
572125	206241
572130	206240
572138	206236
572146	206231
572154	206224
572166	206212
572176	206205
572186	206204
572195	206206
572195	206206
572208	206215
572215	206223
572223	206230
572236	206237
572242	206239
572248	206240
572258	206241
572269	206246
572275	206249
572280	206253
572290	206262
572296	206269
572304	206280
572309	206284
572314	206288
572326	206293
572332	206294
572342	206294
572347	206294
572361	206289
572392	206277
572405	206277
572421	206279
572432	206285
572437	206297
572439	206306
572438	206335
572439	206344
572444	206358
572449	206366
572462	206373
572484	206382
572526	206397
572549	206400
572559	206406
572568	206416
572569	206428
572569	206438
572571	206451
572574	206464
572579	206477
572582	206482
572588	206492
572593	206497
572598	206503
572604	206508
572608	206511
572617	206516
572622	206518
572638	206518
572687	206514
572716	206507
572728	206504
572740	206502
572765	206499
572789	206497
572808	206497
572825	206498
572833	206500
572862	206506
572874	206509
572899	206508
572948	206494
572966	206487
572983	206477
572991	206471
573008	206459
573016	206452
573037	206433
573056	206417
573079	206389
573093	206378
573104	206374
573115	206374
573126	206377
573165	206399
573181	206405
573217	206415
573237	206417
573257	206414
573287	206405
573320	206398
573373	206381
573400	206370
573423	206361
573437	206354
573450	206343
573460	206332
573490	206289
573500	206279
573512	206275
573527	206271
573550	206265
573550	206265
573579	206247
573606	206226
573631	206206
573646	206196
573673	206183
573719	206161
573751	206144
573789	206121
573837	206095
573871	206081
573899	206070
573896	206059
573901	206056
573907	206054
573910	206061
573926	206054
573937	206054
573953	206051
573965	206048
573983	206035
573983	206035
573984	206035
573984	206035
574021	206036
574027	206038
574034	206047
574045	206057
574059	206066
574077	206080
574097	206094
574112	206105
574119	206122
574120	206133
574120	206140
574113	206168
574112	206180
574115	206189
574124	206205
574143	206231
574147	206238
574150	206251
574150	206263
574139	206298
574140	206303
574146	206319
574161	206348
574165	206361
574166	206375
574164	206384
574159	206391
574136	206406
574130	206411
574125	206417
574123	206419
574122	206427
574122	206431
574123	206439
574124	206442
574128	206451
574144	206469
574149	206474
574154	206478
574162	206484
574170	206489
574189	206500
574218	206518
574272	206548
574317	206576
574368	206621
574385	206640
574400	206661
574411	206679
574414	206688
574421	206706
574423	206716
574432	206765
574444	206849
574444	206849
574446	206867
574449	206897
574448	206928
574444	206961
574433	206994
574416	207035
574411	207044
574395	207073
574380	207104
574377	207114
574373	207133
574372	207150
574372	207226
574372	207239
574373	207252
574376	207278
574379	207306
574380	207340
574386	207382
574385	207425
574384	207433
574381	207446
574367	207468
574364	207473
574357	207481
574345	207493
574327	207507
574320	207512
574305	207526
574268	207554
574256	207561
574250	207565
574245	207569
574236	207577
574217	207598
574208	207612
574197	207625
574188	207640
574182	207655
574180	207662
574178	207676
574177	207692
574177	207711
574180	207742
574189	207791
574190	207818
574194	207846
574209	207895
574227	207940
574237	207950
574242	207954
574247	207957
574262	207962
574297	207966
574334	207980
574359	207989
574419	208004
574482	208021
574513	208027
574544	208036
574574	208043
574590	208046
574643	208053
574715	208065
574744	208070
574776	208072
574812	208077
574846	208079
574875	208083
574916	208095
574936	208101
574936	208101
574945	208108
574973	208125
574990	208139
574999	208145
574999	208145
575000	208146
575042	208171
575068	208183
575068	208183
575101	208204
575125	208220
575134	208233
575152	208291
575172	208351
575187	208387
575199	208407
575219	208441
575227	208461
575247	208522
575261	208568
575275	208592
575288	208597
575305	208597
575325	208585
575340	208576
575381	208568
575406	208559
575440	208540
575468	208519
575468	208519
575478	208515
575497	208501
575512	208489
575524	208475
575532	208464
575539	208456
575549	208446
575591	208414
575617	208390
575628	208383
575639	208378
575654	208372
575738	208344
575742	208340
575747	208332
575750	208324
575753	208307
575795	208317
575811	208319
575820	208319
575834	208318
575860	208309
575871	208308
575878	208308
575889	208310
575918	208325
575924	208329
575946	208346
575963	208357
575975	208363
575959	208386
575959	208390
575959	208396
575960	208401
575964	208409
576011	208451
576059	208509
576105	208548
576127	208564
576134	208572
576138	208575
576146	208580
576154	208582
576159	208583
576207	208583
576233	208582
576243	208581
576243	208581
576267	208580
576288	208577
576314	208573
576338	208569
576338	208569
576357	208566
576389	208557
576410	208551
576421	208549
576472	208542
576507	208539
576536	208538
576545	208540
576561	208545
576569	208547
576617	208568
576633	208572
576661	208577
576691	208586
576711	208595
576725	208602
576734	208608
576765	208630
576803	208655
576858	208682
576865	208684
576873	208686
576877	208687
576903	208686
576911	208686
576925	208688
576946	208687
576959	208687
576967	208686
576982	208684
577063	208674
577082	208669
577094	208665
577118	208658
577124	208659
577129	208659
577133	208658
577137	208656
577143	208653
577158	208638
577161	208636
577168	208633
577175	208630
577187	208628
577202	208628
577212	208630
577226	208633
577235	208636
577237	208637
577288	208665
577329	208683
577342	208686
577346	208688
577353	208693
577358	208698
577366	208706
577387	208742
577389	208745
577394	208748
577446	208770
577451	208772
577457	208777
577462	208782
577466	208786
577521	208868
577524	208874
577526	208882
577527	208890
577526	208912
577528	208920
577529	208924
577531	208929
577534	208933
577540	208939
577552	208950
577558	208956
577564	208963
577570	208973
577574	208983
577585	209001
577592	209010
577598	209016
577610	209026
577636	209041
577636	209041
577656	209047
577661	209046
577665	209044
577679	209033
577687	209028
577690	209026
577698	209028
577708	209031
577714	209034
577725	209040
577764	209062
577776	209071
577782	209075
577793	209080
577834	209103
577854	209113
577887	209125
577923	209137
577935	209141
577952	209145
578004	209155
578014	209156
578031	209157
578048	209158
578072	209157
578088	209156
578108	209154
578124	209152
578189	209139
578215	209132
578257	209117
578276	209108
578282	209105
578290	209100
578300	209091
578430	209007
578459	208990
578473	208986
578479	208986
578491	208986
578497	208988
578507	208991
578515	208995
578523	209000
578530	209004
578539	209011
578582	209051
578607	209077
578615	209084
578619	209089
578623	209095
578689	209178
578711	209203
578776	209270
578787	209280
578798	209290
578809	209298
578826	209309
578834	209317
578834	209317
578853	209327
578895	209342
578934	209350
578985	209357
579022	209359
579056	209357
579106	209351
579137	209342
579181	209323
579213	209313
579221	209309
579221	209309
579284	209246
579299	209231
579309	209220
579312	209216
579345	209166
579361	209145
579382	209124
579419	209080
579441	209068
579461	209055
579469	209049
579485	209036
579476	209026
579484	209001
579485	208991
579484	208972
579478	208941
579478	208941
579483	208920
579486	208916
579503	208892
579544	208843
579582	208806
579621	208772
579631	208766
579636	208762
579642	208755
579691	208716
579696	208710
579700	208705
579704	208698
579716	208667
579722	208651
579731	208643
579736	208639
579747	208634
579766	208628
579787	208625
579805	208624
579823	208626
579827	208627
579834	208630
579840	208634
579884	208666
579898	208675
579919	208691
579930	208697
579943	208702
579951	208707
579999	208745
579999	208745
580000	208745
580010	208748
580022	208752
580030	208754
580040	208756
580050	208756
580061	208756
580076	208755
580090	208754
580102	208750
580124	208741
580147	208730
580194	208701
580240	208656
580280	208608
580319	208556
580335	208533
580342	208521
580361	208513
580371	208507
580374	208504
580378	208500
580382	208494
580385	208489
580388	208479
580393	208471
580398	208464
580414	208448
580421	208440
580426	208431
580431	208422
580435	208410
580437	208404
580448	208330
580453	208252
580460	208211
580467	208192
580472	208181
580479	208171
580486	208161
580492	208153
580503	208142
580518	208130
580533	208121
580548	208112
580563	208105
580576	208099
580589	208096
580598	208094
580616	208092
580627	208091
580642	208093
580683	208101
580698	208105
580710	208109
580718	208113
580735	208123
580746	208131
580772	208145
580807	208170
580820	208181
580835	208199
580839	208204
580840	208209
580842	208216
580840	208257
580840	208263
580841	208269
580843	208274
580845	208279
580848	208283
580852	208289
580857	208293
580867	208299
580881	208309
580890	208319
580896	208327
580911	208346
580954	208413
580999	208477
581005	208490
581008	208496
581009	208502
581011	208516
581010	208524
581010	208536
581013	208545
581020	208556
581026	208563
581035	208572
581043	208580
581050	208585
581057	208590
581064	208594
581071	208598
581079	208600
581088	208602
581096	208604
581113	208604
581171	208613
581198	208615
581226	208617
581240	208615
581250	208612
581257	208609
581264	208605
581273	208598
581286	208581
581312	208543
581319	208533
581333	208518
581339	208511
581345	208507
581350	208504
581357	208501
581366	208498
581376	208497
581381	208496
581407	208497
581424	208500
581431	208502
581451	208510
581471	208516
581511	208537
581581	208571
581671	208611
581732	208641
581753	208649
581769	208653
581777	208654
581786	208654
581794	208653
581802	208652
581809	208650
581824	208645
581831	208643
581836	208643
581844	208643
581851	208644
581859	208646
581876	208652
581891	208661
581904	208668
581916	208674
581931	208679
581965	208688
582032	208699
582051	208700
582071	208699
582095	208696
582113	208692
582183	208673
582183	208673
582258	208647
582294	208630
582300	208625
582302	208622
582305	208617
582307	208611
582308	208607
582309	208595
582308	208581
582299	208549
582293	208531
582295	208517
582298	208512
582302	208509
582305	208507
582308	208507
582314	208507
582333	208506
582349	208499
582358	208494
582377	208482
582383	208479
582391	208477
582397	208475
582403	208475
582411	208476
582439	208480
582462	208484
582481	208479
582493	208476
582514	208475
582529	208475
582611	208474
582620	208476
582624	208477
582632	208483
582636	208487
582639	208492
582641	208495
582642	208499
582643	208503
582643	208505
582635	208526
582630	208532
582627	208537
582625	208541
582624	208547
582623	208553
582624	208559
582626	208565
582629	208570
582632	208573
582645	208584
582674	208608
582691	208631
582695	208643
582697	208648
582700	208653
582705	208659
582710	208664
582714	208667
582728	208673
582734	208675
582742	208677
582751	208678
582841	208677
582845	208676
582857	208674
582873	208671
582888	208666
582899	208662
582926	208649
582944	208638
583012	208595
583020	208590
583030	208587
583037	208585
583050	208583
583060	208580
583069	208576
583086	208567
583086	208567
583128	208576
583197	208581
583227	208583
583262	208587
583300	208594
583365	208603
583404	208605
583434	208601
583441	208598
583441	208598
583456	208595
583467	208589
583477	208583
583494	208566
583471	208549
583515	208479
583523	208470
583529	208465
583534	208461
583539	208459
583544	208457
583549	208456
583555	208456
583560	208457
583571	208460
583575	208460
583580	208460
583584	208459
583588	208458
583592	208457
583601	208451
583627	208426
583703	208368
583728	208345
583728	208345
583767	208305
583790	208281
583813	208264
583840	208252
583864	208245
583875	208244
583883	208242
583893	208234
583920	208207
583942	208177
583954	208163
583969	208156
583981	208151
583981	208151
583994	208134
584003	208111
584011	208087
584011	208070
584009	208060
584004	208027
584009	208017
584010	208014
584010	208007
584010	208002
584008	207981
584003	207942
584002	207927
583999	207912
584006	207890
584011	207865
584015	207858
584019	207851
584024	207844
584036	207829
584042	207824
584048	207819
584054	207817
584078	207808
584090	207803
584126	207785
584161	207761
584169	207750
584176	207744
584187	207739
584197	207735
584253	207696
584286	207675
584319	207658
584344	207642
584353	207637
584393	207622
584393	207622
584419	207622
584451	207615
584479	207605
584504	207596
584529	207584
584550	207573
584591	207550
584623	207532
584651	207520
584687	207505
584727	207497
584768	207488
584817	207475
584848	207462
584875	207444
584893	207428
584913	207397
584941	207370
584967	207356
584996	207349
585019	207349
585046	207354
585077	207353
585108	207346
585135	207336
585163	207331
585192	207327
585220	207315
585263	207295
585342	207258
585400	207232
585434	207223
585494	207211
585571	207186
585571	207186
585637	207154
585659	207139
585673	207128
585687	207116
585695	207109
585707	207097
585716	207086
585724	207073
585739	207044
585739	207044
585764	206985
585780	206904
585780	206904
585782	206893
585793	206799
585797	206782
585801	206766
585805	206754
585808	206746
585813	206735
585821	206722
585829	206710
585841	206695
585887	206650
585934	206619
585950	206608
585966	206598
585983	206589
585991	206585
586010	206579
586036	206572
586048	206570
586065	206569
586076	206569
586143	206574
586179	206584
586223	206598
586258	206611
586296	206626
586400	206648
586418	206653
586431	206656
586455	206660
586467	206661
586488	206662
586514	206660
586525	206658
586559	206651
586587	206644
586591	206643
586601	206638
586615	206630
586626	206623
586635	206617
586640	206612
586680	206572
586733	206513
586742	206499
586746	206489
586751	206477
586754	206468
586759	206445
586770	206403
586782	206341
586802	206274
586810	206253
586814	206244
586824	206228
586833	206216
586841	206207
586847	206201
586855	206195
586870	206184
586902	206165
586939	206155
586985	206146
587000	206145
587009	206145
587025	206147
587042	206152
587052	206155
587060	206159
587071	206166
587110	206202
587120	206210
587129	206219
587138	206229
587145	206238
587148	206243
587163	206273
587186	206317
587213	206378
587227	206405
587240	206430
587263	206467
587277	206487
587285	206501
587293	206515
587301	206532
587309	206550
587314	206564
587324	206597
587329	206610
587339	206633
587349	206653
587360	206669
587384	206727
587423	206791
587474	206858
587533	206931
587638	207058
587704	207154
587749	207214
587828	207306
587843	207325
587853	207337
587862	207345
587870	207352
587888	207364
587902	207371
587910	207375
587922	207378
587954	207386
587967	207388
587979	207389
587995	207389
588003	207388
588020	207385
588046	207376
588061	207370
588082	207360
588092	207354
588103	207347
588126	207330
588138	207320
588154	207304
588214	207239
588237	207212
588340	207106
588359	207095
588370	207087
588392	207070
588403	207061
588415	207050
588427	207037
588453	207008
588464	206999
588471	206995
588478	206991
588485	206989
588493	206986
588502	206985
588510	206984
588522	206984
588535	206980
588541	206977
588547	206974
588555	206968
588594	206930
588672	206855
588814	206708
588886	206636
588924	206606
588997	206549
589077	206479
589223	206361
589353	206252
589406	206201
589491	206128
589564	206074
589683	206003
589702	205997
589738	205985
589776	205975
589814	205966
589841	205960
589882	205954
589922	205949
589999	205946
589999	205946
589999	205946
590016	205941
590039	205934
590083	205914
590101	205903
590110	205898
590129	205889
590215	205840
590229	205830
590237	205825
590248	205819
590260	205814
590339	205773
590349	205770
590357	205768
590364	205764
590378	205756
590385	205750
590588	205636
590758	205540
590858	205489
590869	205484
590898	205471
590946	205453
591106	205409
591136	205398
591166	205389
591186	205384
591207	205379
591240	205373
591308	205365
591327	205362
591338	205360
591354	205359
591380	205360
591405	205359
591423	205362
591476	205369
591580	205387
591605	205390
591620	205393
591636	205396
591652	205400
591666	205405
591715	205422
591834	205462
591927	205494
591946	205500
591957	205505
591967	205511
591984	205521
592039	205548
592180	205607
592238	205630
592343	205675
592415	205704
592432	205714
592444	205722
592462	205735
592496	205758
592507	205764
592518	205769
592527	205774
592553	205790
592581	205812
592600	205829
592613	205842
592627	205858
592643	205875
592648	205882
592648	205882
592853	206004
593044	206120
593426	206271
593594	206319
593672	206353
593806	206416
593806	206416
593859	206423
593988	206445
594125	206480
594198	206511
594242	206529
594328	206558
594376	206565
594502	206587
594652	206616
594714	206622
594791	206622
594881	206621
595081	206628
595144	206631
595279	206637
595376	206654
595376	206654
595387	206655
595487	206676
595524	206685
595560	206696
595577	206701
595605	206714
595619	206719
595729	206751
595739	206756
595752	206759
595765	206762
595808	206767
595915	206780
595958	206790
595994	206800
596024	206812
596070	206829
596087	206835
596104	206842
596120	206849
596138	206858
596221	206907
596246	206918
596281	206934
596305	206947
596322	206956
596357	206975
596407	207007
596526	207072
596582	207106
596608	207123
596777	207238
596777	207238
596849	207285
596925	207330
597041	207403
597070	207423
597111	207449
597134	207467
597154	207484
597202	207524
597371	207658
597394	207675
597405	207684
597431	207708
597471	207745
597491	207762
597522	207788
597613	207883
597623	207896
597634	207908
597676	207945
597715	207981
597795	208047
597803	208054
597803	208054
597857	208104
597876	208122
597919	208170
597967	208218
597985	208237
598019	208276
598191	208453
598320	208583
598500	208750
598500	208750
598583	208801
598639	208837
598688	208871
598712	208888
598778	208961
598825	209016
598891	209095
598915	209132
598962	209194
598984	209226
599018	209263
599039	209280
599070	209299
599108	209321
599130	209336
599165	209356
599203	209377
599268	209416
599337	209457
599369	209478
599415	209507
599461	209538
599497	209559
599556	209597
599649	209656
599649	209656
599795	209753
599887	209818
599928	209847
600004	209895
600125	209966
600190	210002
600282	210055
600341	210082
600402	210116
600475	210154
600542	210190
600620	210227
600671	210253
600725	210275
600865	210338
600974	210386
601106	210441
601129	210449
601175	210464
601209	210482
601226	210499
601255	210510
601365	210548
601454	210579
601534	210607
601599	210627
601659	210647
601716	210663
601731	210668
601819	210694
601893	210714
601938	210726
601983	210736
602042	210751
602092	210764
602178	210783
602259	210800
602341	210817
602450	210834
602499	210842
602593	210852
602719	210863
602777	210867
602858	210873
602967	210875
603044	210879
603223	210883
603327	210886
603500	210891
603595	210894
603595	210894
603704	210867
603871	210809
604119	210730
604431	210650
604582	210615
604743	210569
604898	210550
605055	210552
605355	210577
605701	210609
605886	210616
606019	210605
606346	210554
606835	210418
607117	210329
607419	210195
607588	210070
607854	209806
608023	209634
608338	209385
608506	209239
608661	209143
608868	209037
609087	208946
609374	208856
609663	208795
609971	208746
610219	208729
610510	208727
610911	208735
611803	208712
613331	208704
614098	208689
615482	208670
616990	208644
617826	208629
618801	208618
619072	208607
619072	208607
618539	208294
617922	208018
617679	207917
617022	207660
615787	207335
614381	207134
613935	207088
613696	207073
613304	206970
612612	206855
612568	206835
611731	206611
611752	206565
611915	206039
612056	205485
612317	205510
612504	205513
612611	205515
613576	205430
614513	205179
615187	204882
615569	204682
615773	204570
616567	204014
617253	203329
617393	203155
617670	202796
618377	201595
618540	201217
618658	200920
618909	199984
618993	199018
618964	198625
618964	198625
618931	198185
618876	197828
618383	196238
618256	195976
618067	195619
617512	194825
616826	194140
616509	193893
616031	193547
615554	193238
614995	192978
614904	192832
614698	192504
614059	191864
614041	191809
614013	191725
613603	190846
613074	190049
612990	189084
612739	188147
612329	187269
612243	187145
612208	187055
611959	186426
611605	185693
611049	184899
610364	184214
609864	183864
609693	183497
609600	183346
609190	182468
608789	181867
608599	181618
608350	181316
608152	181092
607561	180517
606768	179961
606174	179664
605685	179455
605685	179455
605423	179343
605138	179230
604202	178979
603612	178928
603105	178792
602947	178771
602619	178541
602459	178466
602459	178466
600835	179470
600835	179470
599786	179904
598436	180204
597515	180354
597515	180354
596598	180294
595273	179609
595273	179609
594770	179205
594148	178710
593805	178436
593805	178436
593114	178996
592393	179596
592393	179596
592175	179752
591821	179920
591176	180228
590760	180396
589999	180628
589486	180760
588861	180932
588200	181091
587552	181190
586900	181229
586609	181236
585955	181236
585419	181196
584873	181143
584384	181107
584089	181117
583831	181134
583540	181196
583193	181236
582935	181226
582598	181186
582128	181110
581566	180978
581209	180925
580954	180909
580591	180935
580025	180981
579446	181018
578980	181041
578438	181084
577938	181134
577479	181196
577111	181237
577111	181237
577038	181250
576943	181265
576931	181267
576902	181268
576883	181269
576865	181272
576847	181275
576828	181279
576810	181284
576783	181293
576743	181296
576714	181299
576663	181305
576619	181302
576585	181301
576551	181300
576521	181300
576435	181301
576404	181301
576368	181299
576293	181299
576205	181281
576113	181268
576082	181260
576057	181255
576032	181250
576007	181246
575998	181245
575954	181243
575828	181232
575747	181225
575726	181223
575623	181211
575595	181207
575580	181204
575535	181193
575512	181187
575512	181187
575433	181171
575402	181164
575360	181156
575339	181153
575254	181142
575232	181140
575210	181140
575152	181121
575000	181071
574999	181071
574999	181071
574962	181059
574901	181041
574842	181025
574806	181016
574769	181006
574735	180995
574706	180984
574691	180980
574676	180975
574610	180962
574561	180948
574544	180942
574530	180937
574474	180912
574444	180900
574397	180883
574360	180871
574327	180861
574226	180839
574150	180823
574052	180808
573969	180797
573930	180798
573891	180801
573840	180801
573761	180805
573721	180805
573631	180807
573546	180803
573512	180800
573440	180795
573367	180787
573310	180779
573290	180777
573256	180775
573188	180763
573127	180750
573096	180741
572931	180681
572877	180662
572779	180627
572680	180594
572532	180548
572489	180533
572467	180526
572402	180507
572355	180491
572299	180475
572213	180446
572029	180389
572005	180380
571949	180363
571920	180352
571869	180329
571859	180325
571840	180318
571802	180299
571764	180280
571751	180272
571741	180267
571741	180267
571735	180264
571633	180202
571609	180185
571508	180115
571472	180084
571437	180052
571410	180020
571399	180004
571398	180000
571273	179846
571197	179751
571114	179651
571114	179651
571035	179552
570942	179440
570867	179346
570801	179258
570792	179244
570783	179229
570757	179185
570722	179125
570703	179089
570620	178911
570600	178866
570530	178702
570513	178652
570494	178591
570450	178466
570428	178388
570400	178269
570382	178179
570378	178156
570378	178156
570214	177716
570190	177648
570108	177393
570067	177208
570052	177030
570010	176790
569919	176378
569890	176279
569851	176155
569851	176155
569844	176142
569815	176089
569777	176028
569738	175971
569721	175948
569690	175912
569670	175889
569641	175855
569593	175797
569554	175759
569510	175712
569474	175673
569424	175624
569375	175585
569326	175553
569252	175516
569180	175481
569099	175449
569011	175416
568900	175379
568844	175361
568704	175318
568552	175268
568552	175268
568497	175250
568331	175196
568277	175176
568073	175109
567967	175073
567836	175029
567702	175000
567702	175000
567622	174981
567482	174957
567234	174926
567169	174918
567104	174911
567039	174904
566991	174900
566916	174899
566916	174899
566751	174891
566506	174876
566386	174872
566296	174867
566226	174861
566142	174860
565975	174855
565822	174855
565732	174853
565695	174853
565620	174852
565452	174852
565395	174850
565220	174840
565185	174836
565158	174834
565088	174833
565000	174830
564999	174830
564999	174830
564891	174824
564785	174820
564785	174820
564707	174814
564606	174808
564447	174801
564350	174794
564293	174791
564221	174792
564176	174790
564136	174787
564100	174785
564012	174783
563812	174783
563812	174783
563730	174785
563667	174785
563632	174786
563592	174788
563573	174789
563489	174797
563423	174803
563334	174812
563334	174812
563315	174812
563293	174817
563230	174823
563148	174833
563106	174841
563004	174856
562945	174870
562908	174874
562844	174888
562790	174897
562721	174914
562693	174917
562643	174937
562614	174950
562586	174960
562559	174974
562538	174982
562512	175000
562512	175000
562466	175027
562438	175042
562352	175092
562329	175105
562298	175124
562289	175131
562280	175137
562245	175171
562223	175194
562187	175230
562173	175254
562161	175280
562124	175362
562105	175399
562054	175513
562015	175597
562002	175630
561976	175689
561932	175793
561899	175858
561827	176004
561760	176138
561760	176138
561668	176315
561605	176427
561576	176472
561560	176498
561535	176535
561499	176584
561473	176626
561453	176653
561431	176687
561415	176708
561351	176784
561327	176812
561309	176834
561301	176844
561287	176857
561277	176866
561221	176913
561167	176950
561064	177009
561029	177028
561023	177031
561023	177031
560919	177075
560866	177091
560821	177101
560775	177108
560729	177110
560677	177110
560590	177105
560566	177104
560491	177097
560435	177091
560390	177087
560289	177069
560200	177048
560200	177048
560157	177035
560125	177023
560075	176991
560036	176955
560000	176920
559999	176919
559999	176919
559922	176826
559806	176703
559613	176482
559536	176388
559479	176319
559461	176295
559461	176295
559345	176152
559265	176055
559221	175999
559206	175981
559090	175860
559071	175841
559041	175813
559014	175792
559006	175787
559006	175787
558989	175786
558969	175782
558895	175741
558822	175706
558760	175682
558701	175666
558630	175647
558568	175639
558481	175638
558421	175645
558362	175654
558290	175671
558210	175700
558136	175730
558092	175748
558045	175751
558026	175760
557979	175787
557923	175822
557859	175865
557781	175924
557691	175984
557631	176025
557518	176094
557405	176165
557295	176225
557227	176255
557227	176255
557135	176307
557110	176323
557036	176362
556933	176419
556933	176419
556898	176439
556868	176454
556786	176497
556606	176598
556575	176617
556448	176700
556396	176731
556339	176771
556209	176855
556063	176954
556039	176970
555939	177043
555923	177057
555912	177066
555899	177076
555883	177087
555872	177096
555872	177096
555780	177145
555576	177268
555328	177492
555126	177674
554956	177810
554865	177872
554547	178142
554324	178327
554203	178401
554022	178492
553880	178543
553708	178581
553578	178582
553426	178567
553277	178554
553099	178541
553099	178541
553084	178538
553031	178524
552883	178477
552802	178456
552784	178452
552766	178449
552738	178446
552654	178433
552646	178432
552646	178432
552549	178411
552423	178390
552320	178383
552205	178390
552125	178399
552014	178414
551959	178423
551957	178423
551957	178423
551858	178438
551725	178477
551600	178549
551492	178659
551419	178757
551301	179010
551252	179163
551209	179358
551177	179658
551167	179853
551143	180000
551143	180000
551129	180052
551116	180117
551096	180172
551058	180266
551049	180287
551034	180315
551015	180349
550997	180377
550949	180450
550949	180450
550929	180478
550901	180518
550885	180539
550751	180691
550725	180718
550693	180746
550676	180760
550642	180787
550625	180800
550593	180822
550553	180849
550523	180867
550481	180891
550393	180936
550393	180936
550357	180953
550335	180963
550269	180996
550247	181006
550172	181032
550116	181050
550098	181056
550074	181062
550049	181068
550031	181071
550000	181076
549999	181076
549999	181076
549853	181077
549853	181077
549746	181086
549624	181106
549526	181122
549526	181122
549498	181129
549498	181129
549400	181139
549236	181172
549164	181192
549083	181215
548949	181270
548860	181312
548714	181394
548549	181489
548356	181602
548114	181731
548114	181731
548080	181742
548080	181742
548017	181750
547929	181763
547823	181770
547809	181771
547769	181771
547733	181769
547684	181764
547635	181758
547564	181752
547560	181752
547504	181738
547467	181728
547433	181717
547403	181707
547355	181685
547327	181673
547310	181666
547278	181650
547255	181639
547232	181626
547201	181608
547155	181578
547086	181533
547086	181533
547045	181513
546969	181480
546933	181474
546869	181457
546824	181442
546775	181423
546683	181387
546654	181375
546597	181349
546532	181321
546502	181313
546441	181299
546391	181288
546377	181285
546355	181282
546321	181279
546282	181278
546222	181280
546145	181285
546064	181287
545989	181296
545883	181313
545802	181308
545802	181308
545710	181300
545584	181280
545560	181277
545507	181274
545463	181269
545432	181263
545432	181263
545430	181306
545421	181431
545414	181544
545409	181605
545398	181636
545398	181636
545397	181647
545398	181658
545398	181658
545405	181670
545408	181676
545410	181687
545412	181706
545414	181723
545413	181763
545414	181808
545412	181824
545409	181841
545403	181871
545392	181901
545380	181931
545378	181942
545373	181980
545357	182078
545342	182154
545340	182170
545302	182163
545237	182152
545212	182149
545171	182140
545162	182133
545121	182095
545121	182095
545072	182073
545007	182024
544947	182009
544919	182006
544884	182004
544830	181994
544786	181980
544745	181969
544695	181946
544642	181917
544570	181868
544530	181834
544498	181795
544537	181744
544558	181728
544591	181721
544606	181712
544628	181690
544658	181634
544617	181630
544608	181595
544592	181537
544585	181482
544554	181429
544520	181386
544477	181339
544463	181327
544463	181327
544428	181339
544388	181355
544334	181376
544327	181376
544287	181383
544250	181390
544228	181394
544228	181394
544183	181419
544154	181432
544125	181451
544100	181470
544082	181479
544067	181463
544062	181466
544053	181464
544020	181449
543985	181432
543954	181406
543911	181365
543880	181333
543856	181301
543835	181278
543813	181253
543800	181238
543769	181182
543750	181130
543730	181079
543721	181063
543715	181049
543711	180996
543701	180953
543686	180908
543675	180861
543663	180784
543641	180721
543641	180702
543655	180658
543662	180601
543662	180573
543681	180540
543698	180519
543707	180470
543715	180407
543721	180346
543733	180283
543741	180249
543751	180204
543748	180193
543736	180174
543717	180157
543715	180149
543715	180139
543731	180094
543731	180094
543740	180039
543714	180027
543697	180012
543697	180012
543712	179962
543715	179944
543704	179934
543693	179923
543689	179916
543685	179906
543683	179892
543684	179882
543686	179867
543686	179867
543680	179810
543684	179792
543704	179666
543719	179577
543716	179567
543716	179567
543638	179549
543537	179534
543471	179530
543420	179530
543420	179530
543384	179756
543378	179796
543359	179845
543345	179872
543334	179905
543309	179925
543265	179970
543250	179986
543250	179986
543241	180023
543235	180035
543223	180055
543208	180079
543179	180109
543134	180168
543112	180190
543079	180216
543023	180240
542945	180253
542886	180259
542815	180261
542759	180250
542734	180240
542724	180233
542706	180187
542694	180174
542685	180158
542685	180158
542672	180109
542654	180024
