1
6126
0
473889	111474
473894	111479
473922	111523
473932	111554
473934	111572
473933	111589
473929	111615
473919	111696
473915	111747
473914	111784
473917	111838
473906	111839
473904	111840
473920	111916
473930	111982
473935	112012
473941	112052
473945	112098
473951	112146
473955	112205
473956	112249
474020	112253
474100	112623
474101	112636
474110	112650
474124	112683
474133	112713
474143	112756
474161	112794
474176	112829
474188	112864
474204	112896
474208	112902
474218	112914
474263	112958
474285	112982
474297	112997
474300	113000
474321	113042
474330	113061
474335	113070
474347	113085
474378	113114
474388	113124
474407	113157
474415	113175
474422	113195
474424	113205
474426	113219
474426	113219
474434	113255
474450	113331
474464	113387
474475	113418
474484	113452
474492	113471
474512	113500
474516	113506
474520	113514
474530	113541
474548	113602
474573	113676
474583	113701
474590	113712
474606	113739
474648	113796
474653	113802
474668	113817
474699	113843
474718	113855
474736	113869
474744	113873
474756	113877
474811	113887
474845	113899
474857	113904
474868	113909
474892	113921
474913	113932
474930	113942
474950	113957
474984	113975
475000	113983
475000	113983
475000	113983
475101	114039
475234	114107
475356	114167
475388	114185
475418	114200
475473	114226
475584	114285
475610	114300
475634	114315
475666	114343
475679	114357
475702	114384
475721	114412
475717	114429
475714	114438
475703	114463
475686	114494
475670	114520
475652	114547
475631	114572
475610	114598
475588	114624
475549	114674
475532	114700
475460	114813
475450	114846
475441	114897
475437	114935
475437	115000
475437	115000
475435	115101
475426	115149
475420	115175
475406	115206
475394	115234
475373	115280
475357	115338
475354	115340
475342	115350
475296	115417
475273	115452
475229	115518
475212	115546
475202	115608
475199	115637
475199	115637
475183	115660
475166	115683
475149	115708
475144	115718
475122	115765
475113	115787
475074	115872
475052	115927
475035	115958
475004	116006
475000	116011
475000	116011
475000	116011
474984	116024
474977	116030
474973	116035
474969	116040
474966	116046
474964	116052
474959	116068
474955	116087
474946	116137
474938	116173
474919	116219
474916	116232
474914	116240
474913	116254
474910	116263
474907	116269
474899	116280
474851	116325
474831	116337
474817	116347
474802	116358
474777	116381
474764	116388
474758	116391
474744	116394
474737	116395
474713	116395
474704	116396
474695	116397
474670	116405
474660	116408
474636	116411
474625	116413
474544	116418
474495	116423
474488	116424
474479	116426
474469	116430
474459	116434
474451	116439
474443	116445
474432	116456
474419	116472
474419	116472
474448	116491
474483	116512
474526	116542
474567	116570
474582	116582
474591	116588
474608	116598
474629	116609
474643	116615
474720	116649
474773	116672
474833	116696
474869	116710
474890	116716
474912	116722
474963	116731
475000	116739
475000	116739
475107	116762
475107	116774
475136	116781
475139	116811
475139	116840
475144	116856
475148	116867
475150	116870
475165	116889
475169	116894
475183	116923
475200	116953
475209	116970
475231	117023
475248	117069
475269	117159
475284	117217
475299	117282
475307	117313
475315	117353
475316	117366
475317	117391
475318	117449
475317	117461
475325	117529
475329	117537
475331	117540
475334	117544
475339	117548
475345	117552
475355	117557
475359	117558
475364	117559
475371	117560
475383	117559
475430	117554
475440	117553
475470	117554
475498	117559
475499	117559
475498	117566
475497	117568
475467	117609
475458	117622
475445	117641
475431	117667
475421	117689
475410	117718
475395	117773
475389	117792
475385	117811
475362	117848
475349	117866
475326	117892
475312	117909
475302	117917
475287	117932
475280	117949
475278	117963
475270	118021
475269	118039
475269	118056
475273	118091
475275	118115
475292	118180
475296	118204
475297	118208
475299	118213
475334	118271
475347	118291
475422	118389
475480	118466
475498	118488
475492	118496
475508	118520
475556	118591
475581	118629
475600	118654
475610	118666
475644	118695
475709	118760
475735	118782
475774	118819
475784	118826
475808	118838
475837	118856
475858	118877
475871	118888
475885	118903
475898	118922
475901	118930
475907	118957
475914	118986
475921	118999
475948	119038
475971	119063
475982	119081
475992	119098
475996	119108
476003	119130
476010	119146
476026	119176
476044	119200
476074	119252
476109	119309
476143	119357
476148	119371
476154	119390
476159	119439
476165	119474
476167	119486
476179	119514
476198	119543
476220	119574
476235	119578
476239	119580
476241	119582
476249	119615
476260	119649
476260	119654
476261	119674
476248	119729
476221	119836
476177	120000
476177	120000
476177	120000
476171	120025
476158	120078
476137	120155
476123	120215
476104	120283
476093	120337
476086	120377
476077	120401
476072	120418
476070	120434
476070	120441
476072	120452
476076	120475
476101	120534
476109	120550
476112	120557
476115	120569
476121	120598
476127	120613
476129	120618
476154	120658
476161	120669
476180	120674
476206	120691
476214	120699
476222	120706
476247	120744
476250	120750
476254	120758
476258	120772
476265	120812
476272	120840
476278	120869
476284	120871
476286	120884
476308	120943
476322	120983
476327	121008
476329	121022
476332	121036
476336	121075
476343	121120
476349	121150
476351	121156
476357	121166
476377	121190
476395	121214
476426	121248
476432	121257
476437	121265
476439	121270
476445	121294
476451	121312
476465	121375
476474	121409
476480	121424
476505	121465
476518	121480
476525	121475
476555	121515
476547	121518
476550	121532
476550	121547
476558	121587
476564	121600
476590	121617
476613	121630
476625	121628
476637	121644
476688	121698
476693	121704
476705	121721
476720	121745
476759	121808
476766	121816
476766	121839
476765	121862
476771	121865
476769	121876
476766	121898
476767	121917
476767	121926
476770	121944
476769	121963
476765	121990
476765	122005
476767	122028
476765	122059
476762	122082
476757	122089
476749	122112
476739	122156
476735	122184
476736	122200
476740	122217
476749	122236
476757	122236
476761	122244
476774	122257
476779	122263
476786	122272
476795	122286
476811	122309
476834	122325
476841	122336
476855	122361
476868	122385
476874	122397
476866	122400
476867	122411
476868	122418
476870	122425
476874	122433
476883	122463
476888	122476
476890	122482
476892	122493
476893	122506
476893	122506
476918	122520
476923	122534
476941	122561
476942	122578
476957	122613
476960	122618
476965	122623
476968	122627
476968	122628
476967	122629
476966	122631
476964	122631
476957	122637
476961	122647
476981	122651
476985	122652
476991	122658
477004	122671
477005	122675
477004	122691
477006	122698
477008	122703
477011	122706
477015	122707
477018	122707
477028	122705
477032	122705
477049	122715
477055	122718
477083	122726
477086	122728
477087	122732
477086	122744
477087	122747
477088	122749
477090	122752
477093	122754
477099	122756
477102	122757
477104	122756
477112	122751
477116	122749
477120	122748
477123	122749
477125	122750
477128	122754
477131	122764
477143	122765
477145	122765
477148	122768
477148	122768
477149	122770
477150	122774
477147	122785
477145	122790
477138	122802
477138	122807
477140	122824
477141	122832
477144	122845
477156	122887
477159	122889
477160	122890
477171	122889
477174	122890
477177	122894
477180	122902
477181	122904
477184	122907
477186	122908
477200	122912
477205	122916
477207	122919
477208	122922
477209	122925
477209	122928
477209	122930
477205	122937
477204	122943
477204	122946
477206	122952
477207	122953
477209	122954
477211	122954
477216	122954
477227	122956
477239	122961
477241	122962
477244	122964
477246	122967
477257	123001
477263	123003
477282	123007
477301	123008
477301	123008
477304	123003
477310	122999
477318	122996
477328	122996
477341	122997
477386	123012
477389	123012
477394	123010
477401	123006
477410	122995
477414	122991
477418	122989
477421	122988
477423	122987
477428	122988
477433	122991
477436	122995
477437	122999
477438	123005
477441	123012
477443	123015
477445	123018
477448	123021
477452	123024
477457	123027
477464	123029
477468	123030
477492	123027
477496	123028
477499	123028
477502	123026
477504	123023
477513	122966
477513	122963
477515	122961
477516	122959
477522	122957
477526	122957
477533	122957
477573	122969
477579	122972
477585	122977
477591	122982
477594	122987
477597	122992
477598	122996
477599	123004
477605	123039
477610	123049
477614	123054
477622	123062
477644	123079
477648	123081
477653	123086
477655	123092
477650	123122
477649	123131
477650	123144
477651	123150
477656	123154
477667	123159
477674	123160
477695	123161
477714	123163
477724	123165
477736	123170
477742	123174
477745	123178
477745	123180
477745	123183
477739	123202
477739	123206
477739	123209
477741	123218
477741	123218
477741	123250
477737	123285
477740	123382
477739	123430
477736	123468
477720	123501
477674	123583
477669	123589
477667	123594
477667	123598
477667	123603
477669	123609
477672	123644
477658	123662
477639	123696
477598	123753
477562	123801
477538	123825
477524	123837
477510	123836
477489	123857
477487	123866
477456	123935
477419	124015
477419	124026
477419	124026
477418	124068
477430	124308
477438	124320
477442	124356
477449	124400
477456	124454
477456	124483
477451	124548
477452	124589
477457	124636
477460	124683
477452	124685
477433	124706
477411	124718
477398	124737
477382	124761
477369	124798
477358	124832
477363	124894
477377	125000
477377	125000
477377	125000
477383	125033
477386	125044
477394	125066
477410	125098
477418	125122
477423	125143
477425	125155
477427	125167
477428	125181
477429	125190
477437	125217
477448	125294
477452	125307
477457	125316
477473	125343
477511	125398
477548	125442
477575	125470
477629	125484
477629	125484
477679	125494
477684	125495
477695	125500
477728	125519
477771	125552
477779	125602
477790	125614
477805	125626
477819	125635
477868	125674
477898	125692
477938	125712
477976	125730
478070	125783
478083	125792
478089	125795
478107	125803
478119	125806
478144	125818
478199	125834
478228	125838
478304	125844
478341	125834
478365	125831
478373	125830
478409	125839
478425	125848
478432	125853
478454	125871
478484	125898
478590	126006
478611	126028
478668	126098
478677	126112
478684	126120
478696	126131
478706	126141
478724	126159
478738	126176
478752	126194
478767	126212
478847	126310
478896	126377
479017	126535
479159	126726
479201	126786
479231	126822
479274	126879
479313	126928
479347	126974
479425	127072
479443	127091
479463	127108
479507	127158
479520	127172
479530	127182
479571	127220
479636	127271
479687	127315
479718	127343
479772	127396
479788	127407
479809	127422
479952	127551
479970	127565
480000	127585
480000	127585
480000	127585
480028	127600
480053	127613
480083	127625
480127	127652
480152	127671
480169	127678
480179	127679
480187	127682
480194	127687
480210	127698
480234	127712
480277	127733
480282	127736
480287	127739
480328	127769
480387	127816
480403	127829
480421	127850
480439	127866
480445	127870
480489	127887
480505	127897
480513	127900
480516	127903
480519	127907
480532	127929
480542	127951
480574	128025
480577	128028
480585	128043
480587	128051
480591	128069
480599	128114
480600	128122
480605	128136
480608	128145
480613	128175
480623	128212
480625	128230
480625	128240
480625	128244
480626	128249
480633	128272
480640	128313
480638	128319
480640	128340
480640	128382
480640	128394
480638	128404
480638	128406
480641	128420
480652	128448
480655	128456
480657	128464
480658	128472
480658	128481
480657	128489
480654	128505
480656	128528
480648	128588
480647	128594
480652	128607
480655	128614
480656	128621
480657	128630
480680	128671
480686	128682
480686	128751
480687	128786
480685	128827
480686	128848
480687	128888
480687	128911
480687	128918
480691	128929
480692	128945
480700	128995
480718	129125
480717	129133
480713	129148
480715	129150
480720	129156
480721	129160
480723	129164
480723	129178
480726	129195
480719	129195
480721	129203
480722	129210
480722	129220
480721	129245
480719	129259
480712	129301
480711	129315
480705	129370
480696	129431
480700	129439
480691	129472
480686	129477
480685	129479
480684	129483
480684	129486
480686	129493
480680	129517
480680	129517
480742	129624
480783	129699
480792	129722
480830	129819
480841	129842
480878	129915
480923	130000
480923	130000
480923	130000
480957	130064
481002	130138
481011	130152
481017	130161
481030	130178
481096	130268
481119	130296
481119	130296
481156	130339
481167	130357
481176	130365
481179	130367
481247	130393
481252	130396
481252	130396
481256	130398
481326	130445
481425	130511
481483	130550
481510	130573
481561	130629
481561	130629
481572	130644
481588	130662
481605	130681
481621	130699
481632	130717
481651	130738
481669	130759
481701	130793
481707	130801
481742	130842
481779	130884
481813	130924
481817	130928
481849	130966
481854	130971
481887	131010
481891	131015
481920	131053
481924	131058
481949	131093
481955	131102
481965	131117
481969	131121
481972	131121
481978	131120
481984	131118
481990	131117
481994	131117
481999	131117
482004	131120
482015	131126
482023	131132
482029	131136
482034	131142
482037	131146
482040	131149
482041	131155
482042	131160
482042	131169
482041	131184
482041	131188
482036	131191
482032	131193
482030	131194
482030	131195
482033	131205
482035	131212
482039	131221
482041	131227
482041	131231
482043	131256
482049	131292
482049	131297
482054	131329
482083	131327
482089	131336
482090	131359
482094	131364
482099	131371
482101	131375
482101	131380
482101	131387
482099	131392
482097	131395
482094	131398
482087	131398
482080	131398
482076	131399
482066	131408
482071	131422
482084	131464
482091	131484
482092	131492
482098	131500
482101	131508
482115	131546
482117	131550
482135	131592
482148	131626
482148	131629
482149	131635
482152	131676
482155	131718
482158	131760
482158	131760
482147	131795
482149	131805
482153	131833
482156	131852
482161	131888
482162	131895
482168	131938
482175	131981
482181	132023
482183	132043
482184	132052
482183	132061
482182	132067
482178	132084
482174	132109
482169	132140
482169	132140
482163	132150
482158	132171
482151	132203
482145	132235
482141	132252
482141	132252
482142	132272
482144	132320
482145	132330
482148	132368
482149	132373
482152	132413
482158	132451
482159	132457
482168	132500
482176	132541
482184	132583
482192	132626
482195	132640
482195	132640
482196	132656
482196	132663
482205	132684
482221	132720
482234	132747
482240	132759
482243	132765
482247	132776
482249	132782
482249	132782
482255	132800
482265	132821
482270	132831
482286	132862
482294	132874
482301	132891
482303	132894
482305	132896
482310	132897
482313	132897
482313	132897
482314	132897
482319	132897
482325	132895
482331	132893
482339	132886
482342	132885
482343	132885
482347	132886
482351	132887
482353	132886
482355	132885
482358	132883
482367	132871
482369	132870
482374	132869
482379	132868
482382	132867
482386	132866
482388	132865
482392	132866
482395	132867
482396	132866
482398	132865
482401	132863
482404	132862
482406	132863
482407	132866
482408	132871
482410	132872
482413	132873
482416	132872
482420	132870
482430	132868
482436	132867
482441	132867
482446	132868
482450	132868
482455	132866
482461	132865
482468	132862
482474	132858
482479	132855
482485	132853
482490	132853
482500	132853
482507	132853
482512	132851
482518	132847
482523	132843
482528	132839
482535	132832
482545	132820
482556	132807
482558	132801
482560	132800
482562	132800
482565	132800
482568	132803
482573	132808
482580	132813
482585	132816
482588	132817
482592	132818
482597	132818
482600	132817
482604	132813
482610	132807
482612	132806
482616	132806
482625	132806
482631	132806
482634	132803
482637	132799
482643	132786
482645	132784
482649	132781
482653	132779
482655	132777
482656	132771
482657	132765
482656	132762
482654	132759
482652	132758
482641	132756
482634	132755
482629	132754
482626	132752
482624	132749
482623	132745
482625	132740
482630	132734
482635	132729
482639	132723
482641	132719
482643	132718
482646	132718
482651	132718
482653	132718
482657	132714
482658	132711
482658	132708
482658	132705
482652	132701
482648	132697
482646	132693
482645	132689
482645	132677
482645	132673
482646	132667
482648	132665
482651	132663
482657	132661
482660	132660
482662	132658
482662	132655
482661	132641
482661	132639
482663	132634
482665	132630
482666	132628
482664	132624
482663	132621
482662	132619
482663	132617
482667	132614
482670	132610
482673	132606
482674	132604
482674	132600
482671	132594
482663	132583
482656	132575
482655	132574
482656	132572
482658	132569
482660	132567
482661	132563
482661	132559
482660	132555
482659	132551
482651	132545
482647	132542
482646	132540
482645	132537
482642	132535
482637	132531
482637	132528
482637	132526
482639	132522
482644	132512
482645	132508
482644	132506
482640	132497
482638	132494
482638	132491
482639	132489
482641	132487
482642	132484
482642	132481
482642	132478
482641	132476
482635	132471
482634	132469
482634	132467
482636	132465
482641	132460
482656	132451
482657	132449
482661	132431
482663	132419
482670	132387
482670	132383
482672	132369
482673	132363
482674	132359
482676	132353
482677	132349
482678	132344
482678	132335
482677	132328
482675	132320
482673	132311
482671	132303
482670	132300
482668	132293
482668	132293
482664	132284
482650	132261
482650	132258
482651	132249
482655	132228
482658	132221
482660	132218
482669	132215
482715	132206
482759	132198
482797	132192
482821	132188
482879	132178
482878	132162
482878	132162
482902	132163
482902	132163
482900	132123
482900	132082
482900	132065
482903	132032
482913	132035
482926	132039
482939	132042
482949	132044
482962	132046
482976	132047
482987	132050
482995	132052
483008	132053
483018	132054
483031	132057
483054	132059
483066	132060
483077	132062
483112	132062
483118	132063
483125	132064
483131	132065
483138	132064
483149	132063
483156	132063
483171	132064
483189	132065
483201	132065
483211	132064
483229	132061
483243	132059
483266	132057
483284	132055
483292	132055
483298	132055
483298	132036
483333	132030
483326	131984
483351	131979
483386	131975
483386	131975
483400	131975
483415	131986
483421	131989
483441	131990
483485	131990
483550	131989
483547	131952
483545	131935
483543	131901
483541	131875
483540	131866
483538	131840
483531	131839
483530	131833
483525	131771
483524	131750
483516	131749
483497	131750
483483	131751
483464	131758
483436	131773
483411	131788
483394	131796
483351	131810
483338	131812
483324	131812
483307	131812
483241	131808
483202	131807
483182	131809
483103	131819
483015	131833
482963	131842
482927	131846
482907	131847
482888	131847
482855	131844
482849	131841
482846	131834
482847	131824
482841	131823
482837	131823
482807	131831
482765	131844
482739	131851
482719	131856
482696	131864
482688	131866
482680	131867
482671	131867
482664	131866
482659	131865
482655	131864
482636	131855
482615	131843
482563	131814
482552	131808
482548	131808
482546	131807
482525	131793
482505	131783
482492	131775
482485	131770
482480	131765
482478	131760
482476	131751
482471	131740
482467	131729
482467	131725
482465	131710
482464	131697
482458	131671
482456	131655
482455	131646
482450	131611
482450	131593
482451	131589
482464	131567
482467	131562
482472	131554
482476	131548
482482	131539
482491	131531
482500	131524
482515	131514
482525	131509
482532	131505
482544	131493
482572	131465
482564	131438
482550	131396
482536	131353
482521	131311
482520	131307
482508	131268
482502	131247
482494	131225
482492	131219
482486	131201
482485	131188
482485	131182
482487	131171
482485	131166
482476	131162
482456	131152
482441	131145
482437	131140
482429	131129
482413	131102
482404	131082
482395	131060
482378	131022
482371	131011
482360	130994
482352	130974
482341	130936
482338	130920
482333	130902
482331	130893
482313	130851
482306	130834
482300	130815
482290	130770
482282	130753
482260	130683
482256	130669
482252	130661
482242	130644
482219	130599
482200	130565
482186	130543
482176	130531
482166	130517
482144	130489
482136	130477
482136	130477
482120	130455
482114	130444
482104	130422
482099	130413
482098	130410
482098	130406
482099	130398
482100	130385
482091	130320
482090	130296
482090	130288
482098	130233
482104	130212
482112	130176
482104	130156
482099	130120
482089	130094
482088	130054
482087	130029
482090	130011
482100	130000
482100	130000
482100	130000
482150	129963
482177	129939
482201	129920
482209	129914
482227	129902
482237	129894
482247	129886
482271	129864
482275	129860
482283	129849
482291	129832
482295	129823
482306	129806
482319	129788
482326	129779
482341	129765
482443	129793
482465	129795
482480	129799
482557	129821
482574	129832
482578	129832
482586	129831
482597	129827
482628	129812
482715	129753
482737	129740
482746	129736
482752	129733
482756	129730
482765	129718
482771	129713
482784	129704
482794	129701
482822	129697
482828	129697
482844	129698
482858	129701
482882	129707
482896	129714
482905	129717
482910	129719
482917	129723
482940	129740
482977	129764
482981	129768
483001	129790
483010	129802
483060	129857
483072	129871
483090	129889
483096	129896
483100	129950
483100	129963
483103	130000
483103	130000
483103	130000
483104	130033
483107	130117
483105	130155
483098	130217
483097	130222
483093	130237
483102	130256
483116	130278
483162	130374
483233	130278
483238	130268
483243	130261
483252	130253
483263	130221
483286	130169
483357	130000
483357	130000
483357	130000
483370	129971
483374	129966
483376	129965
483405	129968
483417	129970
483438	129974
483471	129985
483496	129994
483515	130000
483515	130000
483515	130000
483544	130010
483584	130013
483590	130014
483606	130017
483659	130036
483675	130042
483684	130049
483690	130053
483716	130068
483741	130084
483754	130092
483768	130097
483775	130098
483859	130101
483862	130096
483886	130093
483990	130087
484000	130084
484040	130075
484058	130069
484067	130064
484120	130030
484131	130024
484137	130022
484149	130019
484170	130016
484235	130020
484293	130034
484323	130039
484341	130045
484349	130049
484398	130083
484398	130083
484406	130085
484411	130084
484414	130083
484418	130080
484418	130080
484441	130111
484472	130148
484523	130194
484526	130201
484595	130257
484608	130267
484616	130272
484628	130278
484658	130296
484708	130319
484746	130334
484753	130337
484765	130341
484786	130346
484808	130353
484894	130376
484918	130385
484938	130389
484965	130393
485000	130409
485000	130409
485000	130409
485005	130410
485010	130414
485014	130416
485020	130417
485040	130426
485047	130428
485066	130432
485073	130432
485110	130429
485163	130422
485172	130419
485180	130414
485220	130381
485236	130371
485246	130366
485246	130366
485261	130413
485287	130471
485265	130492
485237	130467
485179	130496
485131	130522
485094	130549
485111	130574
485139	130605
485189	130667
485208	130690
485260	130769
485298	130831
485309	130851
485334	130902
485345	130931
485354	130960
485358	130987
485358	131015
485360	131079
485358	131090
485352	131100
485322	131162
485311	131183
485299	131203
485297	131210
485295	131227
485294	131243
485295	131256
485297	131268
485302	131281
485317	131303
485326	131313
485334	131318
485337	131323
485342	131337
485345	131353
485363	131410
485374	131439
485374	131439
485383	131463
485402	131522
485402	131557
485400	131577
485401	131589
485411	131617
485441	131697
485461	131738
485463	131745
485465	131758
485471	131775
485484	131804
485492	131816
485501	131824
485508	131827
485517	131827
485532	131825
485536	131825
485546	131829
485553	131830
485556	131829
485564	131827
485572	131829
485577	131832
485583	131834
485587	131835
485599	131833
485603	131833
485617	131835
485626	131838
485651	131857
485660	131865
485666	131874
485667	131874
485668	131874
485683	131870
485689	131866
485691	131866
485702	131867
485708	131866
485717	131865
485732	131870
485746	131874
485750	131878
485752	131883
485751	131884
485745	131891
485743	131895
485743	131900
485745	131904
485751	131911
485755	131918
485760	131924
485764	131927
485777	131931
485801	131956
485830	131998
485831	132004
485832	132007
485831	132013
485832	132021
485839	132025
485846	132032
485850	132033
485858	132035
485860	132036
485871	132049
485876	132054
485878	132055
485887	132054
485891	132056
485893	132057
485895	132059
485896	132061
485898	132066
485917	132065
485923	132065
485949	132071
485958	132079
485958	132081
485959	132092
485961	132096
485963	132099
485977	132109
485981	132113
485982	132121
485983	132124
485984	132126
485986	132128
485996	132134
486018	132145
486021	132146
486024	132146
486027	132146
486030	132143
486040	132139
486045	132135
486052	132121
486054	132119
486056	132118
486058	132117
486061	132117
486064	132118
486068	132121
486071	132123
486069	132126
486064	132133
486063	132136
486063	132142
486067	132144
486075	132144
486082	132141
486087	132143
486090	132146
486093	132161
486090	132171
486090	132182
486091	132184
486093	132186
486096	132188
486100	132188
486102	132188
486112	132182
486124	132178
486142	132181
486144	132185
486146	132187
486149	132179
486151	132177
486178	132187
486182	132191
486184	132193
486185	132196
486185	132201
486181	132214
486181	132217
486181	132223
486183	132227
486195	132246
486199	132248
486210	132259
486216	132262
486220	132263
486233	132261
486235	132262
486236	132265
486236	132273
486237	132274
486239	132274
486241	132273
486246	132267
486252	132263
486253	132264
486256	132265
486257	132267
486258	132280
486262	132284
486263	132287
486264	132288
486265	132288
486267	132288
486269	132286
486273	132284
486277	132286
486284	132292
486284	132296
486283	132299
486283	132302
486284	132304
486285	132305
486299	132311
486303	132310
486305	132309
486311	132305
486319	132305
486326	132303
486329	132302
486334	132298
486344	132309
486351	132318
486355	132326
486357	132330
486357	132333
486356	132338
486355	132341
486352	132344
486349	132347
486354	132352
486363	132356
486366	132356
486369	132357
486381	132355
486382	132356
486384	132360
486383	132370
486384	132373
486385	132375
486386	132376
486389	132377
486391	132378
486395	132377
486397	132375
486393	132367
486393	132365
486393	132363
486394	132362
486395	132361
486402	132359
486404	132359
486408	132360
486415	132364
486426	132375
486428	132376
486430	132378
486431	132380
486432	132383
486430	132387
486425	132390
486427	132393
486456	132408
486459	132404
486459	132401
486461	132399
486463	132399
486464	132399
486466	132401
486467	132403
486483	132423
486485	132425
486489	132426
486493	132426
486496	132425
486505	132421
486522	132431
486525	132432
486529	132432
486531	132431
486536	132428
486545	132431
486549	132429
486554	132426
486558	132422
486561	132415
486570	132405
486572	132403
486577	132401
486581	132400
486597	132406
486604	132410
486607	132414
486631	132451
486640	132462
486644	132470
486647	132474
486651	132478
486658	132484
486660	132485
486669	132487
486692	132495
486730	132506
486755	132512
486768	132523
486793	132526
486795	132515
486797	132514
486800	132513
486803	132513
486804	132514
486814	132522
486818	132525
486825	132528
486833	132531
486837	132532
486859	132528
486865	132525
486869	132523
486874	132517
486881	132504
486887	132506
486898	132514
486901	132516
486907	132518
486977	132528
487004	132530
487022	132521
487027	132518
487038	132514
487043	132513
487057	132510
487059	132498
487067	132492
487089	132497
487098	132492
487101	132491
487114	132493
487116	132492
487118	132491
487118	132490
487117	132484
487119	132482
487126	132486
487134	132489
487143	132480
487160	132491
487161	132494
487209	132484
487212	132495
487220	132497
487222	132500
487223	132500
487232	132494
487234	132492
487236	132491
487238	132491
487240	132491
487242	132493
487244	132501
487245	132503
487248	132506
487275	132508
487289	132511
487290	132511
487291	132514
487292	132518
487293	132522
487289	132538
487292	132544
487290	132568
487292	132571
487294	132573
487298	132575
487317	132575
487329	132585
487348	132584
487348	132585
487351	132603
487356	132616
487359	132622
487363	132627
487368	132633
487375	132639
487401	132643
487401	132643
487409	132639
487419	132635
487430	132631
487442	132630
487459	132624
487487	132619
487489	132618
487511	132619
487518	132618
487526	132617
487532	132615
487533	132615
487573	132603
487579	132603
487587	132605
487601	132603
487608	132600
487616	132593
487618	132592
487624	132589
487633	132587
487637	132586
487669	132591
487694	132589
487704	132586
487707	132584
487708	132575
487708	132563
487707	132557
487707	132554
487709	132550
487712	132547
487778	132530
487795	132520
487803	132517
487811	132514
487821	132513
487831	132512
487836	132512
487867	132506
487883	132493
487903	132482
487919	132470
487925	132463
487927	132460
487935	132440
487936	132438
487941	132434
487947	132432
487953	132433
487957	132435
487965	132449
487996	132484
487994	132516
487995	132521
487998	132525
488002	132529
488072	132549
488118	132545
488189	132546
488217	132532
488231	132532
488235	132531
488244	132528
488255	132522
488260	132520
488270	132518
488283	132513
488287	132513
488296	132518
488299	132520
488308	132520
488313	132521
488323	132529
488326	132529
488330	132530
488336	132530
488341	132529
488353	132526
488363	132525
488378	132529
488384	132529
488390	132527
488395	132523
488398	132522
488415	132525
488417	132524
488420	132523
488424	132520
488435	132503
488440	132499
488443	132498
488448	132497
488459	132495
488472	132496
488478	132498
488481	132500
488488	132508
488492	132513
488494	132514
488498	132516
488502	132516
488536	132504
488545	132499
488550	132495
488561	132485
488563	132482
488565	132479
488566	132476
488566	132472
488564	132464
488565	132460
488576	132452
488597	132446
488605	132444
488614	132445
488619	132445
488632	132459
488633	132463
488636	132468
488640	132471
488643	132472
488647	132473
488647	132473
488652	132470
488658	132470
488664	132464
488679	132440
488684	132427
488689	132413
488688	132406
488690	132398
488693	132394
488693	132392
488693	132388
488693	132381
488693	132375
488712	132371
488729	132366
488741	132365
488759	132358
488759	132358
488764	132360
488767	132360
488771	132360
488790	132352
488795	132351
488803	132351
488807	132351
488815	132350
488826	132350
488838	132352
488842	132354
488846	132356
488866	132363
488876	132363
488883	132364
488884	132364
488896	132349
488898	132348
488923	132321
488939	132300
488956	132274
488963	132258
488976	132245
488982	132236
488988	132223
488989	132214
488989	132208
488987	132199
488983	132193
488979	132191
488978	132187
488986	132158
488992	132148
489003	132137
489006	132131
489007	132127
489008	132119
489007	132112
489004	132098
489004	132089
489005	132084
489014	132063
489015	132056
489014	132047
489018	132040
489027	132032
489031	132028
489036	132025
489042	132023
489050	132020
489059	132015
489061	132013
489064	132007
489066	132000
489068	131994
489068	131991
489062	131977
489061	131974
489062	131971
489064	131968
489066	131960
489079	131950
489090	131948
489095	131941
489098	131939
489104	131937
489113	131935
489117	131934
489120	131933
489123	131930
489130	131925
489147	131919
489149	131918
489151	131914
489153	131905
489154	131904
489156	131903
489161	131900
489162	131892
489172	131889
489178	131886
489187	131878
489213	131863
489218	131862
489221	131856
489223	131854
489230	131848
489233	131849
489247	131847
489255	131844
489262	131841
489263	131837
489264	131836
489267	131834
489270	131833
489285	131833
489287	131833
489290	131832
489302	131824
489312	131818
489316	131815
489318	131814
489332	131810
489347	131801
489358	131795
489365	131787
489371	131782
489374	131779
489382	131762
489387	131758
489391	131755
489403	131753
489416	131749
489418	131749
489425	131750
489429	131750
489437	131748
489439	131748
489444	131749
489452	131746
489454	131745
489458	131739
489460	131739
489463	131739
489474	131744
489478	131745
489483	131745
489488	131744
489491	131742
489510	131726
489513	131723
489516	131721
489520	131719
489523	131719
489527	131719
489543	131718
489554	131716
489564	131717
489564	131717
489623	131722
489653	131727
489667	131732
489675	131734
489685	131730
489694	131729
489719	131733
489745	131734
489753	131732
489762	131725
489767	131724
489779	131726
489789	131723
489799	131722
489806	131724
489814	131721
489829	131710
489837	131709
489849	131710
489863	131714
489877	131712
489886	131713
489889	131710
489895	131702
489900	131699
489913	131699
489936	131706
489936	131706
489969	131695
490000	131697
490019	131699
490019	131699
490037	131696
490063	131691
490073	131689
490097	131681
490108	131678
490135	131676
490150	131676
490185	131684
490218	131691
490236	131692
490252	131693
490268	131693
490308	131697
490330	131698
490342	131702
490355	131710
490369	131721
490380	131727
490423	131745
490423	131745
490431	131750
490439	131756
490452	131761
490467	131769
490481	131770
490484	131771
490489	131774
490494	131777
490497	131781
490502	131787
490518	131798
490528	131808
490543	131814
490558	131820
490601	131835
490624	131842
490673	131848
490678	131848
490683	131847
490689	131846
490693	131844
490699	131841
490710	131834
490729	131816
490757	131778
490770	131756
490773	131752
490778	131746
490785	131740
490809	131703
490818	131683
490821	131676
490826	131670
490833	131660
490840	131651
490844	131646
490850	131640
490858	131636
490865	131633
490894	131612
490934	131590
490968	131578
490974	131572
490988	131565
490999	131561
491017	131558
491020	131557
491026	131554
491031	131551
491034	131549
491042	131538
491048	131529
491053	131520
491057	131510
491071	131480
491083	131457
491086	131458
491089	131457
491091	131456
491093	131453
491095	131449
491097	131443
491098	131437
491099	131427
491114	131399
491118	131393
491128	131384
491134	131378
491134	131378
491142	131367
491170	131348
491194	131328
491208	131319
491218	131311
491227	131297
491234	131293
491255	131287
491307	131274
491330	131269
491338	131267
491355	131256
491387	131234
491413	131216
491427	131207
491435	131204
491449	131203
491489	131203
491520	131201
491532	131203
491569	131217
491569	131217
491609	131234
491645	131248
491673	131262
491713	131283
491742	131293
491772	131300
491800	131308
491818	131312
491826	131314
491832	131318
491839	131322
491845	131327
491851	131335
491865	131350
491887	131375
491900	131394
491989	131468
492017	131489
492054	131510
492054	131510
492060	131514
492064	131516
492068	131518
492073	131519
492082	131520
492100	131520
492128	131518
492147	131516
492156	131514
492165	131511
492187	131500
492204	131495
492280	131497
492290	131498
492299	131499
492302	131499
492321	131497
492335	131492
492381	131490
492396	131493
492407	131495
492413	131497
492418	131500
492428	131508
492469	131530
492496	131548
492548	131574
492592	131589
492621	131600
492651	131610
492687	131616
492712	131618
492739	131622
492767	131625
492787	131624
492804	131621
492812	131621
492838	131623
492863	131623
492877	131626
492892	131629
492937	131640
492964	131648
493005	131672
493038	131689
493073	131710
493082	131714
493088	131716
493094	131718
493100	131718
493106	131718
493115	131717
493160	131722
493239	131735
493255	131736
493271	131738
493297	131736
493315	131736
493327	131737
493332	131739
493336	131741
493359	131774
493377	131790
493400	131818
493420	131849
493435	131880
493457	131924
493476	131967
493488	131991
493488	131991
493501	132015
493504	132028
493507	132042
493514	132061
493531	132089
493552	132110
493552	132110
493559	132115
493573	132128
493582	132136
493606	132158
493660	132215
493671	132227
493709	132234
493748	132244
493792	132254
493814	132260
493833	132263
493851	132268
493920	132264
493954	132265
493965	132266
493991	132271
494018	132274
494045	132280
494069	132281
494093	132290
494099	132292
494120	132295
494140	132300
494166	132315
494246	132371
494265	132386
494305	132401
494342	132424
494371	132430
494394	132433
494423	132439
494451	132439
494487	132439
494515	132445
494552	132453
494570	132455
494587	132456
494615	132454
494638	132450
494638	132450
494765	132434
494775	132434
494781	132434
494794	132437
494803	132441
494811	132447
494818	132454
494823	132462
494867	132499
494884	132509
494901	132525
494911	132532
494929	132542
494937	132546
494966	132549
495000	132551
495000	132551
495000	132551
495012	132552
495046	132554
495083	132552
495132	132554
495168	132560
495174	132563
495190	132571
495240	132592
495271	132598
495292	132603
495340	132611
495405	132632
495476	132654
495502	132663
495542	132683
495584	132708
495596	132716
495617	132731
495639	132747
495685	132761
495721	132772
495754	132789
495787	132810
495818	132841
495843	132866
495866	132891
495886	132921
495912	132953
495933	132982
495946	132995
495965	133007
495965	133007
495989	133024
496036	133053
496070	133074
496088	133080
496108	133081
496117	133081
496136	133079
496159	133076
496198	133069
496210	133065
496221	133061
496279	133034
496327	133010
496340	132999
496356	132994
496395	132987
496419	132980
496436	132980
496476	132985
496488	132986
496512	132987
496515	132979
496563	132987
496583	132988
496628	133003
496641	133005
496656	133005
496661	133004
496667	133002
496676	132996
496709	132964
496724	132943
496732	132928
496738	132930
496746	132919
496750	132916
496755	132913
496770	132904
496795	132879
496823	132854
496857	132839
496897	132820
496915	132805
496942	132780
496955	132767
496968	132753
497007	132709
497048	132670
497066	132645
497090	132623
497113	132610
497146	132597
497185	132580
497223	132559
497267	132528
497297	132511
497295	132502
497322	132488
497347	132478
497370	132460
497396	132444
497408	132438
497480	132434
497529	132419
497561	132408
497584	132397
497597	132391
497608	132383
497624	132371
497631	132374
497661	132345
497688	132318
497715	132293
497746	132262
497763	132243
497776	132226
497788	132199
497796	132186
497801	132180
497812	132170
497843	132149
497882	132127
497906	132117
497936	132112
497969	132108
497994	132103
498055	132087
498084	132084
498119	132081
498140	132079
498175	132081
498208	132086
498244	132091
498319	132093
498319	132093
498341	132092
498358	132094
498388	132104
498435	132115
498459	132116
498485	132119
498527	132132
498546	132140
498555	132146
498598	132179
498662	132233
498700	132261
498728	132286
498769	132313
498799	132338
498823	132360
498844	132392
498861	132426
498875	132455
498884	132468
498900	132485
498917	132508
498935	132540
498956	132572
498974	132600
498994	132615
499025	132632
499052	132649
499066	132654
499088	132660
499124	132672
499182	132693
499239	132720
499269	132732
499298	132746
499353	132766
499383	132776
499424	132788
499473	132800
499501	132809
499524	132816
499538	132819
499553	132822
499559	132816
499581	132822
499606	132833
499640	132852
499668	132867
499695	132878
499719	132888
499737	132880
499751	132879
499766	132875
499791	132864
499795	132878
499838	132868
499859	132859
499866	132857
499878	132853
499908	132846
499917	132845
499922	132845
499932	132847
499977	132843
500000	132840
500000	132840
500000	132840
500017	132835
500033	132828
500044	132825
500056	132825
500073	132825
500085	132827
500109	132830
500116	132830
500122	132830
500143	132824
500164	132819
500185	132816
500190	132815
500210	132810
500230	132807
500232	132802
500254	132801
500260	132800
500270	132798
500279	132795
500289	132792
500347	132773
500353	132770
500356	132768
500369	132750
500372	132741
500374	132735
500381	132714
500383	132709
500386	132706
500391	132702
500406	132698
500412	132696
500418	132695
500425	132691
500431	132686
500445	132676
500456	132669
500474	132662
500500	132651
500511	132648
500529	132647
500534	132646
500546	132641
500553	132639
500566	132640
500574	132644
500608	132633
500659	132620
500694	132603
500717	132590
500734	132583
500743	132579
500770	132583
500787	132583
500800	132588
500822	132591
500837	132590
500838	132587
500840	132563
500883	132567
500897	132566
500902	132565
500943	132551
500975	132535
501066	132508
501075	132532
501076	132533
501079	132536
501089	132540
501092	132542
501097	132547
501105	132570
501108	132578
501127	132605
501132	132613
501135	132617
501149	132632
501156	132639
501158	132640
501174	132647
501182	132653
501187	132657
501191	132664
501193	132668
501197	132692
501205	132690
501205	132690
501204	132686
501204	132683
501204	132681
501205	132678
501213	132667
501218	132664
501227	132660
501235	132658
501240	132657
501293	132656
501325	132651
501328	132650
501337	132647
501360	132639
501373	132637
501398	132629
501419	132627
501439	132632
501461	132616
501486	132609
501504	132603
501542	132588
501548	132586
501593	132562
501601	132559
501625	132553
501630	132552
501636	132551
501653	132552
501659	132548
501743	132551
501748	132552
501770	132559
501801	132573
501812	132575
501823	132577
501871	132574
501882	132575
501915	132574
501926	132573
501946	132571
501962	132568
501966	132568
501966	132561
501974	132563
501979	132563
502007	132571
502014	132572
502042	132577
502048	132577
502056	132577
502080	132573
502110	132567
502114	132573
502151	132566
502191	132556
502212	132553
502221	132552
502242	132552
502252	132554
502265	132555
502273	132534
502278	132507
502277	132495
502270	132464
502270	132458
502271	132454
502273	132448
502274	132447
502281	132442
502290	132439
502303	132436
502327	132433
502348	132433
502369	132435
502374	132437
502381	132441
502385	132448
502389	132451
502393	132453
502397	132453
502399	132452
502401	132449
502402	132446
502401	132440
502403	132433
502408	132429
502412	132427
502417	132426
502419	132427
502425	132433
502428	132438
502439	132479
502449	132492
502462	132501
502464	132502
502464	132505
502464	132508
502463	132509
502456	132517
502448	132532
502448	132535
502455	132542
502457	132544
502460	132545
502464	132545
502477	132538
502515	132504
502517	132503
502522	132503
502532	132508
502534	132511
502537	132516
502539	132523
502540	132531
502546	132549
502547	132559
502547	132570
502547	132582
502546	132587
502544	132595
502545	132598
502546	132599
502561	132603
502564	132603
502567	132602
502572	132600
502615	132586
502623	132585
502655	132571
502662	132566
502673	132559
502673	132559
502688	132582
502693	132614
502696	132626
502698	132631
502696	132640
502698	132644
502697	132659
502699	132662
502701	132666
502714	132681
502716	132689
502722	132700
502751	132730
502764	132748
502777	132763
502783	132767
502799	132771
502803	132773
502808	132778
502817	132795
502824	132800
502825	132802
502826	132805
502831	132817
502834	132824
502845	132843
502849	132848
502858	132856
502861	132860
502864	132865
502865	132867
502870	132888
502854	132898
502849	132898
502830	132913
502817	132925
502755	132965
502743	132973
502737	132979
502723	133001
502707	133036
502700	133037
502686	133058
502679	133067
502662	133095
502659	133100
502650	133122
502646	133130
502638	133141
502620	133173
502619	133176
502618	133181
502617	133194
502618	133201
502619	133205
502624	133213
502631	133219
502633	133222
502635	133229
502636	133234
502635	133293
502634	133298
502631	133306
502603	133349
502592	133365
502589	133371
502584	133383
502582	133395
502582	133395
502586	133397
502623	133408
502666	133421
502679	133424
502689	133424
502701	133422
502719	133415
502732	133409
502737	133407
502743	133407
502764	133410
502793	133414
502805	133415
502805	133415
502817	133416
502816	133432
502816	133448
502820	133465
502831	133498
502840	133524
502852	133551
502859	133566
502861	133570
502863	133572
502878	133577
502895	133583
502903	133583
502909	133582
502920	133575
502929	133572
502938	133573
502938	133573
502947	133574
502961	133577
502954	133598
502953	133603
502950	133636
502962	133630
502977	133623
503004	133609
503013	133606
503032	133600
503032	133593
503085	133581
503121	133571
503121	133564
503123	133552
503136	133553
503144	133553
503154	133551
503180	133551
503241	133548
503275	133543
503284	133544
503290	133541
503293	133539
503298	133534
503302	133530
503312	133515
503320	133517
503322	133506
503322	133494
503320	133486
503319	133483
503315	133477
503309	133470
503297	133459
503298	133453
503233	133436
503232	133433
503228	133398
503229	133389
503232	133381
503243	133363
503248	133352
503250	133344
503259	133286
503297	133306
503306	133309
503323	133315
503338	133321
503344	133324
503349	133325
503364	133326
503455	133323
503462	133343
503479	133376
503483	133383
503495	133401
503488	133405
503489	133429
503491	133437
503504	133468
503505	133475
503504	133481
503498	133503
503501	133507
503505	133510
503516	133514
503519	133514
503557	133511
503561	133505
503575	133504
503592	133501
503605	133500
503636	133501
503651	133499
503656	133497
503663	133496
503677	133492
503679	133491
503678	133474
503678	133453
503714	133438
503721	133444
503745	133435
503772	133433
503805	133428
503847	133425
503848	133434
503851	133447
503853	133453
503855	133455
503856	133456
503876	133454
503877	133454
503887	133445
503890	133445
503937	133458
503938	133458
503940	133456
503946	133449
503950	133439
503953	133428
503957	133428
503972	133428
503995	133427
504021	133427
504036	133425
504052	133419
504072	133409
504078	133412
504074	133394
504073	133378
504074	133376
504215	133290
504217	133290
504218	133291
504227	133301
504231	133308
504234	133313
504243	133334
504248	133331
504259	133326
504275	133324
504285	133323
504295	133323
504302	133323
504312	133326
504318	133328
504323	133329
504328	133329
504332	133329
504339	133327
504371	133320
504401	133312
504408	133309
504414	133305
504416	133303
504422	133291
504420	133286
504420	133284
504450	133268
504458	133264
504557	133213
504559	133214
504564	133228
504566	133229
504582	133224
504593	133222
504603	133220
504612	133219
504620	133219
504662	133221
504662	133220
504661	133215
504660	133212
504662	133203
504663	133198
504671	133169
504673	133169
504683	133170
504704	133166
504709	133167
504730	133169
504773	133167
504784	133168
504789	133169
504839	133186
504866	133192
504904	133198
504937	133203
504937	133204
504914	133246
504925	133257
504944	133263
504962	133270
504985	133296
504986	133310
504995	133322
505000	133333
505000	133333
505000	133333
505011	133364
505014	133378
505030	133393
505055	133409
505103	133395
505120	133396
505128	133398
505132	133401
505167	133429
505211	133474
505236	133503
505272	133524
505301	133551
505301	133551
505324	133568
505348	133583
505371	133601
505402	133622
505413	133636
505428	133660
505430	133681
505433	133702
505436	133711
505441	133725
505453	133752
505477	133771
505501	133785
505550	133815
505575	133827
505586	133832
505609	133843
505634	133858
505655	133874
505677	133877
505687	133878
505687	133878
505713	133879
505732	133880
505774	133873
505774	133873
505852	133861
505875	133856
505899	133855
505934	133852
505952	133854
505976	133865
506054	133926
506072	133939
506083	133941
506091	133937
506096	133934
506102	133934
506106	133938
506111	133949
506129	133972
506152	134013
506184	134056
506201	134071
506213	134079
506224	134081
506254	134077
506264	134078
506282	134081
506299	134076
506309	134075
506323	134081
506323	134081
506341	134092
506347	134103
506360	134109
506406	134123
506419	134127
506449	134140
506458	134144
506518	134176
506529	134182
506538	134189
506550	134196
506561	134201
506584	134209
506599	134212
506607	134213
506646	134215
506651	134215
506660	134213
506667	134211
506717	134197
506781	134175
506800	134171
506817	134168
506846	134171
506893	134178
506928	134186
506965	134204
506987	134218
506994	134217
507003	134223
507012	134234
507038	134247
507053	134257
507061	134260
507079	134271
507094	134285
507104	134296
507116	134306
507189	134348
507204	134354
507229	134357
507247	134361
507267	134364
507304	134374
507330	134376
507355	134380
507407	134385
507424	134386
507526	134410
507534	134411
507543	134412
507570	134413
507606	134415
507647	134407
507668	134405
507681	134406
507708	134414
507757	134421
507778	134423
507786	134426
507819	134430
507862	134431
507913	134453
507939	134466
507945	134463
507948	134465
507952	134468
507964	134478
507977	134489
507991	134501
507996	134509
508023	134536
508067	134569
508090	134583
508107	134593
508127	134603
508148	134606
508161	134606
508174	134603
508188	134601
508196	134598
508209	134593
508257	134585
508267	134584
508276	134583
508316	134588
508324	134586
508346	134574
508358	134571
508364	134567
508388	134543
508395	134536
508412	134526
508435	134507
508442	134509
508454	134503
508467	134499
508483	134498
508500	134500
508527	134508
508540	134514
508554	134533
508566	134554
508573	134563
508588	134585
508588	134585
508594	134591
508606	134598
508645	134611
508657	134616
508684	134620
508703	134621
508712	134623
508719	134623
508730	134622
508772	134616
508809	134608
508823	134607
508828	134607
508844	134612
508878	134624
508917	134606
508923	134599
508969	134540
508984	134522
508986	134519
508985	134515
508985	134515
508984	134489
508986	134482
508993	134470
508999	134468
509016	134466
509032	134447
509051	134437
509054	134432
509054	134416
509061	134410
509062	134406
509058	134379
509061	134373
509088	134366
509133	134360
509158	134355
509158	134355
509168	134354
509217	134348
509228	134345
509234	134339
509237	134316
509238	134315
509244	134315
509261	134315
509301	134314
509321	134315
509341	134317
509362	134322
509388	134329
509409	134331
509438	134337
509458	134344
509481	134354
509500	134360
509513	134366
509521	134372
509536	134394
509555	134428
509592	134491
509599	134499
509602	134503
509610	134509
509615	134515
509621	134521
509636	134540
509643	134546
509664	134555
509673	134561
509700	134581
509725	134593
509739	134604
509754	134612
509763	134620
509777	134630
509804	134652
509809	134655
509820	134660
509843	134674
509864	134685
509874	134689
509892	134695
509921	134700
509935	134701
509949	134702
509971	134701
509987	134705
510000	134710
510000	134710
510000	134710
510046	134722
510066	134726
510085	134730
510132	134737
510141	134739
510167	134751
510176	134758
510180	134762
510185	134768
510194	134785
510197	134795
510201	134802
510204	134807
510236	134844
510240	134849
510244	134852
510261	134864
510270	134869
510270	134869
510274	134871
510285	134875
510311	134884
510331	134892
510335	134896
510338	134897
510343	134897
510347	134896
510374	134900
510383	134903
510398	134910
510409	134918
510408	134925
510422	134936
510437	134945
510467	134954
510498	134957
510503	134951
510548	134974
510553	134975
510583	134979
510587	134980
510591	134982
510605	134991
510611	135000
510611	135000
510615	135015
510616	135025
510616	135030
510618	135035
510620	135041
510624	135049
510634	135072
510638	135078
510646	135087
510652	135093
510661	135099
510689	135116
510693	135119
510697	135122
510704	135129
510751	135169
510760	135174
510767	135177
510767	135177
510769	135171
510851	135198
510870	135205
510964	135244
510969	135247
510974	135249
510979	135250
510983	135249
510988	135248
510999	135248
511058	135271
511066	135278
511082	135289
511085	135290
511121	135298
511132	135301
511155	135305
511181	135313
511201	135322
511207	135325
511214	135322
511248	135343
511267	135352
511285	135356
511293	135358
511308	135360
511315	135363
511325	135364
511327	135371
511335	135373
511341	135377
511348	135381
511355	135388
511428	135440
511442	135450
511447	135446
511458	135448
511481	135451
511498	135451
511504	135451
511525	135455
511531	135457
511534	135457
511539	135455
511568	135448
511572	135436
511575	135433
511580	135431
511607	135434
511627	135432
511658	135438
511676	135444
511719	135453
511737	135456
511747	135459
511749	135453
511751	135452
511799	135470
511799	135470
511799	135470
511838	135478
511838	135478
511853	135481
511887	135487
511970	135491
511982	135495
511986	135496
512060	135550
512072	135558
512076	135560
512089	135564
512089	135564
512112	135575
512143	135605
512161	135640
512186	135670
512207	135687
512211	135689
512217	135688
512220	135688
512223	135691
512233	135700
512248	135722
512254	135736
512264	135750
512294	135774
512330	135804
512355	135837
512357	135844
512358	135867
512359	135903
512361	135942
512365	135984
512365	135987
512359	135997
512358	136001
512359	136008
512364	136023
512367	136038
512368	136068
512367	136101
512369	136111
512386	136146
512412	136186
512420	136202
512431	136214
512458	136243
512481	136273
512494	136288
512499	136300
512511	136311
512543	136340
512585	136357
512617	136375
512652	136391
512680	136402
512698	136404
512717	136406
512757	136416
512788	136418
512806	136418
512833	136420
512873	136431
512911	136445
512956	136472
513028	136512
513053	136521
513079	136526
513134	136527
513186	136534
513266	136543
513266	136543
513297	136546
513355	136546
513364	136545
513367	136545
513373	136547
513388	136555
513397	136560
513402	136562
513411	136563
513417	136562
513431	136564
513440	136560
513460	136561
513487	136558
513498	136556
513502	136556
513509	136557
513517	136560
513521	136561
513528	136562
513591	136554
513626	136548
513661	136538
513729	136524
513750	136522
513767	136523
513788	136525
513827	136528
513848	136531
513890	136538
513907	136545
513978	136564
513984	136567
513992	136570
514026	136586
514037	136583
514044	136582
514056	136582
514072	136588
514151	136604
514172	136610
514193	136610
514230	136610
514235	136610
514244	136612
514257	136615
514276	136625
514290	136624
514300	136621
514313	136617
514330	136615
514354	136615
514368	136617
514420	136635
514450	136648
514457	136652
514462	136654
514470	136655
514477	136655
514489	136661
514518	136680
514511	136693
514509	136700
514507	136713
514506	136717
514504	136721
514497	136730
514496	136733
514496	136737
514496	136740
514498	136743
514508	136756
514514	136764
514518	136768
514521	136770
514535	136778
514540	136783
514541	136784
514542	136787
514536	136791
514532	136791
514529	136793
514527	136794
514525	136796
514524	136798
514523	136801
514523	136804
514525	136809
514526	136813
514528	136816
514535	136827
514551	136846
514558	136850
514562	136849
514567	136847
514571	136844
514574	136839
514576	136836
514574	136816
514574	136813
514575	136810
514578	136806
514581	136805
514584	136803
514613	136785
514617	136780
514619	136776
514624	136773
514627	136775
514635	136784
514638	136786
514643	136788
514652	136793
514654	136794
514658	136794
514662	136793
514664	136792
514671	136784
514675	136782
514691	136778
514697	136778
514707	136781
514711	136781
514715	136777
514728	136787
514734	136788
514747	136788
514749	136789
514752	136791
514754	136793
514755	136795
514756	136798
514758	136820
514759	136824
514760	136827
514763	136829
514765	136831
514775	136833
514778	136827
514778	136814
514777	136807
514780	136800
514792	136800
514830	136798
514857	136794
514876	136803
514877	136809
514872	136811
514852	136812
514849	136816
514846	136823
514845	136827
514845	136834
514855	136855
514858	136870
514860	136871
514864	136874
514869	136876
514878	136878
514882	136878
514891	136875
514895	136875
514904	136877
514907	136877
514917	136876
514919	136877
514923	136879
514926	136883
514929	136889
514929	136890
514918	136904
514913	136914
514911	136918
514908	136930
514905	136950
514906	136957
514897	136977
514897	136978
514903	136985
514912	136991
514922	136997
514927	137001
514936	137006
514957	137006
514971	137009
514975	137010
514982	137015
514985	137017
514993	137020
514997	137024
515000	137026
515000	137026
515000	137026
515010	137031
515021	137030
515029	137027
515034	137019
515044	137021
515048	137016
515056	137012
515062	137007
515059	137003
515059	137001
515059	137000
515060	136998
515062	136997
515073	136990
515085	136983
515102	136985
515202	136926
515220	136901
515260	136840
515263	136837
515271	136828
515274	136824
515289	136802
515298	136788
515301	136784
515314	136772
515335	136756
515357	136745
515377	136737
515383	136736
515390	136735
515409	136736
515441	136737
515454	136737
515470	136735
515476	136735
515486	136737
515518	136740
515528	136740
515535	136739
515545	136736
515552	136742
515557	136745
515565	136747
515582	136753
515607	136761
515631	136766
515639	136769
515662	136778
515665	136773
515682	136782
515710	136797
515715	136798
515730	136797
515772	136799
515785	136802
515804	136809
515808	136809
515809	136817
515814	136818
515823	136819
515834	136819
515847	136814
515859	136813
515870	136813
515884	136815
515885	136810
515951	136815
515969	136818
515975	136818
515975	136825
516014	136839
516022	136846
516040	136855
516062	136868
516067	136872
516075	136881
516081	136877
516105	136902
516132	136931
516132	136931
516141	136939
516145	136941
516164	136945
516194	136958
516228	136968
516319	136986
516321	136993
516335	136989
516342	136989
516349	136990
516353	136991
516378	137007
516383	137010
516399	137016
516406	137019
516436	137029
516457	137033
516493	137046
516517	137052
516535	137059
516566	137074
516585	137085
516655	137129
516669	137136
516686	137146
516702	137158
516724	137173
516729	137176
516739	137181
516757	137189
516814	137209
516820	137212
516830	137220
516838	137224
516853	137230
516855	137232
516859	137236
516865	137246
516871	137251
516879	137254
516890	137257
516894	137259
516898	137262
516901	137265
516906	137272
516911	137278
516927	137299
516935	137317
516938	137321
516943	137327
516954	137341
516948	137345
516959	137363
516965	137375
516976	137409
516981	137418
516986	137435
516992	137434
517008	137450
517017	137458
517034	137471
517037	137473
517037	137481
517062	137511
517092	137518
517100	137522
517105	137524
517109	137526
517118	137535
517127	137540
517132	137532
517140	137538
517162	137564
517175	137581
517193	137602
517207	137611
517210	137613
517224	137617
517236	137613
517243	137613
517247	137612
517251	137610
517255	137608
517261	137604
517314	137583
517320	137590
517370	137575
517386	137570
517438	137582
517441	137576
517522	137554
517541	137551
517545	137550
517557	137544
517567	137541
517588	137546
517591	137547
517603	137547
517619	137544
517643	137536
517701	137496
517710	137493
517710	137493
517786	137471
517788	137463
517832	137461
517840	137462
517845	137461
517853	137460
517888	137456
517896	137455
517911	137455
517948	137455
517958	137456
517967	137456
517976	137455
517994	137451
518024	137445
518045	137445
518054	137446
518059	137446
518068	137444
518073	137441
518080	137440
518099	137440
518116	137440
518168	137437
518179	137435
518186	137435
518205	137437
518237	137445
518249	137448
518249	137455
518256	137460
518264	137465
518287	137478
518328	137493
518337	137495
518378	137502
518382	137497
518389	137498
518388	137534
518388	137535
518418	137518
518419	137518
518431	137546
518439	137555
518441	137556
518470	137532
518520	137520
518546	137512
518558	137509
518565	137506
518585	137501
518609	137498
518671	137494
518701	137493
518722	137494
518754	137491
518795	137490
518821	137495
518883	137513
518911	137520
518942	137524
519012	137531
519025	137532
519038	137535
519059	137542
519069	137546
519146	137587
519166	137597
519183	137605
519229	137625
519242	137632
519263	137641
519282	137645
519282	137645
519323	137658
519332	137660
519336	137662
519355	137673
519380	137686
519408	137688
519415	137691
519421	137693
519458	137695
519467	137697
519507	137718
519514	137723
519538	137741
519556	137751
519603	137770
519610	137774
519618	137776
519623	137779
519644	137791
519652	137796
519661	137804
519683	137824
519697	137839
519703	137844
519722	137859
519738	137869
519761	137886
519776	137904
519785	137917
519801	137931
519805	137938
519813	137951
519821	137971
519832	138005
519853	138047
519863	138065
519878	138081
519887	138090
519891	138095
519906	138119
519902	138124
519937	138157
519945	138165
519950	138169
519959	138174
519977	138187
520000	138197
520000	138197
520000	138197
520010	138200
520039	138203
520054	138207
520072	138205
520075	138211
520109	138214
520122	138216
520139	138208
520164	138197
520188	138191
520232	138185
520244	138181
520247	138176
520266	138175
520284	138170
520296	138164
520300	138164
520303	138164
520306	138165
520310	138169
520319	138171
520334	138172
520374	138171
520395	138167
520406	138161
520443	138155
520470	138153
520490	138151
520496	138159
520505	138157
520512	138157
520525	138157
520550	138158
520558	138161
520581	138171
520604	138170
520606	138166
520632	138176
520643	138181
520651	138182
520660	138183
520688	138175
520696	138174
520704	138176
520715	138181
520722	138182
520726	138182
520732	138181
520736	138182
520741	138186
520751	138190
520777	138195
520775	138204
520792	138205
520810	138214
520838	138229
520854	138237
520870	138245
520903	138258
520914	138264
520918	138259
520960	138286
520960	138292
520980	138305
521016	138330
521030	138344
521048	138352
521070	138361
521091	138371
521119	138386
521153	138403
521193	138419
521220	138432
521225	138428
521240	138438
521264	138451
521273	138453
521280	138456
521287	138460
521296	138466
521308	138476
521337	138498
521373	138542
521382	138554
521389	138566
521389	138577
521406	138597
521410	138594
521418	138605
521422	138611
521432	138631
521426	138633
521429	138645
521449	138699
521459	138719
521463	138721
521475	138754
521497	138783
521511	138802
521506	138808
521529	138830
521547	138850
521558	138869
521568	138880
521600	138914
521614	138930
521649	138964
521672	138983
521693	138997
521714	139007
521727	139014
521740	139021
521752	139029
521761	139048
521764	139053
521783	139078
521791	139084
521796	139087
521803	139090
521811	139093
521849	139096
521926	139108
521971	139118
521999	139127
522014	139136
522057	139158
522071	139165
522087	139171
522104	139177
522147	139185
522200	139201
522200	139201
522230	139218
522254	139230
522278	139240
522297	139245
522323	139256
522331	139260
522346	139270
522373	139291
522401	139316
522408	139325
522403	139330
522421	139350
522437	139358
522454	139368
522461	139376
522466	139385
522477	139402
522485	139410
522492	139419
522499	139432
522502	139443
522507	139451
522524	139469
522549	139491
522565	139501
522584	139511
522600	139518
522651	139529
522677	139541
522687	139547
522695	139551
522702	139553
522715	139555
522723	139555
522728	139554
522736	139552
522750	139545
522754	139544
522759	139543
522764	139544
522769	139545
522772	139547
522783	139556
522789	139560
522802	139566
522851	139570
522892	139580
522898	139582
522916	139590
522942	139604
522956	139613
522968	139620
522994	139633
523098	139665
523154	139676
523194	139675
523214	139673
523271	139658
523277	139651
523289	139637
523296	139632
523301	139629
523305	139627
523346	139615
523385	139605
523388	139617
523446	139618
523470	139623
523499	139619
523536	139615
523551	139620
523600	139623
523645	139622
523648	139622
523651	139615
523699	139610
523753	139609
523761	139611
523774	139612
523800	139610
523828	139605
523857	139603
523916	139609
523941	139607
524015	139608
524044	139606
524088	139611
524112	139618
524139	139620
524164	139618
524174	139628
524207	139625
524228	139620
524313	139615
524362	139606
524433	139606
524520	139598
524578	139581
524641	139576
524653	139574
524664	139573
524669	139573
524699	139578
524719	139583
524744	139591
524760	139594
524768	139594
524784	139594
524825	139597
524839	139597
524847	139596
524857	139595
524876	139589
524884	139587
524907	139577
524914	139574
524918	139572
524923	139569
524926	139566
524934	139556
524939	139552
524948	139547
524970	139542
524989	139541
525000	139539
525000	139539
525000	139539
525011	139535
525081	139527
525181	139510
525287	139503
525361	139500
525418	139494
525471	139491
525569	139479
525631	139448
525654	139436
525697	139410
525731	139388
525772	139365
525810	139347
525899	139326
525947	139311
525992	139301
526001	139298
526018	139263
526022	139251
526022	139250
526022	139250
526049	139247
526085	139236
526110	139225
526170	139199
526193	139196
526197	139194
526202	139178
526207	139175
526221	139174
526248	139176
526253	139178
526256	139189
526260	139192
526263	139191
526279	139179
526337	139134
526376	139104
526399	139093
526405	139092
526407	139094
526411	139104
526415	139107
526420	139107
526473	139098
526584	139077
526641	139067
526736	139054
526808	139040
526862	139031
526924	139018
526988	139006
527009	139007
527009	139007
527012	138564
527012	138493
527014	138403
527011	138352
527004	138286
526995	138248
526977	138153
526959	138031
526950	137970
526940	137910
526921	137803
526909	137804
526901	137803
526885	137800
526880	137798
526876	137795
526872	137792
526868	137787
526865	137782
526863	137776
526860	137766
526867	137738
526867	137738
526871	137732
526877	137725
526886	137719
526903	137711
526910	137703
526905	137652
526890	137456
526879	137359
526875	137340
526873	137322
526873	137304
526874	137290
526875	137278
526880	137253
526891	137214
526895	137195
526894	137177
526889	137153
526875	137106
526861	137059
526824	136940
526807	136871
526781	136748
526781	136748
526772	136689
526761	136632
526759	136607
526751	136512
526750	136491
526749	136452
526747	136367
526747	136367
526745	136232
526745	136099
526742	136076
526737	136048
526730	136018
526710	135952
526695	135885
526685	135844
526643	135666
526624	135609
526578	135488
526573	135478
526568	135468
526565	135460
526561	135445
526555	135404
526554	135396
526553	135241
526555	135216
526558	135202
526559	135197
526564	135185
526601	135113
526601	135113
526518	135062
526518	135062
526556	135000
526556	135000
526567	134973
526572	134961
526582	134934
526588	134914
526591	134904
526601	134854
526605	134830
526608	134797
526608	134762
526605	134716
526603	134691
526599	134669
526596	134653
526593	134636
526568	134547
526535	134451
526506	134362
526477	134275
526449	134185
526429	134115
526411	134047
526400	133992
526354	133786
526335	133704
526321	133644
526317	133624
526317	133624
526297	133580
526284	133548
526277	133538
526256	133518
526218	133480
526147	133392
526115	133346
526091	133310
526060	133243
526025	133165
526003	133108
525989	133068
525980	133018
525974	132983
525971	132961
525965	132921
525956	132880
525942	132823
525937	132786
525936	132744
525937	132692
525939	132654
525936	132612
525932	132576
525935	132498
525934	132438
525935	132389
525935	132324
525941	132224
525940	132156
525935	132079
525926	131990
525924	131951
525916	131871
525913	131824
525916	131749
525922	131699
525930	131658
525947	131601
525977	131519
526019	131423
526019	131423
526042	131366
526082	131250
526111	131170
526155	131024
526195	130876
526214	130797
526238	130724
526253	130654
526267	130596
526271	130537
526277	130492
526293	130450
526308	130414
526321	130369
526336	130331
526361	130263
526369	130238
526370	130211
526365	130183
526358	130159
526343	130106
526312	130000
526312	130000
526274	129908
526230	129792
526220	129763
526219	129751
526220	129737
526234	129666
526245	129626
526252	129597
526265	129570
526298	129513
526328	129468
526352	129435
526379	129404
526447	129333
526545	129241
526626	129162
526664	129124
526692	129096
526721	129075
526828	129016
526870	128993
526920	128965
526959	128944
526972	128934
526993	128917
527036	128873
527081	128825
527106	128795
527124	128764
527131	128747
527156	128686
527176	128628
527188	128598
527208	128555
527234	128517
527293	128435
527333	128376
527353	128350
527381	128322
527439	128270
527467	128244
527555	128169
527627	128102
527685	128050
527708	128026
527735	127995
527760	127972
527792	127946
527819	127928
527849	127913
527863	127905
527878	127895
527900	127878
527927	127861
527958	127840
528000	127815
528042	127794
528053	127785
528066	127759
528079	127728
528092	127694
528104	127660
528121	127614
528142	127560
528158	127512
528179	127464
528200	127430
528200	127430
528215	127384
528227	127353
528236	127333
528251	127308
528260	127289
528267	127277
528272	127265
528284	127223
528289	127197
528293	127119
528293	127063
528296	126948
528296	126895
528297	126849
528298	126828
528302	126804
528303	126782
528302	126768
528309	126711
528311	126700
528315	126686
528324	126656
528329	126620
528347	126554
528370	126501
528402	126405
528408	126376
528414	126341
528415	126307
528415	126270
528420	126246
528424	126191
528426	126177
528427	126144
528434	126094
528452	126069
528452	126058
528480	126027
528480	126027
528499	126016
528589	125992
528621	125983
528659	125977
528723	125973
528844	125969
528917	125967
528984	125960
529052	125948
529106	125941
529171	125934
529208	125928
529249	125920
529301	125903
529353	125883
529428	125853
529504	125829
529609	125789
529684	125760
529758	125728
529866	125682
529942	125654
529980	125645
530058	125634
530123	125627
530173	125624
530221	125617
530290	125600
530341	125581
530370	125568
530381	125555
530390	125539
530439	125441
530466	125384
530489	125335
530516	125256
530526	125215
530534	125158
530534	125116
530529	125045
530524	125000
530524	125000
530505	124945
530485	124898
530479	124874
530473	124823
530465	124749
530457	124711
530442	124670
530416	124634
530384	124585
530375	124579
530363	124576
530312	124570
530293	124561
530286	124551
530280	124535
530276	124514
530271	124500
530265	124492
530250	124484
530211	124464
530121	124408
530074	124375
530052	124355
530015	124313
529993	124278
529970	124246
529936	124202
529894	124152
529832	124087
529768	124017
529688	123942
529637	123895
529591	123853
529563	123827
529496	123767
529432	123709
529367	123637
529335	123594
529301	123537
529233	123437
529188	123372
529151	123318
529137	123300
529132	123288
529125	123260
529124	123242
529129	123203
529133	123182
529150	123129
529165	123088
529179	123056
529195	123030
529209	123008
529253	122953
529301	122897
529333	122862
529392	122810
529436	122770
529469	122744
529498	122722
529520	122698
529536	122670
529550	122638
529572	122613
529590	122591
529602	122566
529620	122526
529627	122500
529633	122465
529633	122417
529627	122345
529622	122272
529622	122272
529631	122226
529639	122199
529652	122167
529684	122111
529733	122031
529771	121986
529794	121961
529813	121938
529830	121912
529863	121848
529886	121796
529922	121724
529967	121639
529975	121623
529995	121592
530016	121557
530039	121517
530058	121494
530093	121459
530120	121431
530132	121413
530150	121374
530176	121305
530182	121289
530194	121262
530217	121208
530245	121130
530245	121130
530278	121056
530317	120988
530336	120960
530379	120905
530414	120866
530447	120831
530478	120792
530521	120731
530566	120669
530598	120620
530629	120569
530645	120539
530655	120510
530674	120448
530694	120398
530702	120372
530709	120343
530715	120298
530718	120236
530721	120108
530724	120079
530729	120052
530740	120006
530756	119936
530783	119819
530798	119773
530814	119746
530822	119729
530824	119706
530828	119672
530828	119672
530826	119633
530826	119633
530817	119484
530808	119325
530799	119207
530794	119098
530790	119050
530792	118956
530800	118912
530803	118891
530808	118831
530806	118790
530806	118753
530805	118728
530805	118728
530805	118635
530805	118567
530803	118544
530802	118531
530800	118513
530795	118491
530755	118347
530742	118297
530735	118258
530732	118238
530730	118214
530727	118179
530718	118088
530715	118058
530685	118038
530685	118038
530703	117998
530703	117972
530703	117970
530683	117832
530683	117831
530678	117811
530678	117811
530683	117812
530683	117812
530675	117778
530665	117748
530656	117727
530651	117713
530647	117700
530645	117690
530644	117681
530644	117672
530645	117653
530647	117633
530647	117620
530642	117588
530636	117559
530628	117520
530621	117492
530615	117474
530607	117457
530607	117457
530607	117457
530603	117450
530597	117441
530587	117431
530577	117417
530559	117389
530558	117386
530558	117386
530515	117336
530448	117241
530403	117174
530380	117138
530370	117116
530343	117030
530337	117007
530313	116921
530289	116837
530265	116752
530245	116673
530236	116633
530234	116592
530236	116554
530242	116506
530256	116454
530293	116349
530318	116277
530325	116236
530322	116215
530309	116179
530275	116122
530230	116053
530182	115979
530144	115917
530135	115897
530135	115897
530114	115867
530092	115846
530081	115836
530070	115825
530050	115803
530038	115784
530032	115774
530019	115750
530000	115709
530000	115709
530000	115709
529968	115660
529954	115647
529947	115640
529941	115634
529935	115625
529928	115614
529923	115604
529917	115588
529912	115572
529910	115560
529910	115559
529910	115559
529904	115508
529901	115479
529901	115438
529898	115352
529895	115279
529890	115220
529885	115184
529873	115111
529865	115046
529858	115013
529841	114967
529832	114949
529826	114926
529815	114850
529807	114788
529795	114732
529792	114698
529792	114681
529792	114599
529791	114512
529793	114457
529797	114412
529802	114390
529821	114344
529846	114279
529873	114213
529873	114213
529880	114197
529885	114183
529890	114169
529892	114161
529894	114151
529895	114141
529895	114122
529892	114093
529893	114073
529882	114055
529850	114012
529827	113982
529811	113958
529798	113942
529798	113942
529754	113885
529724	113842
529699	113802
529684	113775
529679	113755
529679	113713
529677	113657
529676	113609
529667	113552
529658	113512
529648	113470
529631	113420
529602	113353
529566	113263
529549	113222
529483	113049
529443	112939
529423	112884
529399	112814
529384	112767
529375	112737
529371	112713
529354	112622
529339	112547
529323	112464
529309	112378
529293	112274
529288	112244
529286	112212
529289	112180
529298	112105
529304	112044
529317	111950
529326	111876
529331	111814
529329	111769
529321	111717
529305	111652
529275	111554
529275	111554
529236	111420
529194	111272
529183	111233
529171	111188
529164	111146
529159	111107
529150	111042
529142	110964
529141	110940
529141	110879
529142	110835
529145	110776
529151	110711
529169	110613
529193	110520
529212	110456
529216	110441
529239	110345
529251	110274
529260	110217
529268	110176
529284	110140
529303	110102
529347	110027
529407	109932
529519	109741
529596	109594
529648	109492
529680	109438
529687	109423
529719	109376
529788	109293
529843	109230
529849	109226
529861	109224
529872	109218
529880	109211
529886	109201
529894	109179
529907	109153
529961	109089
530018	109020
530096	108921
530131	108874
530159	108836
530193	108791
530233	108740
530239	108726
530241	108718
530242	108707
530243	108650
530244	108589
530242	108518
530239	108473
530232	108420
530218	108374
530196	108333
530163	108270
530153	108254
530137	108222
530117	108166
530085	108085
530037	107970
530025	107928
530025	107928
530000	107852
530000	107851
530000	107851
529980	107797
529970	107765
529954	107712
529953	107708
529950	107689
529950	107671
529951	107663
529957	107633
529963	107598
529963	107598
529966	107585
529969	107575
529971	107568
529975	107560
529982	107549
529989	107537
530000	107520
530000	107520
530000	107520
530018	107494
530025	107485
530047	107453
530061	107431
530085	107387
530100	107354
530107	107338
530111	107328
530117	107305
530119	107297
530120	107280
530120	107246
530121	107188
530121	107178
530126	107120
530131	107092
530150	107008
530152	107001
530166	106960
530173	106942
530190	106900
530194	106889
530213	106835
530220	106809
530223	106799
530227	106779
530232	106748
530235	106728
530237	106709
530237	106696
530235	106665
530233	106626
530231	106601
530231	106584
530234	106564
530245	106510
530256	106430
530268	106353
530267	106336
530268	106327
530269	106322
530278	106296
530292	106249
530299	106231
530317	106189
530329	106168
530333	106162
530349	106140
530358	106129
530395	106089
530407	106078
530416	106070
530448	106045
530488	106012
530625	105901
530734	105812
530851	105721
530851	105721
530949	105633
530949	105633
531046	105540
531172	105412
531203	105376
531252	105312
531303	105243
531322	105206
531335	105178
531351	105129
531375	105031
531382	105010
531399	104980
531399	104980
531410	104943
531417	104810
531417	104801
531418	104794
531419	104787
531422	104781
531422	104780
531422	104780
531435	104760
531438	104749
531438	104741
531437	104732
531400	104602
531379	104523
531377	104513
531377	104505
531380	104499
531382	104494
531391	104487
531401	104479
531413	104462
531413	104462
531412	104447
531411	104423
531411	104423
531400	104368
531395	104352
531387	104332
531375	104309
531371	104300
531365	104282
531361	104230
531360	104197
531351	104161
531352	104135
531356	104107
531353	104049
531353	104049
531350	104003
531351	103944
531332	103837
531330	103787
531330	103787
531325	103752
531336	103747
531336	103747
531335	103707
531335	103683
531336	103669
531332	103648
531332	103629
531333	103609
531330	103586
531321	103555
531318	103538
531322	103509
531325	103483
531325	103455
531321	103438
531313	103429
531301	103425
531284	103419
531277	103410
531274	103383
531275	103348
531281	103336
531296	103314
531355	103277
531355	103277
531360	103248
531383	102988
531383	102988
531392	102944
531450	102772
531480	102675
531506	102470
531526	101326
531516	100014
531513	98695
531521	97497
531521	97497
530855	97808
530388	97849
529452	98100
528865	98352
528798	98386
528506	98543
528270	98708
527907	98732
527482	98789
526862	98874
525843	98953
525683	98968
525184	98982
524444	98784
523479	98699
522513	98784
522310	98838
522176	98849
521956	98783
521877	98760
521645	98709
520219	98197
520029	98065
519150	97656
518801	97542
517780	97242
517396	97040
517057	96878
516563	96670
516305	96601
516252	96577
515316	96326
515011	96281
514932	96271
514632	96191
514222	96094
513689	95967
512987	95905
512788	95852
512590	95835
512161	95720
511325	95637
510906	95627
510839	95617
510223	95568
510094	95560
509845	95543
509845	95543
509455	95516
509171	95521
508515	95463
507549	95548
507508	95555
507244	95533
506811	95585
506406	95550
506303	95541
506136	95554
505744	95584
504937	95340
504772	95325
504460	95242
503796	95203
503491	95186
503353	95167
503173	95184
502385	95131
502250	95138
501901	94984
500965	94733
500732	94700
499799	94377
499696	94358
499586	94307
498650	94056
498347	94011
497977	93966
497568	93857
496603	93773
496542	93774
495827	93483
495632	93408
495404	93343
495287	93312
494985	93171
494049	92921
493619	92862
493351	92836
493124	92513
493021	92409
492946	92131
492537	91252
491981	90459
491296	89773
490641	89315
490603	89266
490412	88984
490067	88526
489381	87841
488587	87285
487709	86875
486773	86624
485807	86540
485745	86540
484899	86550
484810	86551
483945	86635
483858	86658
483735	86669
482799	86920
481921	87329
481127	87885
480850	88162
480850	88162
480441	88571
480030	89158
479843	89345
479757	89455
479580	89579
479363	89774
479284	89829
478599	90514
478285	90962
478116	91061
477579	91373
477285	91488
477243	91508
476926	91593
476540	91773
475851	91962
475543	91902
474578	91817
473612	91902
472676	92153
472020	92478
472020	92478
472306	92954
472761	93724
473113	94326
473534	95028
473725	95341
474042	95894
474334	96378
474637	96868
474877	97272
475089	97592
475128	97679
475131	97791
475131	97791
475140	97841
475152	97929
475163	98015
475173	98106
475177	98176
475183	98243
475184	98295
475191	98333
475193	98350
475215	98432
475239	98523
475256	98592
475256	98592
475255	98603
475249	98682
475248	98691
475248	98697
475278	98914
475281	98928
475281	98943
475281	98951
475280	98958
475277	98967
475272	98981
475249	99060
475240	99081
475234	99095
475209	99138
475138	99251
475117	99281
475097	99307
475089	99319
475083	99331
475065	99382
475065	99382
475035	99455
475020	99492
475000	99537
474999	99538
474999	99538
474977	99577
474815	100000
474815	100000
474815	100000
474808	100013
474805	100021
474795	100053
474789	100071
474785	100091
474774	100152
474761	100216
474748	100299
474744	100317
474739	100336
474731	100364
474700	100486
474682	100553
474674	100590
474671	100608
474667	100647
474645	100751
474634	100800
474626	100867
474619	100940
474609	101023
474581	101205
474566	101278
474550	101369
474533	101434
474504	101526
474474	101630
474421	101780
474397	101863
474378	101926
474361	102006
474343	102074
474306	102263
474294	102334
474290	102358
474274	102519
474271	102586
474272	102656
474273	102716
474273	102778
474277	102853
474282	102920
474282	102981
474284	103115
474290	103349
474294	103434
474296	103470
474297	103479
474297	103479
474299	103504
474303	103534
474303	103534
474309	103578
474311	103588
474314	103597
474324	103627
474350	103692
474361	103716
474381	103758
474410	103813
474471	103936
474500	103996
474500	103996
474520	104037
474564	104160
474573	104185
474589	104236
474619	104310
474623	104323
474629	104336
474635	104348
474640	104355
474645	104363
474664	104383
474673	104395
474681	104406
474689	104417
474695	104427
474703	104442
474709	104452
474712	104458
474715	104464
474721	104482
474724	104496
474727	104515
474729	104534
474731	104559
474731	104604
474734	104650
474744	104707
474751	104731
474755	104745
474759	104755
474761	104759
474768	104768
474776	104778
474785	104787
474809	104811
474822	104823
474832	104834
474840	104844
474845	104851
474850	104860
474854	104869
474855	104873
474858	104886
474859	104939
474862	104975
474866	105000
474866	105000
474873	105064
474876	105079
474884	105110
474912	105205
474917	105220
474931	105259
474935	105269
474942	105281
474952	105296
474975	105326
475000	105354
475005	105360
475014	105369
475021	105373
475032	105378
475056	105386
475100	105393
475111	105396
475118	105397
475125	105398
475132	105398
475137	105397
475154	105393
475169	105387
475173	105386
475178	105385
475183	105385
475210	105387
475229	105391
475230	105392
475251	105395
475272	105402
475277	105406
475284	105411
475291	105422
475292	105425
475294	105443
475294	105443
475295	105447
475292	105478
475293	105480
475299	105481
475299	105481
475278	105639
475268	105665
475254	105706
475251	105713
475251	105713
475262	105725
475263	105727
475253	105761
475246	105795
475245	105797
475209	105807
475172	105879
475134	105970
475124	106026
475117	106070
475108	106114
475116	106139
475113	106174
475119	106198
475130	106243
475137	106256
475139	106278
475145	106315
475154	106356
475164	106355
475185	106357
475210	106370
475217	106382
475219	106406
475219	106461
475220	106488
475219	106509
475219	106509
475216	106524
475219	106585
475219	106587
475215	106595
475213	106599
475205	106607
475200	106614
475199	106617
475198	106634
475195	106640
475192	106643
475186	106650
475170	106663
475166	106668
475166	106672
475169	106684
475171	106690
475176	106699
475182	106708
475187	106714
475194	106720
475202	106726
475208	106729
475223	106737
475227	106739
475231	106743
475237	106751
475243	106759
475246	106762
475255	106782
475257	106784
475260	106785
475263	106785
475267	106783
475282	106815
475293	106842
475312	106879
475321	106894
475324	106904
475327	106914
475323	106919
475325	106923
475331	106941
475321	106958
475339	106960
475342	106961
475346	106964
475347	106966
475355	106984
475353	106990
475353	106996
475358	107005
475367	107011
475373	107031
475373	107034
475371	107043
475373	107056
475372	107058
475372	107061
475373	107062
475375	107064
475377	107064
475379	107063
475391	107060
475395	107061
475397	107063
475399	107067
475400	107073
475401	107083
475402	107088
475404	107089
475412	107092
475415	107095
475418	107100
475420	107103
475422	107111
475422	107116
475434	107137
475433	107147
475433	107163
475444	107220
475450	107246
475464	107279
475499	107372
475521	107427
475524	107439
475531	107484
475532	107500
475536	107537
475533	107554
475531	107558
475531	107562
475531	107566
475532	107570
475534	107573
475560	107599
475575	107620
475593	107644
475617	107678
475647	107725
475640	107743
475616	107798
475603	107829
475586	107838
475576	107847
475562	107856
475551	107866
475542	107877
475538	107888
475538	107893
475537	107896
475535	107899
475533	107901
475532	107901
475494	107907
475490	107909
475489	107911
475486	107917
475485	107920
475485	107924
475487	107930
475489	107947
475490	107955
475490	107961
475488	107967
475485	107970
475448	107947
475446	107973
475439	107983
475426	108002
475428	108004
475433	108008
475435	108011
475437	108014
475438	108016
475438	108018
475437	108020
475434	108023
475422	108028
475414	108046
475408	108055
475397	108066
475359	108096
475332	108115
475325	108135
475323	108137
475318	108142
475315	108144
475307	108146
475300	108150
475293	108157
475282	108172
475273	108182
475254	108202
475226	108216
475218	108210
475199	108218
475176	108225
475153	108232
475146	108240
475145	108246
475140	108252
475116	108248
475103	108248
475089	108249
475064	108252
475032	108255
475011	108268
475000	108277
475000	108277
475000	108277
474980	108305
474970	108317
474952	108335
474944	108342
474941	108345
474928	108367
474926	108370
474922	108373
474918	108375
474916	108376
474907	108377
474899	108379
474882	108415
474858	108468
474836	108515
474817	108560
474796	108615
474794	108618
474784	108629
474779	108636
474774	108644
474771	108650
474769	108655
474767	108664
474764	108678
474763	108688
474763	108702
474771	108760
474776	108784
474776	108784
474776	108787
474778	108790
474778	108792
474778	108794
474777	108796
474775	108797
474772	108798
474769	108797
474769	108797
474759	108798
474752	108801
474745	108804
474738	108810
474730	108817
474723	108825
474718	108832
474714	108841
474712	108849
474710	108859
474710	108895
474708	108917
474708	108932
474713	108962
474710	108977
474706	108988
474618	109148
474601	109187
474585	109216
474551	109253
474537	109269
474510	109305
474502	109314
474481	109334
474464	109357
474392	109439
474361	109464
474347	109474
474305	109499
474300	109503
474296	109507
474292	109513
474273	109568
474261	109600
474255	109622
474249	109644
474232	109722
474227	109739
474220	109793
474216	109807
474214	109813
474184	109864
474174	109892
474163	109928
474161	109930
474157	109935
474080	110000
474080	110000
474080	110000
474068	110007
474011	110041
474017	110059
473988	110077
473932	110115
473874	110157
473852	110175
473837	110195
473824	110216
473807	110234
473767	110272
473731	110317
473718	110312
473714	110318
473692	110353
473667	110389
473647	110422
473620	110437
473620	110437
473646	110452
473636	110547
473629	110599
473621	110616
473621	110659
473621	110690
473615	110716
473593	110724
473554	110731
473507	110748
473498	110756
473488	110784
473485	110818
473478	110877
473479	110905
473487	110938
473498	110974
473507	111010
473522	111049
473530	111081
473538	111104
473549	111128
473557	111140
473587	111160
473608	111177
473618	111187
473638	111207
473666	111244
473682	111275
473723	111359
473735	111382
473741	111393
473767	111413
473782	111422
473804	111420
473811	111419
473821	111424
473833	111433
473865	111460
473889	111474
