1
4884
0
574311	158243
574297	158254
574265	158295
574196	158397
574174	158432
574113	158518
574088	158547
574058	158582
574012	158622
573941	158676
573888	158705
573855	158715
573831	158715
573805	158715
573771	158704
573582	158598
573482	158549
573454	158540
573424	158537
573395	158539
573358	158543
573335	158549
573255	158588
573201	158624
573166	158650
573116	158699
573076	158744
573033	158802
573014	158838
572992	158877
572971	158902
572951	158920
572928	158935
572908	158942
572878	158945
572845	158943
572817	158937
572787	158921
572755	158885
572736	158868
572716	158855
572696	158840
572666	158825
572644	158816
572624	158809
572611	158806
572594	158806
572572	158812
572527	158831
572493	158846
572474	158850
572456	158851
572437	158847
572419	158834
572393	158813
572355	158784
572324	158766
572293	158752
572253	158740
572231	158735
572205	158734
572184	158741
572146	158768
572092	158823
572051	158876
572034	158894
572019	158904
571993	158911
571956	158912
571919	158911
571883	158914
571853	158922
571825	158935
571799	158962
571773	159006
571764	159037
571764	159037
571748	159064
571726	159106
571711	159139
571694	159183
571675	159244
571661	159294
571653	159328
571633	159391
571633	159391
571633	159391
571619	159464
571612	159493
571600	159541
571590	159573
571579	159607
571568	159637
571556	159669
571531	159734
571521	159756
571505	159790
571486	159825
571474	159846
571457	159878
571445	159899
571436	159914
571420	159938
571420	159938
571419	159943
571413	159954
571407	159961
571402	159967
571394	159974
571379	160000
571379	160000
571379	160007
571377	160018
571376	160026
571376	160033
571382	160084
571388	160123
571386	160154
571386	160154
571389	160199
571393	160213
571396	160227
571419	160274
571423	160290
571424	160298
571425	160307
571425	160315
571422	160336
571422	160347
571421	160353
571419	160361
571416	160368
571412	160376
571404	160387
571398	160404
571398	160404
571375	160424
571334	160456
571322	160469
571315	160479
571309	160487
571308	160489
571308	160489
571300	160504
571294	160523
571288	160537
571285	160545
571283	160555
571282	160563
571282	160568
571284	160582
571287	160594
571287	160594
571295	160617
571304	160653
571307	160665
571313	160693
571321	160744
571328	160798
571337	160840
571347	160880
571347	160880
571349	160892
571348	160917
571348	160932
571350	160955
571354	160968
571363	160983
571368	160991
571380	161007
571392	161020
571407	161033
571415	161041
571432	161058
571462	161094
571477	161115
571488	161133
571492	161141
571492	161141
571504	161165
571508	161174
571511	161184
571514	161196
571518	161217
571519	161231
571519	161231
571522	161263
571523	161292
571523	161338
571526	161351
571526	161358
571526	161365
571526	161373
571523	161384
571520	161391
571517	161398
571513	161404
571508	161410
571499	161419
571493	161423
571484	161428
571475	161431
571467	161433
571460	161435
571452	161435
571444	161435
571436	161434
571408	161428
571397	161424
571383	161419
571370	161413
571350	161402
571338	161397
571328	161395
571318	161393
571308	161393
571299	161394
571294	161394
571281	161400
571266	161409
571254	161419
571241	161433
571230	161448
571227	161453
571227	161453
571215	161486
571207	161515
571206	161538
571212	161557
571231	161598
571231	161598
571233	161604
571242	161626
571291	161704
571299	161711
571318	161729
571335	161743
571360	161759
571375	161768
571390	161775
571418	161787
571428	161792
571435	161797
571441	161803
571446	161808
571451	161816
571454	161822
571458	161831
571465	161842
571469	161850
571472	161860
571473	161867
571474	161874
571475	161881
571475	161889
571473	161900
571472	161910
571469	161917
571466	161924
571462	161932
571458	161939
571452	161946
571444	161953
571437	161959
571430	161963
571420	161967
571411	161971
571400	161974
571390	161977
571380	161978
571371	161978
571362	161978
571351	161977
571339	161974
571319	161964
571309	161959
571297	161951
571284	161941
571266	161924
571264	161921
571254	161902
571246	161887
571240	161871
571229	161842
571221	161812
571215	161797
571204	161778
571200	161771
571195	161765
571188	161759
571182	161753
571174	161748
571164	161743
571143	161734
571132	161730
571122	161727
571115	161726
571100	161725
571090	161726
571074	161728
571061	161728
571034	161728
571014	161726
570985	161721
570973	161721
570961	161721
570948	161724
570936	161727
570924	161732
570914	161737
570904	161744
570893	161753
570885	161759
570879	161765
570873	161773
570868	161781
570862	161792
570858	161801
570856	161808
570849	161829
570836	161881
570833	161898
570832	161911
570831	161924
570831	161938
570835	161978
570838	162032
570839	162072
570837	162112
570837	162141
570839	162184
570843	162199
570846	162205
570853	162218
570860	162229
570866	162236
570873	162243
570881	162250
570890	162256
570903	162264
570926	162277
570940	162285
570962	162296
570991	162309
571090	162331
571125	162343
571149	162352
571170	162362
571186	162370
571214	162385
571228	162391
571240	162396
571249	162401
571264	162412
571272	162418
571286	162432
571289	162436
571293	162445
571297	162456
571299	162466
571301	162478
571302	162490
571301	162501
571298	162532
571296	162545
571293	162556
571289	162569
571284	162580
571268	162615
571253	162644
571239	162668
571228	162685
571228	162685
571205	162725
571159	162793
571129	162841
571111	162876
571103	162896
571092	162922
571085	162941
571078	162967
571073	162981
571064	163002
571059	163011
571052	163022
571042	163036
571037	163043
571025	163056
571025	163056
570998	163090
570984	163103
570977	163111
570962	163128
570950	163146
570939	163164
570931	163178
570924	163193
570916	163212
570906	163238
570899	163265
570895	163287
570895	163302
570895	163318
570895	163332
570898	163349
570904	163366
570909	163388
570911	163400
570912	163412
570913	163434
570911	163457
570896	163560
570893	163571
570887	163585
570883	163593
570878	163602
570872	163609
570866	163616
570860	163622
570849	163632
570834	163647
570824	163656
570814	163663
570804	163670
570796	163675
570777	163684
570768	163687
570746	163692
570731	163696
570716	163702
570702	163709
570690	163716
570673	163727
570663	163733
570655	163739
570646	163747
570640	163755
570634	163763
570628	163773
570624	163784
570618	163811
570617	163818
570617	163829
570617	163836
570620	163849
570623	163856
570629	163869
570637	163879
570657	163899
570667	163907
570679	163916
570692	163925
570703	163931
570714	163937
570737	163947
570804	163963
570867	163978
570914	163993
570944	164003
570994	164024
571027	164039
571041	164047
571055	164055
571065	164062
571078	164072
571090	164082
571099	164091
571112	164106
571121	164116
571126	164122
571135	164135
571141	164146
571147	164158
571153	164172
571165	164213
571168	164225
571169	164240
571170	164253
571170	164266
571169	164281
571163	164316
571161	164328
571158	164341
571154	164356
571149	164370
571142	164384
571129	164408
571108	164451
571099	164469
571083	164508
571057	164576
571051	164592
571035	164642
571021	164689
571014	164704
571010	164710
571004	164719
570995	164729
570988	164735
570977	164743
570932	164781
570914	164792
570904	164799
570894	164807
570877	164822
570869	164831
570855	164847
570837	164863
570825	164873
570812	164882
570799	164890
570773	164906
570761	164914
570749	164924
570740	164932
570733	164939
570724	164949
570712	164963
570707	164971
570689	165000
570689	165000
570679	165005
570674	165011
570668	165019
570665	165024
570660	165036
570659	165055
570657	165068
570655	165081
570652	165093
570646	165110
570636	165131
570631	165148
570628	165157
570626	165169
570625	165180
570625	165186
570627	165234
570632	165308
570625	165390
570617	165503
570606	165609
570605	165634
570606	165647
570607	165663
570608	165679
570611	165696
570614	165713
570619	165729
570624	165745
570641	165792
570645	165808
570650	165823
570653	165830
570658	165840
570665	165851
570671	165859
570676	165865
570683	165873
570692	165881
570706	165891
570741	165920
570764	165939
570795	165962
570795	165962
570820	165978
570855	166001
570901	166033
570931	166056
570961	166081
570984	166100
571007	166118
571039	166141
571071	166163
571071	166163
571185	166243
571224	166270
571267	166298
571284	166314
571317	166345
571365	166393
571402	166431
571545	166588
571572	166611
571590	166627
571624	166659
571657	166692
571687	166725
571722	166751
571750	166769
571778	166787
571803	166802
571845	166826
571892	166841
571982	166870
572030	166878
572071	166886
572110	166897
572163	166912
572192	166921
572218	166930
572237	166938
572258	166947
572280	166958
572289	166962
572297	166968
572312	166979
572323	166988
572335	166999
572350	167013
572360	167023
572379	167047
572397	167077
572397	167077
572514	167217
572536	167239
572555	167259
572569	167275
572597	167310
572618	167339
572653	167366
572678	167385
572707	167403
572748	167428
572768	167439
572796	167452
572818	167459
572840	167466
572915	167480
572949	167485
572993	167491
573037	167495
573079	167501
573130	167511
573181	167523
573222	167534
573262	167546
573295	167559
573322	167571
573337	167580
573357	167591
573382	167607
573409	167627
573451	167665
573473	167685
573506	167719
573540	167754
573555	167782
573563	167798
573572	167819
573581	167842
573587	167860
573596	167888
573605	167938
573610	167973
573615	168008
573621	168060
573624	168102
573627	168159
573628	168202
573628	168291
573631	168334
573635	168363
573637	168377
573642	168405
573652	168442
573663	168466
573672	168483
573681	168497
573694	168517
573705	168533
573728	168564
573757	168596
573777	168617
573801	168637
573820	168652
573820	168652
573852	168681
573877	168704
573902	168725
573951	168764
573962	168773
573986	168796
573999	168810
574016	168831
574054	168860
574077	168883
574077	168883
574107	168920
574133	168958
574150	168980
574186	169028
574206	169060
574221	169083
574233	169101
574254	169129
574265	169142
574281	169156
574289	169162
574300	169169
574311	169176
574321	169180
574330	169185
574352	169192
574388	169209
574402	169215
574422	169223
574438	169228
574462	169235
574477	169234
574488	169231
574488	169231
574505	169231
574529	169230
574556	169226
574572	169222
574604	169214
574612	169212
574619	169209
574629	169204
574641	169198
574651	169191
574660	169183
574673	169171
574681	169161
574697	169141
574711	169122
574723	169103
574737	169081
574751	169055
574767	169028
574784	168998
574792	168981
574802	168958
574809	168940
574811	168934
574830	168864
574849	168786
574855	168744
574860	168721
574865	168699
574877	168658
574906	168571
574932	168488
574938	168474
574946	168456
574954	168438
574964	168421
574974	168406
574993	168380
574993	168380
574999	168373
575075	168279
575092	168262
575110	168246
575121	168238
575135	168229
575150	168220
575164	168212
575183	168202
575204	168192
575222	168185
575236	168180
575255	168175
575266	168173
575282	168172
575300	168171
575318	168171
575337	168174
575353	168177
575368	168181
575383	168186
575396	168192
575406	168198
575422	168208
575433	168217
575450	168233
575468	168254
575479	168270
575487	168282
575489	168287
575509	168340
575525	168397
575543	168486
575555	168556
575572	168628
575597	168738
575603	168799
575604	168854
575615	168963
575619	169003
575622	169042
575624	169102
575629	169157
575642	169239
575659	169308
575688	169402
575722	169502
575768	169615
575822	169728
575858	169798
575894	169869
575963	170000
575963	170000
575970	170016
575976	170041
575980	170055
575994	170097
576024	170221
576024	170221
576028	170247
576030	170263
576039	170321
576049	170402
576061	170486
576066	170515
576088	170614
576098	170645
576113	170688
576122	170717
576126	170732
576132	170762
576149	170815
576184	170887
576198	170910
576216	170935
576226	170948
576257	170988
576268	171000
576280	171012
576310	171038
576334	171055
576347	171063
576375	171079
576390	171086
576449	171109
576505	171127
576543	171134
576569	171139
576590	171141
576590	171141
576614	171139
576668	171129
576704	171119
576750	171106
576802	171089
576846	171072
576913	171051
576962	171033
577048	171017
577082	171010
577128	171003
577153	170997
577183	170989
577227	170973
577227	170973
577232	170971
577285	170950
577314	170937
577377	170901
577398	170888
577418	170873
577427	170866
577457	170837
577480	170813
577500	170795
577522	170767
577554	170734
577568	170717
577582	170700
577597	170680
577610	170657
577630	170624
577665	170571
577713	170490
577898	170163
577940	170088
577958	170058
577968	170044
577979	170032
577979	170032
577992	170018
578017	170000
578017	170000
578042	169987
578079	169966
578106	169952
578134	169939
578148	169933
578176	169923
578208	169913
578232	169907
578305	169887
578341	169877
578382	169867
578437	169858
578622	169839
578653	169836
578709	169833
578759	169834
578777	169835
578907	169842
579106	169848
579172	169847
579225	169846
579263	169846
579295	169852
579322	169854
579394	169857
579455	169857
579514	169859
579562	169862
579594	169866
579656	169875
579708	169886
579761	169900
579761	169900
579785	169905
579801	169910
579817	169915
579832	169921
579848	169928
579863	169935
579883	169947
579904	169960
579945	169988
579959	170000
579999	170030
579999	170030
580000	170030
580024	170051
580036	170061
580046	170072
580077	170103
580088	170115
580110	170142
580145	170180
580158	170199
580179	170229
580186	170240
580211	170288
580217	170299
580236	170343
580250	170392
580261	170428
580284	170527
580291	170559
580326	170687
580338	170725
580353	170767
580376	170836
580382	170852
580389	170867
580396	170881
580403	170894
580416	170918
580428	170942
580441	170958
580455	170974
580474	170988
580506	171016
580523	171033
580544	171051
580608	171097
580660	171129
580714	171161
580725	171167
580746	171178
580776	171191
580795	171197
580829	171206
580866	171217
580900	171225
580957	171242
581004	171254
581038	171263
581049	171265
581100	171274
581152	171284
581222	171292
581269	171295
581372	171309
581418	171313
581481	171321
581563	171331
581582	171334
581593	171335
581618	171337
581665	171339
581710	171342
581798	171343
581857	171342
581885	171341
581943	171342
581998	171340
582030	171340
582102	171337
582139	171334
582200	171328
582233	171325
582283	171322
582332	171316
582367	171311
582440	171298
582517	171284
582607	171263
582647	171255
582841	171217
582927	171200
582958	171193
582975	171191
583018	171186
583079	171184
583177	171185
583256	171189
583317	171194
583380	171201
583394	171203
583406	171205
583430	171210
583470	171222
583493	171230
583538	171243
583584	171261
583595	171266
583672	171303
583713	171327
583822	171385
583857	171405
583921	171438
583979	171472
583998	171484
584017	171496
584032	171510
584071	171552
584086	171570
584086	171570
584098	171588
584114	171605
584140	171639
584172	171693
584178	171703
584195	171739
584218	171780
584237	171822
584265	171880
584303	171966
584322	172008
584396	172185
584438	172281
584455	172323
584465	172353
584469	172368
584473	172383
584494	172472
584507	172516
584507	172516
584512	172531
584516	172551
584539	172619
584563	172680
584567	172688
584583	172718
584602	172746
584609	172756
584624	172774
584693	172869
584719	172903
584738	172924
584761	172946
584785	172971
584812	172997
584833	173021
584875	173060
584886	173070
584897	173080
584934	173110
584999	173166
584999	173166
585000	173167
585021	173185
585056	173211
585096	173240
585139	173273
585245	173348
585260	173354
585291	173363
585373	173377
585409	173384
585427	173388
585470	173394
585511	173402
585525	173404
585550	173404
585573	173406
585601	173407
585630	173406
585658	173406
585694	173405
585743	173406
585830	173403
585931	173401
585931	173401
585947	173402
585970	173401
586012	173401
586080	173404
586126	173402
586140	173401
586156	173401
586172	173402
586210	173404
586246	173403
586274	173404
586379	173407
586414	173406
586479	173404
586521	173404
586566	173401
586626	173398
586655	173396
586692	173391
586739	173387
586794	173381
586846	173372
586881	173369
586943	173359
586980	173355
587026	173345
587070	173339
587127	173324
587162	173317
587176	173314
587205	173310
587253	173304
587310	173306
587355	173310
587355	173310
587387	173312
587456	173320
587491	173323
587589	173336
587667	173346
587773	173361
587797	173364
587915	173377
588020	173391
588103	173403
588143	173407
588217	173417
588244	173423
588273	173427
588296	173434
588335	173442
588410	173460
588481	173478
588518	173491
588550	173500
588602	173519
588653	173535
588678	173546
588726	173563
588745	173572
588769	173580
588791	173590
588838	173610
588865	173624
588902	173641
588914	173647
588946	173664
589149	173770
589184	173785
589256	173818
589308	173844
589397	173891
589458	173926
589551	173987
589562	173995
589615	174037
589728	174122
589738	174131
589765	174157
589785	174175
589785	174175
589796	174186
589838	174236
589870	174274
589884	174291
589893	174302
589947	174364
589999	174435
589999	174435
590000	174436
590030	174472
590037	174481
590061	174514
590080	174547
590095	174581
590137	174661
590171	174733
590225	174855
590241	174908
590254	174951
590266	175000
590266	175000
590277	175057
590292	175131
590301	175181
590309	175237
590315	175296
590316	175362
590320	175448
590328	175494
590339	175547
590351	175586
590357	175622
590362	175648
590373	175689
590386	175729
590415	175797
590415	175797
590436	175817
590565	175900
590975	176194
591344	176482
592405	177325
593080	177857
593805	178436
593805	178436
594148	178710
594770	179205
595273	179609
595273	179609
596598	180294
597515	180354
597515	180354
598436	180204
599786	179904
600835	179470
600835	179470
602459	178466
602459	178466
603140	178284
604323	177816
604970	177470
605602	177075
606498	176428
606789	176203
607507	175609
607918	175417
608711	174862
609397	174176
609889	173490
610319	173643
611284	173728
612272	173658
612591	173744
612642	173767
613578	174018
614544	174103
615193	174046
615303	174084
615892	174181
616150	174251
617116	174335
618081	174251
618266	174201
619085	174420
619597	174465
620025	174629
620110	174660
621046	174911
621293	174933
621394	174960
621853	175000
621994	175038
622317	175066
622869	175214
623834	175298
624274	175260
624474	175259
625065	175224
625454	175180
625799	175131
625951	175095
625994	175086
626219	175146
626502	175171
626502	175171
626522	175173
627117	175427
627398	175538
628334	175788
629299	175873
629818	175841
630101	175973
631038	176224
632003	176309
632053	176304
632307	176372
632480	176387
632631	176429
632682	176468
632812	176503
633566	176855
633687	176893
634624	177144
635054	177203
635211	177218
635745	177244
635876	177232
636097	177292
636483	177326
636552	177332
636889	177454
637819	177702
638785	177787
639750	177702
640686	177452
641565	177042
642359	176486
643044	175801
643274	175490
643470	175281
643934	174786
644326	174258
644456	174060
644620	173794
644940	173108
645029	172980
645439	172102
645586	171633
645640	171432
645736	171007
645787	170726
645795	170684
645879	169719
645795	168753
645741	168527
645743	168233
645701	167977
645690	167908
645624	167665
645572	167061
645513	166844
645471	166349
645415	166020
645075	164841
644718	163974
644642	163751
644603	163639
644193	162761
643966	162465
643902	162225
643817	162035
643438	161143
642882	160349
642365	159832
642365	159832
642197	159664
641864	159431
641776	159369
642179	158158
642634	156925
642731	156639
642931	155991
643055	155516
643148	155082
643363	154620
643614	153684
643699	152718
643614	151753
643501	151248
643478	151168
643539	150530
643544	150479
643642	149351
643657	149115
643735	147354
643612	145922
643386	144891
643091	143950
643041	143831
642915	143361
642506	142482
642322	142220
642287	142165
642253	142097
641868	141548
641683	141150
641580	140979
641294	140523
641294	140523
641213	140393
640760	139770
640075	139085
639866	138918
639164	138384
638718	138139
638322	137573
637685	136936
637646	136881
637289	136371
636604	135686
635810	135130
634932	134720
633996	134469
633154	134386
632759	134378
632585	134297
632354	134222
631425	133741
630767	133452
630156	133288
630038	133233
629947	133209
629829	133154
629270	132983
628950	132875
628864	132751
628213	132101
628152	132039
627476	131341
626682	130785
625803	130375
625250	130227
625250	130227
624867	130125
624640	130105
624006	129809
623070	129558
622105	129474
621382	129537
621331	129539
621142	129550
620909	129518
620170	129383
618544	128976
617936	128755
617790	128702
617437	128483
617274	128424
616793	127933
615474	126498
615040	125884
614633	125280
614607	125239
614398	124782
614521	123662
614684	122638
614946	121454
614946	121454
615002	121200
615034	121043
615214	120103
615308	119272
615334	118614
615268	117521
615238	117336
615251	117092
615167	116127
614916	115191
614506	114312
614243	113900
614031	113597
613738	113215
613052	112530
612258	111974
611919	111793
611467	111572
610928	111344
609992	111093
609356	111018
608330	110957
607684	110957
605981	111054
605359	111125
604122	111337
603602	111412
603469	111425
603408	111431
602488	111538
602161	111585
602098	111602
601821	111641
599740	112000
599259	112066
598192	112205
598192	112205
598202	112369
598202	112716
598205	113248
598218	113662
598215	113976
598235	114650
598284	115000
598278	115473
598278	115599
598307	115721
598331	115890
598327	116224
598331	116352
598460	117076
598621	117780
598621	117780
598645	117880
598689	118014
598818	118158
598818	118158
598842	118182
598861	118199
598884	118214
598904	118229
598921	118246
598921	118246
598913	118279
598862	118402
598826	118500
598802	118580
598802	118674
598802	118674
598884	118744
598934	118789
598970	118814
599013	118840
599028	118848
599034	118853
599036	118860
599031	118871
599015	118886
599008	118894
599006	118899
599006	118903
599018	118921
599027	118946
599031	118960
599042	118975
599057	118989
599078	119006
599100	119031
599128	119060
599131	119067
599135	119080
599144	119095
599176	119125
599273	119214
599273	119214
599179	119257
599112	119302
599025	119404
598980	119478
598967	119517
598951	119538
598801	119599
598681	119635
598549	119673
598549	119673
598538	119681
598525	119688
598497	119699
598477	119709
598456	119719
598446	119724
598441	119725
598436	119725
598431	119728
598427	119729
598418	119730
598411	119731
598397	119736
598374	119739
598353	119742
598332	119747
598315	119749
598307	119751
598298	119754
598280	119761
598272	119765
598266	119770
598256	119781
598241	119801
598236	119806
598234	119807
598231	119807
598230	119806
598223	119799
598212	119789
598193	119774
598182	119767
598160	119759
598150	119756
598125	119753
598106	119751
598106	119751
598104	119748
598101	119744
598096	119739
598086	119731
598078	119726
598063	119718
598027	119692
597996	119665
597985	119653
597980	119650
597977	119649
597971	119648
597900	119649
597889	119651
597883	119655
597881	119656
597854	119658
597847	119658
597831	119656
597800	119646
597768	119632
597721	119604
597721	119604
597714	119606
597712	119607
597708	119610
597705	119614
597702	119619
597699	119625
597698	119632
597697	119639
597697	119647
597697	119669
597697	119684
597701	119758
597704	119775
597705	119788
597707	119821
597705	119827
597705	119832
597705	119838
597706	119843
597708	119848
597712	119855
597711	119862
597711	119880
597713	119914
597718	119964
597718	120000
597718	120000
597718	120000
597719	120071
597724	120131
597726	120186
597729	120244
597725	120263
597720	120280
597716	120294
597714	120313
597714	120346
597714	120357
597716	120376
597719	120388
597683	120418
597631	120479
597499	120628
597314	120833
597243	120914
597138	121031
597089	121089
597064	121120
597025	121177
596991	121228
596991	121228
596938	121306
596898	121360
596873	121388
596860	121408
596842	121444
596836	121453
596801	121499
596790	121521
596783	121539
596780	121542
596772	121547
596747	121584
596728	121611
596713	121628
596703	121643
596703	121643
596655	121716
596577	121829
596521	121912
596428	122045
596371	122130
596146	122464
596063	122581
596010	122659
595956	122750
595956	122750
595943	122766
595945	122803
595945	122815
595898	122872
595866	122918
595783	123017
595754	123059
595738	123084
595735	123090
595728	123107
595724	123116
595711	123137
595705	123147
595693	123162
595654	123210
595642	123229
595625	123261
595609	123294
595592	123327
595580	123362
595566	123410
595554	123448
595537	123441
595523	123431
595521	123430
595520	123430
595518	123432
595514	123444
595512	123447
595505	123454
595501	123457
595481	123463
595474	123465
595468	123465
595458	123465
595454	123464
595450	123462
595444	123459
595434	123453
595429	123451
595419	123449
595399	123442
595393	123438
595385	123433
595371	123422
595365	123419
595355	123415
595343	123410
595330	123403
595305	123389
595299	123388
595288	123386
595272	123383
595264	123382
595257	123382
595252	123382
595246	123383
595236	123387
595233	123387
595228	123387
595208	123379
595177	123368
595159	123361
595139	123351
595132	123348
595126	123344
595119	123339
595115	123334
595112	123331
595109	123327
595105	123317
595101	123304
595098	123285
595096	123278
595091	123267
595085	123258
595077	123245
595057	123228
595057	123228
595057	123238
595058	123252
595058	123262
595049	123303
595042	123330
595035	123351
595033	123359
595034	123374
595039	123408
595045	123440
595051	123460
595056	123473
595063	123490
595068	123497
595070	123499
595075	123503
595115	123524
595124	123530
595126	123533
595130	123538
595135	123546
595137	123552
595137	123556
595136	123561
595134	123566
595130	123571
595122	123583
595107	123608
595100	123621
595095	123649
595086	123662
595085	123667
595084	123670
595086	123676
595088	123680
595090	123682
595130	123703
595141	123708
595146	123711
595149	123714
595154	123718
595158	123724
595160	123728
595184	123788
595200	123821
595209	123837
595249	123906
595280	123961
595296	123988
595346	124070
595331	124069
595320	124062
595302	124048
595289	124039
595266	124025
595238	124010
595225	124002
595220	124001
595214	124000
595208	124001
595199	124003
595185	124005
595178	124005
595166	124006
595162	124006
595160	124008
595157	124010
595146	124023
595135	124039
595125	124050
595119	124055
595113	124062
595110	124069
595104	124088
595105	124098
595105	124098
595104	124103
595101	124112
595058	124184
595010	124276
595126	124357
595189	124398
595286	124470
595286	124470
595272	124488
595270	124490
595263	124495
595254	124498
595231	124508
595218	124518
595210	124525
595203	124532
595199	124537
595191	124548
595182	124562
595175	124576
595166	124596
595155	124625
595151	124637
595147	124653
595143	124669
595141	124682
595138	124701
595130	124751
595126	124797
595126	124797
595120	124824
595117	124856
595115	124866
595108	124885
595108	124894
595112	124901
595113	124905
595113	124909
595113	124914
595112	124918
595108	124927
595096	124943
595083	124956
595074	124965
595069	124968
595063	124972
595025	124987
595002	124991
594984	125000
594984	125000
594983	125000
594967	125009
594910	125030
594910	125054
594889	125067
594855	125070
594843	125072
594834	125076
594808	125094
594751	125118
594747	125112
594730	125118
594704	125125
594683	125141
594549	125174
594464	125195
594337	125226
594062	125293
593959	125317
593823	125347
593705	125376
593630	125391
593590	125402
593508	125436
593391	125483
593231	125554
593177	125577
593155	125586
593127	125623
593093	125603
593070	125588
593018	125609
592960	125669
592923	125705
592746	125769
592723	125788
592684	125812
592586	125863
592441	125933
592423	125937
592389	125940
592197	125949
592188	125948
592161	125944
592042	125911
591917	125880
591790	125846
591750	125837
591740	125884
591740	125884
591516	125800
591434	125771
591328	125737
591264	125727
591248	125725
591232	125724
591212	125725
591193	125726
591028	125754
590955	125743
590842	125725
590722	125707
590638	125693
590423	125633
590339	125618
590152	125532
590149	125530
590146	125526
590142	125519
590088	125427
590044	125356
590000	125284
590000	125284
590000	125284
589981	125253
589968	125230
590000	125175
590000	125175
590000	125175
590051	125075
590044	125065
590044	125065
590011	125085
590000	125100
590000	125100
590000	125100
589968	125132
589940	125154
589932	125162
589919	125178
589911	125186
589907	125190
589902	125193
589875	125208
589837	125234
589829	125239
589789	125259
589775	125267
589762	125276
589732	125298
589713	125309
589705	125317
589700	125322
589695	125334
589674	125398
589666	125417
589661	125429
589653	125442
589646	125455
589640	125465
589632	125474
589626	125481
589620	125485
589600	125500
589574	125517
589549	125536
589541	125543
589519	125563
589494	125589
589464	125592
589405	125602
589317	125609
589250	125616
589197	125623
588963	125641
588859	125651
588807	125655
588768	125666
588680	125688
588432	125741
588294	125775
588269	125815
588263	125827
588254	125841
588249	125847
588239	125856
588201	125881
588201	125881
588188	125887
588170	125897
588149	125912
588138	125919
588130	125922
588105	125931
588094	125936
588073	125946
588056	125957
588048	125963
588040	125970
588035	125976
588024	125992
588019	125998
587977	126029
587960	126040
587924	126059
587913	126067
587906	126073
587899	126080
587889	126092
587878	126104
587860	126128
587853	126136
587827	126159
587806	126180
587799	126190
587795	126196
587785	126216
587779	126230
587768	126261
587753	126297
587743	126318
587725	126351
587710	126383
587689	126426
587675	126461
587669	126474
587652	126508
587642	126537
587636	126547
587612	126595
587607	126603
587600	126610
587593	126614
587585	126619
587580	126622
587565	126629
587562	126630
587557	126635
587531	126675
587525	126686
587519	126700
587508	126729
587494	126760
587489	126773
587481	126799
587463	126875
587462	126889
587460	126911
587463	126934
587463	126943
587462	126946
587460	126951
587458	126955
587452	126961
587448	126964
587427	126976
587419	126982
587399	127001
587370	127033
587337	127072
587328	127082
587298	127112
587285	127126
587259	127158
587252	127166
587230	127197
587210	127220
587182	127249
587156	127273
587148	127282
587141	127291
587128	127315
587123	127323
587111	127339
587028	127449
587018	127461
587007	127470
586984	127484
586974	127492
586945	127517
586927	127531
586867	127571
586819	127601
586814	127605
586814	127605
586799	127616
586777	127628
586765	127636
586760	127638
586757	127639
586753	127638
586749	127637
586734	127627
586727	127625
586689	127617
586621	127599
586613	127598
586607	127598
586603	127599
586596	127602
586585	127609
586582	127610
586580	127611
586577	127611
586574	127610
586571	127608
586569	127606
586558	127594
586554	127592
586539	127585
586534	127581
586527	127573
586517	127555
586507	127534
586483	127472
586465	127432
586460	127420
586439	127356
586433	127342
586427	127334
586419	127325
586410	127316
586402	127310
586388	127300
586372	127292
586361	127288
586350	127285
586338	127282
586326	127281
586314	127281
586303	127281
586291	127283
586280	127287
586255	127296
586242	127300
586200	127311
586161	127323
586139	127327
586130	127328
586120	127329
586105	127329
586026	127315
586016	127314
586005	127314
585992	127314
585979	127315
585962	127319
585948	127325
585907	127348
585893	127358
585870	127377
585851	127391
585842	127399
585837	127405
585832	127412
585826	127424
585826	127424
585802	127459
585783	127484
585776	127492
585772	127494
585767	127496
585760	127498
585754	127499
585747	127499
585741	127498
585735	127495
585725	127490
585715	127483
585707	127477
585701	127471
585695	127464
585690	127457
585685	127449
585680	127440
585676	127431
585673	127422
585670	127412
585669	127402
585669	127387
585670	127371
585673	127359
585672	127310
585663	127302
585658	127299
585643	127295
585633	127290
585615	127277
585598	127262
585590	127258
585586	127255
585559	127244
585551	127239
585544	127234
585537	127227
585520	127211
585487	127183
585453	127151
585424	127127
585415	127118
585401	127104
585388	127090
585368	127066
585333	127036
585309	127014
585288	126993
585265	126968
585251	126954
585235	126941
585229	126937
585215	126930
585202	126926
585116	126922
585087	126920
585081	126920
585072	126921
585061	126924
585050	126928
585040	126933
585031	126937
585023	126943
585008	126955
585000	126965
585000	126965
585000	126965
584989	126975
584982	126986
584971	127007
584967	127013
584954	127027
584936	127045
584918	127060
584906	127072
584886	127097
584876	127107
584855	127125
584842	127137
584831	127149
584822	127161
584815	127172
584805	127193
584785	127225
584761	127277
584743	127311
584697	127385
584673	127415
584649	127450
584642	127458
584618	127482
584600	127503
584590	127513
584585	127517
584571	127526
584529	127549
584520	127553
584511	127556
584500	127558
584470	127559
584432	127563
584411	127563
584397	127560
584377	127555
584358	127548
584338	127538
584315	127525
584299	127513
584282	127499
584277	127493
584273	127488
584267	127478
584251	127440
584244	127424
584241	127419
584234	127406
584224	127393
584216	127382
584209	127374
584201	127368
584195	127363
584190	127361
584105	127326
584074	127316
584060	127312
584040	127309
584024	127308
584017	127309
584009	127310
584001	127313
583991	127317
583979	127322
583937	127343
583926	127344
583919	127343
583919	127343
583902	127338
583887	127332
583879	127329
583868	127322
583862	127318
583856	127313
583842	127298
583838	127294
583829	127287
583819	127279
583806	127271
583792	127262
583779	127255
583764	127249
583751	127243
583738	127239
583725	127235
583708	127231
583690	127228
583674	127226
583655	127224
583629	127223
583624	127223
583614	127220
583605	127218
583599	127216
583594	127213
583589	127209
583582	127199
583573	127178
583569	127167
583566	127153
583563	127142
583559	127113
583557	127102
583553	127090
583551	127084
583546	127073
583536	127058
583526	127047
583507	127030
583479	127001
583466	126990
583447	126975
583361	126909
583345	126899
583320	126885
583298	126872
583282	126866
583272	126866
583262	126868
583235	126875
583193	126891
583161	126902
583147	126905
583137	126905
583130	126904
583074	126895
582949	126873
582910	126868
582901	126866
582883	126860
582876	126859
582865	126860
582858	126862
582858	126862
582819	126861
582797	126862
582785	126861
582772	126857
582760	126852
582749	126847
582743	126844
582734	126836
582730	126832
582726	126827
582724	126821
582717	126801
582703	126770
582699	126759
582691	126731
582686	126718
582673	126690
582665	126675
582659	126666
582654	126658
582647	126651
582641	126644
582622	126628
582612	126619
582598	126610
582584	126602
582569	126594
582531	126577
582495	126560
582458	126545
582444	126541
582437	126539
582405	126537
582395	126535
582380	126533
582369	126530
582363	126528
582357	126525
582351	126522
582336	126509
582328	126503
582323	126500
582306	126493
582293	126491
582287	126490
582281	126490
582275	126491
582269	126493
582261	126496
582243	126505
582232	126512
582203	126532
582179	126545
582168	126552
582162	126557
582150	126571
582143	126577
582130	126584
582120	126589
582086	126601
582067	126606
582058	126607
582050	126608
582034	126608
581998	126604
581976	126600
581946	126592
581923	126584
581890	126571
581850	126552
581832	126544
581765	126518
581715	126498
581674	126480
581640	126462
581634	126459
581611	126451
581603	126448
581596	126443
581588	126438
581582	126432
581577	126428
581572	126422
581568	126416
581566	126411
581562	126400
581554	126371
581538	126333
581536	126327
581532	126310
581530	126285
581527	126271
581524	126263
581498	126192
581490	126154
581486	126139
581483	126133
581481	126128
581475	126121
581465	126115
581444	126103
581426	126096
581392	126085
581369	126079
581336	126072
581294	126065
581273	126060
581252	126054
581229	126044
581217	126039
581195	126026
581180	126015
581156	125994
581128	125973
581118	125966
581110	125962
581093	125955
581084	125952
581071	125948
581056	125945
581042	125943
581029	125943
581014	125943
580996	125945
580986	125946
580972	125950
580972	125950
580960	125951
580952	125954
580945	125957
580939	125960
580902	125984
580876	126002
580857	126013
580840	126022
580834	126025
580828	126026
580814	126029
580806	126029
580797	126028
580792	126027
580782	126023
580762	126014
580731	125993
580720	125985
580665	125956
580652	125948
580634	125943
580630	125941
580626	125939
580617	125930
580607	125918
580592	125894
580578	125875
580574	125867
580568	125851
580557	125833
580550	125822
580550	125822
580533	125819
580519	125819
580493	125823
580447	125827
580429	125829
580405	125834
580364	125845
580343	125850
580337	125851
580327	125852
580305	125851
580294	125853
580280	125857
580230	125878
580204	125887
580191	125895
580183	125900
580177	125904
580172	125909
580167	125915
580161	125922
580153	125938
580107	126004
580098	126015
580091	126026
580083	126042
580077	126061
580073	126070
580068	126077
580055	126091
580052	126094
580049	126099
580046	126109
580040	126148
580036	126160
580032	126167
580029	126171
580023	126177
580014	126185
580010	126188
580000	126195
580000	126195
580000	126195
579979	126220
579972	126228
579964	126236
579957	126240
579948	126245
579925	126253
579916	126256
579905	126258
579895	126260
579875	126260
579867	126262
579859	126264
579844	126273
579837	126276
579829	126278
579821	126279
579814	126279
579809	126278
579802	126277
579748	126259
579717	126250
579709	126245
579686	126229
579670	126221
579664	126218
579654	126214
579642	126211
579630	126209
579620	126208
579610	126208
579601	126210
579595	126212
579587	126215
579562	126229
579501	126270
579486	126277
579475	126281
579455	126286
579445	126287
579425	126288
579420	126289
579413	126292
579404	126298
579398	126300
579393	126301
579379	126297
579373	126297
579363	126300
579345	126308
579323	126316
579318	126317
579308	126319
579289	126319
579255	126315
579247	126314
579241	126313
579231	126309
579216	126300
579209	126298
579204	126296
579200	126296
579196	126296
579175	126301
579168	126302
579138	126302
579116	126305
579107	126307
579100	126310
579094	126313
579075	126324
579070	126326
579064	126327
579040	126332
579033	126335
579028	126338
579010	126351
578993	126362
578980	126368
578967	126372
578962	126374
578960	126376
578954	126387
578951	126389
578948	126391
578945	126392
578941	126392
578923	126391
578917	126391
578898	126395
578883	126399
578871	126406
578865	126408
578862	126408
578859	126407
578847	126397
578844	126395
578841	126395
578836	126394
578831	126395
578823	126398
578784	126418
578771	126426
578763	126432
578720	126475
578712	126481
578687	126495
578660	126514
578647	126522
578640	126526
578634	126528
578628	126529
578623	126529
578605	126528
578594	126529
578590	126530
578570	126537
578563	126538
578559	126539
578543	126538
578538	126539
578527	126543
578508	126552
578482	126561
578469	126565
578446	126569
578439	126571
578429	126575
578418	126582
578409	126588
578402	126595
578394	126604
578386	126615
578379	126627
578373	126639
578370	126645
578365	126659
578362	126673
578358	126705
578357	126750
578354	126781
578354	126810
578359	126826
578359	126829
578359	126835
578358	126837
578356	126840
578354	126842
578345	126846
578339	126851
578333	126858
578330	126865
578329	126870
578329	126874
578333	126887
578335	126896
578335	126906
578334	126913
578333	126917
578328	126929
578318	126944
578316	126950
578314	126957
578313	126965
578313	126991
578315	127019
578315	127047
578319	127092
578317	127098
578313	127112
578313	127115
578314	127118
578314	127121
578316	127123
578325	127132
578326	127135
578326	127138
578326	127141
578322	127155
578320	127175
578320	127183
578321	127192
578327	127210
578328	127217
578329	127234
578328	127239
578327	127244
578324	127251
578318	127258
578291	127281
578283	127290
578279	127295
578276	127300
578274	127304
578274	127308
578275	127319
578274	127323
578272	127327
578270	127330
578267	127333
578261	127337
578256	127340
578243	127344
578239	127346
578236	127350
578234	127352
578232	127357
578230	127364
578229	127371
578229	127378
578230	127384
578231	127389
578233	127392
578241	127402
578242	127404
578244	127408
578244	127411
578244	127418
578242	127422
578241	127426
578239	127428
578230	127431
578228	127433
578226	127436
578224	127439
578223	127443
578219	127475
578218	127478
578215	127483
578211	127487
578197	127497
578192	127501
578186	127507
578184	127510
578181	127515
578176	127540
578176	127543
578177	127546
578179	127549
578190	127553
578198	127559
578199	127561
578200	127563
578200	127565
578199	127567
578196	127571
578192	127574
578190	127574
578181	127570
578178	127570
578177	127570
578175	127572
578174	127575
578173	127577
578172	127585
578172	127588
578166	127602
578156	127618
578154	127623
578151	127637
578150	127644
578147	127653
578145	127657
578144	127659
578141	127660
578138	127662
578135	127662
578125	127661
578119	127661
578080	127676
578078	127677
578076	127679
578076	127681
578076	127683
578081	127690
578083	127695
578083	127700
578082	127703
578080	127706
578070	127709
578068	127711
578064	127714
578061	127718
578059	127722
578058	127725
578057	127729
578057	127732
578059	127737
578062	127743
578069	127752
578070	127754
578071	127756
578071	127758
578069	127762
578066	127764
578061	127765
578038	127763
578023	127761
578017	127761
578014	127762
578010	127764
577999	127774
577985	127784
577977	127787
577974	127787
577972	127787
577969	127786
577954	127779
577951	127779
577946	127779
577929	127780
577905	127778
577892	127780
577886	127779
577884	127779
577882	127778
577880	127776
577879	127774
577874	127763
577872	127761
577869	127760
577867	127760
577865	127761
577861	127764
577854	127774
577848	127786
577847	127789
577844	127791
577841	127792
577837	127792
577826	127789
577822	127789
577803	127790
577794	127789
577769	127784
577739	127780
577728	127778
577711	127774
577694	127765
577690	127764
577682	127763
577668	127766
577662	127765
577658	127764
577654	127762
577650	127758
577641	127748
577634	127736
577631	127733
577628	127731
577626	127730
577619	127729
577604	127731
577572	127733
577562	127733
577550	127732
577538	127732
577537	127733
577532	127736
577526	127744
577520	127749
577516	127750
577512	127750
577508	127749
577482	127738
577479	127737
577476	127734
577474	127731
577470	127721
577468	127719
577466	127717
577461	127717
577443	127721
577415	127723
577387	127727
577368	127732
577358	127736
577355	127738
577352	127740
577343	127751
577339	127754
577327	127762
577324	127764
577322	127766
577317	127777
577315	127780
577306	127786
577304	127789
577303	127793
577304	127794
577306	127796
577318	127801
577321	127804
577324	127807
577326	127812
577328	127817
577327	127821
577326	127825
577323	127828
577320	127831
577316	127832
577312	127833
577309	127833
577298	127828
577282	127820
577280	127819
577275	127819
577269	127818
577267	127819
577264	127820
577263	127823
577264	127824
577270	127830
577271	127832
577271	127835
577270	127837
577269	127839
577249	127859
577249	127859
577028	127894
577028	127894
576890	127844
576857	127834
576851	127831
576847	127829
576837	127818
576834	127815
576830	127814
576827	127813
576823	127813
576806	127817
576800	127817
576789	127815
576769	127808
576763	127807
576738	127805
576731	127804
576716	127797
576712	127796
576708	127796
576705	127798
576702	127799
576692	127808
576689	127810
576682	127811
576677	127812
576657	127810
576639	127811
576616	127814
576570	127822
576547	127825
576543	127825
576539	127825
576534	127823
576531	127821
576530	127820
576525	127810
576522	127808
576520	127807
576518	127806
576516	127807
576514	127808
576512	127810
576506	127819
576504	127822
576501	127824
576496	127826
576491	127827
576481	127829
576474	127829
576457	127830
576450	127832
576448	127834
576446	127837
576439	127847
576436	127849
576434	127850
576432	127851
576428	127851
576418	127848
576415	127849
576412	127850
576409	127852
576407	127854
576403	127862
576401	127866
576401	127877
576400	127880
576398	127882
576396	127883
576394	127883
576385	127881
576382	127881
576380	127882
576378	127884
576377	127886
576376	127889
576377	127898
576376	127904
576372	127907
576369	127909
576362	127911
576332	127912
576267	127906
576218	127905
576196	127901
576188	127902
576184	127904
576175	127912
576171	127914
576167	127916
576157	127917
576146	127917
576135	127917
576112	127916
576105	127917
576097	127919
576088	127922
576080	127926
576072	127931
576066	127935
576057	127943
576039	127964
576034	127968
576032	127969
576028	127970
576022	127970
576018	127969
576013	127967
576013	127967
575955	128120
575955	128120
575936	128160
575907	128231
575870	128329
575845	128395
575809	128492
575783	128551
575763	128607
575746	128651
575717	128725
575709	128754
575702	128790
575696	128822
575689	128864
575685	128891
575683	128913
575682	128934
575684	128987
575687	129051
575691	129086
575691	129102
575687	129153
575682	129231
575674	129318
575671	129353
575669	129395
575669	129420
575675	129443
575677	129482
575677	129515
575676	129532
575671	129558
575666	129594
575666	129610
575670	129629
575681	129652
575713	129709
575783	129822
575828	129895
575858	129936
575891	129989
575915	130029
575928	130055
575935	130088
575941	130154
575950	130260
575964	130401
575968	130428
575987	130490
575998	130524
576009	130547
576029	130570
576061	130607
576074	130627
576075	130636
576067	130671
576059	130696
576044	130731
576026	130773
576008	130818
575979	130890
575943	130983
575901	131102
575862	131219
575832	131310
575813	131370
575779	131478
575761	131534
575726	131640
575706	131703
575689	131759
575672	131808
575663	131828
575656	131858
575653	131880
575652	131901
575652	131913
575657	131926
575685	131976
575717	132027
575732	132058
575745	132092
575753	132135
575761	132218
575765	132302
575763	132421
575762	132465
575760	132481
575758	132493
575750	132516
575723	132588
575712	132627
575707	132646
575704	132685
575702	132717
575702	132742
575704	132763
575712	132794
575723	132824
575727	132848
575729	132887
575731	132925
575736	132953
575750	132994
575765	133026
575779	133059
575788	133087
575788	133100
575785	133121
575782	133137
575782	133157
575783	133189
575783	133223
575785	133241
575789	133263
575797	133289
575825	133352
575842	133392
575862	133428
575871	133451
575881	133496
575889	133542
575895	133581
575896	133629
575893	133659
575888	133726
575880	133781
575868	133845
575861	133886
575854	133951
575852	133981
575835	134110
575830	134138
575831	134202
575833	134283
575837	134363
575842	134449
575847	134525
575852	134565
575856	134598
575861	134615
575872	134629
575927	134685
575968	134731
576003	134778
576044	134839
576116	134949
576195	135066
576221	135107
576240	135141
576261	135175
576294	135217
576332	135260
576361	135291
576404	135324
576468	135375
576519	135408
576560	135435
576584	135449
576629	135486
576655	135511
576679	135539
576700	135575
576722	135616
576734	135639
576758	135671
576781	135694
576826	135731
576875	135767
576906	135783
576933	135796
576977	135812
577025	135827
577066	135843
577158	135888
577200	135908
577306	135948
577401	135987
577562	136054
577645	136098
577649	136098
577671	136068
577689	136050
577703	136039
577724	136028
577750	136017
577766	136014
577784	136018
577800	136026
577811	136036
577824	136056
577841	136096
577853	136119
577882	136164
577920	136234
577930	136262
577933	136278
577931	136330
577929	136358
577921	136392
577904	136460
577897	136492
577879	136602
577874	136656
577873	136678
577871	136738
577874	136775
577883	136825
577897	136896
577912	136953
577924	136990
577951	137040
577976	137074
578004	137107
578052	137156
578155	137261
578210	137322
578263	137397
578284	137427
578309	137456
578341	137484
578428	137553
578548	137647
578635	137714
578659	137736
578680	137760
578715	137812
578816	137977
578852	138039
578914	138147
578962	138235
578968	138251
578968	138262
578965	138284
578958	138331
578956	138356
578954	138422
578953	138488
578952	138548
578956	138591
578961	138650
578966	138688
578975	138714
578990	138744
579011	138773
579040	138807
579064	138833
579078	138856
579092	138891
579122	138980
579126	138995
579150	139060
579161	139081
579181	139106
579222	139152
579273	139200
579313	139250
579334	139288
579351	139322
579371	139382
579379	139412
579379	139429
579376	139445
579367	139466
579357	139484
579329	139530
579317	139555
579308	139582
579299	139609
579288	139645
579277	139708
579271	139762
579260	139803
579228	139928
579216	139970
579187	140085
579164	140171
579149	140206
579131	140239
579091	140303
578995	140463
578939	140555
578893	140634
578835	140743
578806	140800
578775	140843
578762	140867
578747	140901
578724	140962
578705	141026
578671	141130
578671	141130
578652	141185
578624	141270
578593	141352
578564	141427
578539	141505
578532	141535
578528	141559
578528	141585
578537	141619
578553	141668
578567	141720
578574	141748
578579	141828
578585	141918
578585	142080
578585	142245
578585	142304
578584	142413
578584	142539
578583	142604
578585	142658
578584	142748
578584	142835
578585	142909
578585	142956
578588	143014
578588	143034
578585	143073
578580	143117
578577	143154
578573	143232
578572	143293
578572	143330
578574	143360
578578	143394
578591	143460
578592	143491
578591	143507
578585	143528
578573	143565
578567	143592
578564	143626
578560	143680
578560	143705
578564	143735
578562	143798
578558	143902
578557	143996
578557	144069
578551	144182
578547	144237
578544	144284
578539	144320
578530	144365
578525	144404
578525	144428
578527	144493
578531	144567
578533	144666
578531	144727
578525	144801
578513	144886
578504	144956
578495	145018
578488	145057
578482	145087
578479	145118
578477	145165
578476	145223
578474	145294
578472	145342
578470	145363
578466	145378
578454	145400
578447	145414
578436	145437
578424	145459
578406	145486
578379	145524
578358	145553
578312	145625
578273	145684
578254	145722
578238	145749
578215	145794
578197	145828
578181	145866
578172	145894
578158	145948
578144	146021
578136	146064
578124	146138
578112	146215
578104	146254
578095	146278
578084	146298
578044	146343
578017	146369
577980	146399
577930	146439
577908	146463
577888	146488
577874	146518
577865	146533
577850	146551
577835	146563
577770	146595
577718	146618
577666	146637
577613	146658
577575	146674
577526	146686
577455	146699
577408	146711
577358	146726
577336	146729
577283	146737
577241	146748
577206	146767
577171	146787
577146	146810
577133	146824
577110	146859
577088	146893
577055	146935
577015	146982
576959	147051
576883	147149
576839	147208
576823	147220
576782	147246
576725	147279
576691	147295
576648	147310
576571	147325
576529	147332
576503	147340
576458	147361
576425	147382
576404	147398
576394	147405
576371	147407
576318	147405
576278	147404
576225	147405
576197	147411
576150	147427
576112	147445
576092	147458
576056	147494
576042	147511
576006	147540
575982	147571
575970	147599
575956	147635
575940	147686
575925	147750
575920	147795
575920	147795
575918	147794
575913	147793
575902	147794
575896	147795
575885	147794
575878	147793
575867	147790
575831	147773
575819	147769
575794	147765
575772	147758
575767	147757
575764	147757
575759	147758
575753	147762
575745	147770
575742	147772
575735	147775
575719	147777
575690	147780
575677	147783
575671	147786
575656	147798
575650	147802
575608	147822
575595	147825
575547	147836
575534	147836
575529	147837
575526	147839
575522	147841
575507	147856
575500	147864
575482	147886
575473	147896
575460	147905
575437	147917
575432	147919
575425	147921
575420	147922
575413	147923
575407	147923
575400	147921
575389	147919
575375	147912
575365	147909
575357	147908
575352	147908
575347	147909
575344	147911
575341	147913
575339	147916
575333	147925
575331	147928
575311	147949
575306	147954
575299	147957
575283	147962
575239	147982
575235	147986
575228	148000
575217	148019
575213	148023
575205	148029
575197	148035
575186	148041
575170	148047
575136	148056
575123	148060
575112	148064
575091	148074
575085	148077
575069	148080
575063	148082
575049	148089
575040	148092
575033	148092
575026	148091
575000	148087
575000	148087
574987	148086
574970	148078
574962	148068
574954	148051
574943	148040
574931	148031
574919	148028
574905	148026
574897	148027
574860	148031
574838	148039
574772	148059
574760	148063
574731	148078
574704	148098
574694	148106
574685	148115
574666	148135
574654	148154
574637	148171
574623	148181
574569	148197
574543	148209
574537	148209
574532	148208
574507	148195
574480	148186
574466	148192
574453	148203
574447	148214
574440	148228
574437	148232
574433	148236
574421	148241
574405	148239
574372	148230
574334	148222
574309	148212
574265	148208
574246	148212
574229	148219
574212	148232
574196	148257
574186	148278
574179	148294
574178	148306
574177	148317
574178	148341
574176	148359
574163	148380
574156	148388
574150	148395
574135	148407
574135	148415
574136	148436
574111	148456
574081	148474
574064	148482
574047	148492
574030	148499
573964	148499
573952	148501
573938	148507
573897	148529
573871	148547
573863	148553
573847	148570
573834	148589
573827	148604
573823	148614
573819	148625
573813	148645
573803	148660
573789	148677
573778	148697
573775	148709
573768	148744
573757	148765
573745	148783
573737	148793
573729	148802
573711	148817
573691	148826
573678	148828
573651	148831
573638	148832
573617	148832
573594	148827
573574	148815
573554	148807
573531	148801
573517	148792
573502	148779
573502	148779
573459	148748
573440	148736
573409	148724
573370	148698
573349	148678
573323	148657
573317	148653
573297	148644
573244	148627
573215	148620
573203	148615
573171	148600
573161	148597
573152	148594
573143	148593
573134	148593
573121	148593
573107	148597
573092	148607
573073	148623
573063	148631
573053	148638
573035	148649
573013	148658
572986	148668
572974	148673
572962	148678
572945	148687
572945	148687
572922	148691
572908	148692
572892	148691
572869	148685
572869	148685
572849	148682
572827	148674
572791	148659
572779	148653
572753	148636
572731	148624
572720	148617
572713	148610
572711	148605
572710	148599
572708	148587
572705	148573
572696	148559
572655	148536
572643	148531
572632	148527
572620	148525
572608	148524
572582	148524
572565	148529
572542	148544
572532	148547
572521	148543
572512	148528
572496	148498
572480	148484
572474	148480
572461	148477
572448	148482
572436	148489
572429	148492
572421	148494
572404	148495
572396	148496
572389	148498
572381	148500
572374	148504
572352	148518
572345	148521
572329	148517
572311	148499
572295	148483
572281	148467
572277	148459
572273	148452
572264	148430
572261	148418
572253	148387
572249	148376
572238	148353
572232	148342
572220	148333
572200	148328
572174	148320
572148	148315
572134	148313
572096	148309
572070	148308
572049	148312
572007	148323
571969	148327
571956	148326
571921	148323
571902	148320
571895	148317
571860	148302
571848	148298
571835	148301
571820	148303
571816	148305
571813	148307
571807	148321
571800	148326
571775	148304
571767	148295
571758	148287
571744	148281
571719	148273
571710	148270
571694	148260
571675	148239
571668	148235
571656	148237
571634	148244
571625	148247
571606	148251
571596	148252
571576	148252
571562	148247
571549	148253
571543	148257
571523	148273
571520	148275
571511	148277
571511	148277
571412	148344
571412	148344
571412	148344
571402	148356
571384	148367
571363	148375
571342	148382
571325	148397
571315	148406
571298	148405
571288	148415
571281	148433
571268	148439
571250	148444
571230	148449
571208	148459
571193	148460
571185	148458
571155	148448
571129	148445
571103	148438
571087	148442
571069	148455
571051	148470
571040	148474
571030	148478
571014	148477
570992	148478
570977	148478
570962	148488
570959	148490
570957	148504
570957	148509
570957	148509
570959	148526
570950	148546
570946	148569
570944	148587
570936	148603
570928	148623
570922	148647
570911	148670
570907	148679
570888	148739
570860	148763
570845	148780
570836	148797
570826	148812
570818	148833
570813	148842
570808	148850
570791	148865
570783	148876
570779	148894
570768	148906
570757	148932
570755	148960
570760	148970
570776	148983
570794	149003
570808	149024
570818	149046
570828	149081
570832	149093
570845	149114
570860	149136
570877	149148
570893	149157
570907	149159
570922	149159
570935	149170
570943	149179
570949	149197
570953	149211
570957	149224
570962	149248
570972	149273
570963	149285
570949	149294
570938	149308
570935	149329
570925	149349
570920	149365
570919	149384
570916	149407
570916	149420
570913	149443
570905	149465
570891	149481
570878	149503
570843	149552
570823	149580
570780	149555
570764	149546
570749	149547
570733	149557
570726	149559
570710	149560
570683	149561
570683	149561
570662	149560
570633	149568
570590	149571
570557	149577
570513	149582
570445	149589
570433	149584
570414	149569
570373	149535
570358	149521
570337	149509
570325	149504
570313	149505
570295	149510
570278	149524
570268	149538
570263	149558
570256	149573
570246	149581
570237	149585
570223	149586
570200	149586
570179	149580
570160	149573
570142	149573
570124	149579
570093	149601
570082	149613
570077	149625
570074	149645
570066	149659
570039	149681
570027	149693
570015	149712
570007	149723
569992	149740
569964	149766
569932	149789
569901	149808
569882	149822
569870	149836
569863	149850
569852	149862
569833	149879
569810	149907
569749	149958
569716	149989
569707	150010
569691	150049
569672	150074
569648	150098
569627	150110
569606	150115
569575	150109
569559	150103
569547	150105
569524	150119
569507	150130
569468	150146
569427	150161
569404	150170
569392	150179
569384	150191
569370	150207
569357	150212
569337	150216
569313	150221
569297	150230
569281	150242
569281	150242
569270	150258
569264	150269
569262	150276
569264	150282
569269	150288
569282	150301
569285	150310
569285	150319
569283	150327
569278	150335
569265	150347
569220	150379
569209	150389
569205	150406
569201	150444
569196	150453
569189	150460
569180	150465
569171	150467
569162	150465
569151	150459
569130	150431
569114	150418
569104	150414
569084	150413
569070	150410
569052	150403
569027	150399
569009	150400
568998	150401
568992	150404
568988	150413
568991	150433
568997	150456
569010	150481
569017	150489
569037	150496
569048	150504
569054	150513
569055	150521
569053	150529
569046	150536
569037	150540
569029	150541
569006	150541
568994	150534
568966	150513
568944	150494
568928	150475
568917	150455
568912	150451
568903	150450
568888	150451
568872	150459
568849	150484
568834	150512
568821	150529
568811	150534
568796	150537
568779	150535
568769	150532
568754	150519
568747	150499
568742	150472
568745	150456
568745	150437
568744	150430
568737	150418
568722	150381
568712	150365
568705	150358
568696	150355
568683	150352
568664	150352
568654	150353
568637	150364
568637	150364
568632	150380
568635	150396
568636	150406
568636	150416
568635	150427
568634	150436
568633	150443
568629	150457
568627	150467
568625	150479
568625	150494
568626	150501
568627	150507
568630	150514
568634	150522
568638	150529
568643	150535
568648	150541
568654	150547
568664	150555
568685	150577
568704	150610
568698	150639
568698	150682
568698	150726
568700	150785
568691	150816
568683	150837
568672	150866
568667	150884
568664	150898
568662	150912
568659	150933
568658	150959
568660	150992
568663	151019
568668	151041
568669	151054
568670	151068
568669	151080
568668	151095
568660	151111
568657	151121
568655	151131
568653	151140
568652	151147
568652	151160
568653	151177
568655	151195
568659	151222
568661	151250
568664	151268
568669	151293
568673	151313
568678	151331
568685	151354
568693	151375
568704	151403
568720	151440
568735	151482
568743	151505
568756	151534
568765	151548
568769	151556
568773	151565
568777	151575
568779	151583
568783	151603
568786	151642
568786	151667
568786	151699
568784	151711
568782	151716
568780	151722
568775	151731
568771	151738
568765	151743
568760	151748
568745	151758
568735	151766
568725	151777
568718	151790
568716	151794
568687	151871
568675	151900
568656	151947
568651	151954
568647	151961
568644	151969
568643	151976
568642	151983
568643	151992
568644	151999
568646	152004
568655	152022
568661	152036
568665	152047
568668	152057
568672	152078
568683	152116
568695	152154
568706	152186
568707	152205
568709	152221
568711	152239
568715	152256
568719	152275
568725	152296
568732	152315
568745	152350
568770	152404
568780	152423
568791	152443
568855	152558
568860	152568
568864	152576
568868	152582
568877	152593
568889	152602
568904	152613
568914	152621
568923	152629
568936	152644
568953	152668
568962	152679
568973	152689
568982	152698
568998	152709
569020	152722
569043	152734
569070	152746
569070	152746
569084	152750
569093	152753
569109	152761
569126	152771
569137	152779
569137	152779
569146	152787
569159	152796
569168	152801
569177	152805
569184	152807
569241	152818
569263	152820
569278	152821
569312	152818
569324	152818
569337	152819
569350	152820
569363	152822
569405	152830
569428	152834
569458	152837
569504	152838
569527	152837
569542	152834
569568	152828
569611	152814
569662	152796
569678	152788
569686	152786
569694	152784
569702	152783
569709	152783
569724	152784
569738	152788
569762	152792
569777	152800
569777	152800
569786	152800
569795	152800
569803	152799
569810	152798
569815	152796
569822	152793
569832	152786
569841	152783
569870	152773
569888	152768
569896	152767
569905	152767
569913	152767
569922	152769
569928	152771
569936	152776
569940	152779
569946	152785
569953	152792
569955	152796
569960	152810
569965	152835
569970	152849
569975	152858
569981	152867
569984	152871
569993	152879
570000	152881
570000	152881
570000	152882
570018	152897
570030	152906
570038	152910
570050	152916
570065	152922
570077	152927
570099	152933
570122	152937
570148	152938
570188	152945
570244	152952
570300	152957
570312	152957
570326	152956
570337	152955
570346	152953
570367	152946
570384	152939
570412	152924
570420	152919
570429	152913
570440	152905
570452	152894
570473	152871
570484	152862
570490	152858
570498	152853
570509	152847
570523	152842
570534	152839
570553	152838
570564	152838
570575	152840
570586	152842
570596	152845
570606	152849
570616	152855
570624	152859
570636	152868
570644	152876
570650	152878
570681	152891
570696	152897
570727	152906
570750	152911
570760	152915
570769	152919
570779	152924
570789	152929
570810	152944
570819	152953
570824	152959
570828	152965
570831	152971
570834	152980
570861	153022
570869	153037
570870	153044
570871	153055
570872	153064
570871	153074
570870	153085
570867	153096
570863	153106
570856	153121
570854	153135
570854	153146
570854	153157
570855	153167
570863	153211
570867	153229
570872	153244
570879	153261
570884	153274
570896	153303
570906	153329
570915	153347
570925	153365
570931	153377
570939	153390
570955	153410
570962	153419
570972	153429
570984	153439
570999	153451
571068	153491
571084	153503
571094	153511
571104	153517
571115	153523
571126	153529
571137	153534
571161	153543
571172	153548
571184	153554
571194	153561
571207	153569
571219	153578
571233	153590
571233	153590
571247	153598
571257	153605
571270	153614
571281	153625
571292	153636
571305	153653
571337	153685
571350	153701
571358	153712
571364	153723
571373	153741
571393	153763
571407	153777
571428	153796
571459	153820
571472	153831
571497	153852
571521	153875
571571	153897
571615	153914
571668	153930
571694	153941
571711	153948
571729	153954
571747	153959
571761	153962
571774	153964
571799	153968
571826	153976
571841	153979
571853	153980
571865	153981
571880	153982
571899	153981
571922	153978
571954	153981
571994	153978
572010	153979
572022	153979
572030	153977
572044	153974
572053	153970
572060	153967
572070	153961
572091	153951
572118	153941
572138	153935
572160	153931
572183	153927
572350	153910
572411	153908
572411	153908
572428	153908
572450	153906
572464	153903
572482	153900
572495	153897
572508	153893
572535	153884
572547	153876
572557	153870
572567	153866
572577	153863
572587	153859
572595	153858
572615	153855
572622	153855
572628	153856
572652	153859
572683	153867
572688	153866
572695	153866
572706	153864
572717	153861
572724	153859
572742	153851
572806	153814
572882	153772
572911	153754
572931	153744
572942	153739
572967	153729
572979	153724
572989	153718
572998	153712
573011	153702
573020	153693
573064	153640
573090	153611
573124	153574
573155	153546
573187	153520
573213	153501
573236	153492
573252	153486
573276	153478
573287	153477
573294	153478
573301	153479
573308	153481
573314	153483
573339	153495
573355	153502
573367	153505
573379	153508
573394	153511
573420	153518
573444	153524
573457	153528
573476	153536
573494	153546
573512	153558
573524	153568
573534	153577
573534	153577
573566	153602
573592	153624
573606	153635
573617	153641
573629	153647
573642	153652
573653	153656
573665	153659
573701	153673
573740	153691
573753	153698
573804	153730
573817	153738
573828	153747
573838	153754
573846	153763
573861	153778
573872	153787
573878	153790
573886	153794
573893	153797
573904	153799
573924	153806
573935	153812
573947	153819
573981	153843
574005	153859
574049	153888
574062	153895
574076	153902
574095	153911
574115	153919
574136	153926
574166	153934
574230	153948
574308	153968
574308	153968
574324	153971
574334	153973
574345	153977
574356	153982
574366	153986
574375	153992
574384	153998
574393	154004
574409	154019
574437	154041
574458	154061
574467	154071
574484	154091
574494	154106
574509	154134
574518	154154
574528	154176
574540	154195
574545	154207
574552	154224
574555	154234
574559	154254
574561	154274
574566	154289
574568	154299
574570	154311
574570	154322
574570	154334
574569	154346
574564	154367
574564	154376
574565	154393
574566	154403
574569	154414
574572	154425
574576	154433
574580	154443
574580	154443
574600	154469
574627	154507
574641	154525
574647	154535
574655	154548
574661	154561
574666	154574
574676	154603
574685	154625
574693	154639
574702	154652
574710	154662
574718	154672
574732	154685
574745	154701
574762	154721
574780	154739
574799	154755
574814	154767
574829	154778
574843	154787
574858	154795
574886	154809
574916	154821
574927	154825
574939	154829
574952	154831
574966	154833
574987	154834
575000	154834
575025	154834
575079	154838
575159	154842
575186	154843
575223	154853
575251	154861
575323	154885
575330	154888
575345	154895
575357	154901
575369	154908
575379	154915
575399	154932
575408	154938
575418	154943
575429	154947
575435	154949
575445	154951
575495	154956
575495	154956
575557	154963
575634	154967
575652	154970
575679	154978
575693	154985
575723	155000
575723	155000
575759	155033
575773	155054
575780	155066
575788	155080
575794	155092
575797	155102
575804	155124
575808	155132
575812	155140
575824	155158
575848	155184
575857	155197
575898	155259
575938	155316
575943	155327
575946	155336
575947	155345
575948	155350
575946	155359
575942	155368
575938	155377
575934	155385
575924	155401
575918	155408
575909	155417
575902	155424
575895	155430
575884	155437
575822	155487
575767	155533
575710	155583
575679	155626
575677	155629
575677	155632
575676	155640
575707	155764
575716	155793
575720	155810
575723	155828
575726	155847
575728	155867
575729	155888
575729	155909
575729	155930
575727	155954
575725	155975
575722	155993
575719	156010
575716	156027
575711	156043
575706	156060
575700	156076
575673	156147
575673	156147
575645	156193
575638	156203
575516	156343
575505	156361
575500	156370
575492	156389
575488	156401
575485	156413
575483	156423
575482	156435
575482	156450
575483	156465
575486	156492
575490	156514
575494	156562
575494	156592
575490	156649
575485	156687
575482	156705
575477	156726
575468	156755
575457	156807
575454	156813
575444	156831
575432	156848
575422	156858
575408	156867
575386	156878
575368	156887
575334	156906
575320	156915
575271	156948
575215	156988
575133	157053
575067	157100
575053	157113
575045	157120
575036	157130
575025	157144
575016	157156
575009	157168
575000	157187
575000	157188
575000	157188
574995	157200
574989	157220
574985	157239
574983	157259
574984	157273
574985	157284
574987	157294
574989	157307
574991	157314
574994	157324
575000	157339
575000	157339
575000	157340
575011	157371
575031	157415
575043	157436
575059	157459
575067	157471
575108	157525
575144	157574
575155	157588
575174	157610
575223	157665
575266	157702
575279	157715
575295	157734
575312	157758
575317	157767
575323	157778
575328	157789
575332	157798
575334	157806
575337	157816
575339	157827
575340	157840
575339	157858
575338	157869
575336	157879
575333	157888
575329	157896
575320	157912
575320	157912
575304	157932
575289	157952
575252	157992
575231	158012
575219	158023
575207	158033
575183	158051
575043	158108
575000	158124
575000	158124
575000	158124
574989	158129
574953	158134
574928	158136
574913	158136
574888	158135
574875	158136
574868	158137
574860	158139
574851	158142
574833	158149
574823	158154
574823	158154
574819	158158
574815	158160
574803	158166
574788	158172
574775	158176
574754	158180
574738	158181
574730	158181
574709	158178
574689	158173
574682	158170
574643	158152
574631	158148
574620	158146
574609	158145
574599	158145
574589	158146
574531	158156
574516	158159
574502	158164
574489	158169
574473	158176
574460	158183
574438	158197
574425	158204
574413	158211
574399	158216
574375	158224
574360	158226
574343	158230
574327	158235
574311	158243
