1
5899
0
603622	292807
603632	292947
603590	293841
603572	294328
603555	294883
603538	295142
603524	295301
603524	295301
603496	295789
603491	295966
603437	297107
603418	297345
603387	298108
603364	298701
603318	299887
603306	300087
603248	301328
603191	302799
603129	304082
603079	305345
603033	306601
603037	306728
602990	307760
602975	308118
602929	309347
602921	309501
602875	310868
602806	312266
602759	313417
602766	313556
602766	313556
602747	313717
602744	313733
602739	313782
602738	313793
602738	313793
602745	313860
602729	314601
602729	314601
602647	315920
602650	316062
602626	316635
602626	316635
602615	316654
602604	316678
602599	316691
602595	316704
602591	316726
602589	316744
602590	316777
602590	316857
602590	316867
602590	316943
602589	316985
602586	317070
602581	317145
602581	317145
602588	317331
602546	318429
602542	318582
602477	319954
602427	321332
602417	322298
602417	322298
602416	322336
602410	322370
602400	322439
602393	322479
602391	322497
602385	322527
602385	322527
602342	323286
602343	323474
602343	323474
602349	323475
602348	323514
602353	323557
602354	323574
602353	323618
602353	323618
602308	324101
602290	324394
602290	324394
602305	324461
602305	324461
602230	325114
602230	325114
602234	325178
602240	325264
602242	325307
602251	325350
602260	325380
602260	325406
602255	325462
602255	325462
602184	326809
602184	326967
602122	328346
602081	329737
602081	329737
602016	329997
602016	329997
602036	330213
602006	331367
601956	332761
601921	333913
601921	333913
601924	333942
601925	333969
601932	334031
601936	334064
601930	334072
601929	334081
601930	334193
601930	334339
601929	334426
601929	334489
601929	334489
601904	334718
601897	334753
601888	334903
601888	334926
601885	335085
601866	335550
601857	335752
601847	335935
601851	336010
601863	336058
601863	336058
601865	336083
601865	336115
601862	336167
601859	336200
601857	336206
601855	336207
601851	336210
601851	336214
601848	336249
601844	336330
601840	336394
601840	336394
601817	336660
601817	336678
601792	337248
601773	337371
601740	338041
601706	338707
601686	339312
601688	339393
601654	340034
601635	340548
601632	340702
601632	340702
601622	340721
601613	340749
601600	340787
601598	340804
601585	340845
601606	340864
601615	340867
601615	340867
601609	341042
601586	341672
601579	341737
601552	342433
601527	342883
601511	343005
601492	343071
601492	343071
601486	343192
601486	343200
601482	343280
601478	343357
601477	343366
601471	343453
601462	343530
601461	343538
601460	343547
601460	343556
601452	343624
601443	343707
601443	343707
601462	343798
601477	343884
601477	343884
601485	343968
601473	344382
601460	344578
601443	345233
601398	345895
601384	346449
601384	346449
601383	346627
601373	346959
601357	347186
601338	347758
601334	347873
601307	348528
601276	349214
601245	349899
601218	350585
601191	351270
601164	351956
601149	352329
601149	352329
601472	352244
601730	352153
603014	351764
605074	351133
605179	351099
606647	350617
607538	350357
607669	350322
610614	349534
611172	349395
611775	349278
613019	349219
614259	349154
614863	349169
615102	349170
616638	349141
617499	349058
618026	348966
618084	348971
618187	348962
618394	348980
619360	348896
619951	348737
620114	348723
620537	348610
620770	348577
621706	348326
621774	348296
622497	348102
622559	348073
622947	348039
623883	347789
624762	347379
625057	347172
625168	347126
625698	346872
625795	346819
627205	346210
628120	345660
628120	345660
628472	345448
628606	345341
628871	345113
629392	344812
629432	344789
630010	344447
630208	344325
630898	343878
631872	343354
632456	342991
632836	342721
632941	342655
634020	341982
634749	341440
634930	341283
635550	340663
635599	340624
635718	340527
636403	339842
636499	339704
636693	339552
637111	339184
638477	338089
638612	337977
638702	337900
638816	337812
640025	337069
640572	336609
640955	336341
641097	336198
641268	336075
642381	335107
643248	334463
643369	334365
643553	334231
643644	334163
644527	333492
644527	333492
645657	332633
645825	332500
647253	331325
647508	331103
648805	329896
649710	329046
649881	328878
651162	327567
651544	327133
652464	325970
653190	325115
653709	324393
654257	323486
654535	323134
654987	322468
655397	321589
655641	320693
655718	320270
655975	319549
656338	318546
656813	317441
656813	317441
656918	317196
656948	317125
657308	316255
657513	315670
657540	315577
657830	314794
657959	314532
658393	313318
658689	312040
658836	311524
659048	309884
659035	309290
658904	308232
658950	307704
658865	306738
658823	306581
658806	305922
658856	305209
658942	304626
659002	303815
658992	303692
658939	303077
658939	303077
657099	303299
656866	303329
656762	303335
656682	303342
656682	303342
656630	303348
656250	303405
656122	303418
655745	303467
655615	303482
655246	303535
654709	303610
654251	303696
653989	303742
653894	303752
653758	303750
653758	303750
653429	303753
653429	303753
653401	303745
653334	303727
653239	303697
653185	303683
653145	303682
653111	303706
653111	303706
653098	303714
653090	303721
653082	303730
653073	303741
653066	303751
653061	303761
653058	303769
653057	303777
653056	303784
653056	303798
653052	303858
653038	303977
653011	304162
652983	304314
652983	304314
652962	304437
652943	304531
652930	304591
652915	304643
652882	304744
652866	304787
652828	304886
652782	305000
652782	305000
652775	305016
652766	305036
652757	305062
652742	305119
652730	305166
652714	305259
652694	305362
652671	305496
652668	305518
652662	305546
652656	305567
652648	305587
652636	305613
652618	305649
652611	305662
652589	305698
652548	305754
652548	305754
652515	305810
652509	305822
652497	305847
652492	305860
652488	305874
652483	305891
652479	305908
652474	305935
652473	305946
652472	305955
652472	305955
652467	305998
652464	306046
652462	306069
652461	306112
652461	306143
652464	306195
652472	306279
652475	306346
652474	306449
652473	306494
652469	306558
652465	306599
652424	306848
652397	306988
652374	307079
652374	307079
652333	307207
652317	307246
652308	307265
652294	307296
652280	307323
652265	307350
652229	307409
652203	307448
652187	307470
652170	307491
652159	307503
652159	307503
652149	307512
652136	307522
652122	307532
652093	307552
652039	307598
652029	307608
652014	307627
652006	307638
651996	307655
651990	307665
651978	307690
651955	307737
651945	307758
651929	307800
651910	307831
651900	307846
651890	307857
651875	307872
651847	307897
651829	307911
651810	307925
651736	307977
651659	308034
651581	308075
651571	308079
651562	308082
651545	308085
651521	308087
651498	308086
651483	308084
651445	308077
651419	308071
651400	308065
651389	308060
651376	308054
651364	308047
651352	308040
651341	308032
651314	308010
651293	307991
651284	307981
651183	307867
651104	307792
651076	307767
651037	307736
650995	307705
650979	307694
650963	307683
650946	307673
650933	307665
650913	307656
650883	307643
650853	307632
650819	307620
650791	307611
650772	307606
650753	307602
650733	307598
650713	307595
650693	307593
650674	307592
650644	307591
650564	307581
650527	307578
650495	307574
650463	307569
650436	307563
650416	307558
650416	307558
650386	307546
650308	307512
650261	307490
650207	307463
650169	307442
650083	307390
650000	307337
649999	307336
649999	307336
649902	307280
649824	307235
649717	307176
649665	307148
649485	307054
649397	307008
649397	307008
649330	306974
649271	306946
649212	306922
649169	306903
649126	306884
649036	306843
648978	306813
648901	306770
648818	306732
648741	306692
648674	306670
648525	306609
648303	306503
648113	306406
648065	306382
648017	306360
647969	306338
647873	306302
647776	306265
647610	306198
647570	306179
647544	306166
647519	306150
647503	306139
647481	306121
647454	306096
647447	306089
647405	306042
647335	305976
647323	305964
647312	305951
647300	305937
647290	305924
647276	305902
647230	305821
647218	305799
647202	305766
647190	305736
647185	305722
647177	305694
647174	305679
647171	305663
647169	305647
647167	305625
647157	305550
647147	305465
647138	305403
647122	305325
647115	305276
647115	305276
647121	305242
647122	305220
647119	305166
647114	305138
647113	305120
647114	305095
647116	305081
647119	305063
647123	305046
647128	305024
647135	305000
647135	305000
647144	304963
647154	304926
647169	304863
647180	304808
647195	304712
647205	304630
647211	304592
647219	304554
647231	304510
647236	304495
647245	304469
647255	304446
647262	304432
647270	304417
647279	304402
647332	304321
647341	304305
647348	304290
647354	304275
647363	304249
647368	304233
647372	304217
647375	304201
647378	304183
647380	304165
647381	304147
647382	304127
647381	304110
647380	304092
647379	304074
647376	304059
647372	304039
647367	304016
647357	303980
647347	303950
647335	303919
647326	303896
647319	303882
647306	303855
647294	303835
647285	303822
647277	303812
647270	303804
647257	303791
647225	303759
647207	303745
647207	303745
647177	303725
647161	303715
647144	303705
647122	303694
647100	303684
647082	303676
647066	303670
647046	303663
647015	303655
646977	303646
646956	303643
646935	303640
646921	303639
646901	303640
646876	303643
646861	303645
646837	303651
646818	303657
646751	303677
646727	303681
646718	303682
646709	303682
646696	303682
646680	303681
646663	303678
646648	303675
646635	303672
646624	303668
646608	303662
646588	303654
646573	303647
646551	303634
646540	303627
646529	303618
646519	303610
646512	303603
646457	303544
646430	303511
646412	303486
646399	303468
646388	303451
646374	303428
646361	303405
646351	303384
646341	303363
646329	303336
646321	303315
646314	303296
646303	303260
646298	303236
646295	303219
646292	303202
646290	303176
646290	303146
646292	303113
646297	303078
646317	302985
646337	302867
646360	302747
646406	302526
646411	302498
646415	302471
646417	302443
646419	302415
646420	302395
646420	302378
646419	302354
646416	302326
646410	302264
646405	302239
646400	302217
646400	302217
646393	302196
646382	302167
646374	302148
646364	302128
646345	302092
646335	302076
646322	302055
646291	302014
646244	301953
646223	301929
646189	301896
646150	301854
646136	301839
646123	301822
646111	301805
646096	301782
646046	301707
646015	301655
645995	301616
645971	301566
645960	301541
645949	301515
645921	301448
645902	301405
645882	301364
645874	301350
645860	301325
645847	301303
645832	301282
645820	301267
645810	301254
645797	301240
645782	301224
645763	301205
645728	301173
645695	301145
645657	301115
645591	301070
645575	301060
645558	301051
645542	301042
645524	301034
645505	301027
645481	301018
645462	301013
645445	301010
645429	301009
645409	301007
645389	301007
645367	301007
645354	301007
645294	301014
645241	301022
645216	301024
645200	301025
645185	301025
645156	301023
645139	301021
645122	301018
645107	301014
645084	301008
645074	301004
645057	300997
645000	300970
644999	300970
644999	300970
644980	300963
644962	300953
644944	300942
644911	300921
644894	300909
644874	300893
644855	300877
644836	300861
644811	300836
644796	300819
644787	300807
644764	300774
644750	300753
644730	300719
644693	300651
644687	300634
644660	300550
644647	300505
644635	300456
644618	300383
644603	300324
644597	300293
644586	300220
644584	300200
644583	300161
644578	300128
644576	300104
644576	300099
644578	300077
644586	300038
644590	300019
644596	300000
644596	300000
644606	299975
644611	299964
644618	299951
644627	299937
644644	299910
644655	299897
644666	299883
644675	299873
644685	299862
644712	299838
644744	299811
644770	299792
644791	299780
644826	299764
644880	299742
644903	299735
644916	299732
644946	299728
644984	299720
644999	299718
644999	299718
645000	299718
645058	299714
645090	299714
645110	299715
645117	299715
645214	299726
645248	299729
645257	299731
645266	299733
645276	299736
645282	299739
645311	299752
645326	299758
645375	299776
645407	299786
645434	299793
645456	299797
645483	299800
645492	299800
645515	299798
645524	299797
645536	299794
645582	299765
645594	299756
645611	299741
645631	299720
645640	299710
645647	299701
645654	299691
645661	299680
645668	299666
645675	299651
645680	299637
645685	299621
645689	299603
645692	299588
645694	299577
645695	299564
645695	299541
645689	299467
645691	299448
645700	299396
645701	299388
645701	299376
645698	299350
645695	299335
645691	299322
645689	299314
645685	299305
645668	299273
645637	299192
645628	299165
645614	299109
645611	299087
645610	299072
645609	299058
645610	299047
645611	299037
645614	299024
645619	299004
645646	298939
645652	298927
645660	298914
645686	298883
645708	298850
645721	298834
645739	298814
645813	298740
645847	298710
645884	298674
645923	298643
645994	298587
646051	298541
646066	298530
646091	298513
646105	298502
646121	298486
646148	298454
646159	298440
646169	298426
646177	298412
646188	298393
646215	298321
646218	298310
646228	298250
646231	298228
646234	298201
646234	298201
646234	298196
646234	298177
646232	298108
646231	298092
646226	298033
646224	297995
646224	297981
646225	297959
646227	297936
646230	297917
646233	297901
646237	297886
646243	297869
646255	297845
646281	297797
646290	297780
646309	297753
646321	297737
646337	297715
646364	297683
646409	297633
646415	297627
646420	297622
646449	297600
646472	297578
646483	297569
646507	297552
646536	297531
646547	297524
646578	297505
646607	297484
646635	297466
646682	297439
646746	297395
646820	297346
646861	297323
646943	297278
646943	297278
646968	297265
646993	297252
647063	297221
647078	297214
647092	297209
647117	297202
647133	297199
647133	297199
647154	297190
647165	297186
647175	297183
647188	297180
647217	297175
647252	297171
647261	297169
647305	297157
647346	297151
647369	297145
647421	297128
647438	297121
647451	297115
647468	297105
647480	297095
647486	297089
647512	297059
647517	297053
647520	297047
647522	297043
647523	297038
647527	297018
647529	297010
647556	296964
647560	296955
647562	296946
647564	296935
647567	296916
647570	296894
647571	296879
647572	296865
647572	296847
647571	296832
647566	296798
647563	296782
647554	296741
647541	296697
647531	296667
647504	296599
647483	296553
647456	296485
647452	296470
647445	296430
647444	296416
647446	296388
647446	296365
647448	296352
647452	296336
647459	296314
647469	296291
647477	296277
647509	296224
647564	296163
647582	296145
647628	296108
647651	296090
647688	296063
647711	296050
647741	296036
647747	296033
647764	296022
647788	296003
647802	295993
647837	295973
647853	295962
647867	295952
647883	295940
647909	295917
647923	295903
647932	295892
647951	295864
647970	295839
647975	295832
647980	295823
648009	295743
648021	295707
648021	295707
648033	295671
648040	295642
648046	295627
648055	295611
648061	295602
648095	295572
648115	295554
648126	295545
648127	295544
648176	295526
648210	295512
648230	295506
648250	295503
648288	295502
648312	295502
648324	295502
648336	295504
648373	295512
648424	295521
648466	295531
648483	295535
648523	295549
648557	295563
648662	295607
648678	295615
648688	295620
648721	295639
648733	295645
648769	295662
648808	295684
648858	295711
648898	295737
648965	295776
648979	295785
648987	295791
649024	295819
649087	295859
649087	295859
649120	295874
649135	295880
649143	295882
649174	295887
649182	295890
649205	295900
649214	295902
649223	295904
649232	295904
649248	295902
649309	295888
649324	295882
649332	295878
649346	295870
649370	295851
649385	295838
649396	295827
649421	295801
649432	295787
649440	295777
649452	295754
649475	295706
649485	295681
649491	295664
649503	295624
649508	295602
649515	295563
649523	295532
649525	295522
649526	295514
649527	295486
649528	295474
649538	295423
649543	295378
649548	295348
649550	295340
649554	295324
649559	295310
649563	295298
649569	295285
649575	295272
649581	295261
649589	295249
649598	295236
649606	295226
649613	295218
649621	295211
649630	295204
649658	295184
649671	295177
649684	295170
649697	295165
649713	295160
649728	295157
649793	295149
649811	295145
649848	295137
649868	295131
649880	295126
649908	295112
649918	295107
649942	295098
649952	295093
649999	295059
649999	295059
650000	295059
650025	295024
650038	295000
650038	295000
650046	294983
650056	294962
650056	294962
650064	294943
650068	294928
650072	294912
650075	294898
650079	294869
650081	294849
650082	294828
650082	294822
650082	294822
650082	294808
650080	294698
650078	294466
650077	294455
650075	294440
650073	294426
650067	294405
650058	294380
650058	294380
650049	294366
650035	294347
650020	294331
650000	294312
649999	294311
649999	294311
649973	294282
649962	294271
649944	294256
649915	294234
649906	294226
649885	294204
649858	294180
649829	294148
649801	294123
649791	294112
649783	294103
649770	294086
649758	294068
649744	294045
649738	294030
649735	294023
649724	293977
649723	293966
649721	293953
649721	293939
649720	293919
649721	293874
649720	293856
649713	293780
649709	293765
649704	293755
649699	293744
649687	293725
649665	293693
649653	293678
649646	293671
649638	293663
649614	293644
649597	293631
649581	293621
649566	293611
649540	293598
649477	293573
649442	293558
649439	293556
649428	293547
649401	293521
649393	293513
649385	293503
649378	293493
649372	293483
649367	293473
649363	293463
649359	293451
649356	293436
649353	293421
649351	293408
649349	293391
649348	293372
649348	293357
649349	293344
649355	293313
649364	293276
649368	293265
649379	293234
649386	293208
649392	293181
649405	293117
649412	293085
649416	293061
649419	293033
649423	292984
649423	292968
649422	292955
649420	292943
649417	292931
649414	292921
649408	292902
649388	292860
649380	292844
649369	292830
649360	292821
649350	292812
649339	292804
649327	292797
649315	292790
649303	292784
649243	292760
649153	292727
649092	292703
649046	292690
649013	292680
648985	292667
648948	292660
648926	292654
648903	292644
648903	292644
648887	292635
648873	292626
648866	292621
648856	292612
648849	292603
648844	292595
648835	292576
648831	292563
648824	292531
648810	292490
648804	292466
648787	292373
648772	292304
648762	292248
648757	292206
648753	292186
648746	292164
648728	292119
648719	292097
648703	292064
648689	292027
648673	291993
648664	291966
648657	291951
648646	291936
648629	291917
648615	291904
648609	291899
648600	291893
648588	291886
648574	291878
648503	291850
648492	291847
648464	291843
648453	291840
648421	291829
648404	291826
648386	291825
648377	291825
648323	291830
648309	291833
648294	291838
648285	291843
648275	291848
648265	291855
648257	291862
648250	291868
648240	291878
648240	291878
648229	291887
648223	291894
648217	291901
648211	291908
648178	291960
648161	291997
648140	292028
648136	292036
648124	292061
648119	292071
648114	292077
648096	292100
648077	292125
648061	292142
648052	292150
648042	292159
648025	292171
647959	292211
647931	292226
647918	292232
647905	292238
647880	292247
647854	292253
647841	292256
647827	292258
647809	292259
647790	292260
647777	292260
647769	292260
647755	292257
647745	292254
647734	292250
647722	292245
647712	292240
647700	292232
647652	292193
647644	292186
647641	292183
647633	292174
647627	292165
647615	292145
647608	292130
647590	292082
647583	292060
647579	292040
647573	292003
647564	291943
647557	291911
647557	291911
647548	291894
647533	291868
647527	291860
647519	291850
647514	291845
647487	291820
647479	291814
647473	291809
647466	291806
647456	291801
647417	291787
647396	291781
647368	291775
647322	291769
647310	291766
647278	291758
647264	291753
647239	291744
647216	291732
647181	291713
647162	291701
647138	291686
647127	291678
647096	291654
647082	291641
647074	291631
647069	291625
647052	291600
647045	291587
647043	291581
647037	291555
647026	291505
647024	291494
647021	291472
647022	291459
647028	291429
647035	291368
647041	291321
647041	291308
647041	291299
647038	291284
647034	291268
647031	291262
647026	291250
647020	291240
647013	291230
647006	291222
646996	291214
646991	291210
646977	291203
646946	291192
646930	291187
646911	291182
646891	291179
646868	291178
646833	291180
646825	291180
646741	291174
646718	291171
646696	291167
646680	291163
646593	291140
646559	291129
646530	291121
646509	291117
646491	291116
646480	291116
646459	291117
646427	291123
646407	291125
646376	291127
646325	291129
646314	291131
646274	291138
646261	291140
646223	291144
646117	291156
646073	291163
646041	291169
645987	291180
645922	291188
645900	291191
645878	291195
645852	291203
645852	291203
645841	291203
645833	291205
645824	291206
645816	291209
645790	291220
645755	291233
645748	291238
645733	291252
645713	291265
645704	291272
645669	291303
645626	291341
645613	291352
645605	291359
645599	291362
645576	291373
645568	291378
645543	291394
645534	291399
645510	291408
645500	291413
645441	291445
645415	291459
645393	291469
645379	291475
645364	291479
645343	291484
645195	291503
645165	291507
645153	291510
645134	291516
645111	291524
645097	291530
645090	291535
645079	291542
645065	291552
645055	291561
645043	291575
645028	291597
645000	291637
644999	291638
644999	291638
644968	291693
644959	291713
644954	291726
644952	291737
644950	291761
644947	291774
644944	291781
644936	291797
644932	291808
644916	291872
644911	291899
644906	291954
644902	291983
644900	292006
644899	292013
644898	292019
644894	292029
644890	292038
644885	292046
644880	292054
644871	292063
644867	292067
644861	292070
644854	292074
644840	292080
644825	292084
644802	292087
644763	292095
644727	292100
644695	292107
644678	292111
644662	292116
644634	292126
644634	292126
644607	292138
644545	292162
644518	292173
644500	292181
644492	292185
644469	292197
644459	292204
644453	292209
644448	292214
644442	292221
644413	292259
644407	292271
644404	292278
644388	292327
644385	292336
644377	292352
644362	292377
644350	292402
644342	292416
644333	292428
644329	292433
644321	292441
644315	292446
644296	292461
644287	292466
644275	292472
644268	292475
644254	292480
644226	292488
644201	292497
644154	292517
644143	292522
644134	292529
644131	292534
644116	292552
644107	292561
644082	292579
644051	292604
644013	292630
643988	292649
643983	292652
643977	292656
643970	292659
643941	292671
643905	292688
643862	292706
643855	292710
643784	292747
643756	292767
643746	292773
643726	292782
643700	292790
643683	292793
643656	292796
643627	292796
643620	292796
643609	292794
643604	292792
643598	292788
643570	292769
643558	292758
643553	292752
643549	292747
643536	292725
643508	292682
643489	292650
643475	292629
643465	292618
643449	292605
643429	292588
643429	292588
643392	292576
643350	292561
643332	292558
643295	292554
643155	292548
643097	292543
643050	292541
643010	292538
642965	292537
642954	292535
642945	292532
642937	292529
642913	292519
642900	292512
642895	292507
642891	292502
642887	292497
642878	292479
642874	292473
642850	292440
642835	292414
642828	292404
642814	292387
642808	292382
642794	292371
642786	292366
642753	292350
642739	292344
642734	292343
642724	292341
642713	292339
642672	292339
642600	292341
642550	292340
642524	292342
642508	292341
642494	292336
642479	292328
642470	292322
642450	292309
642442	292304
642425	292296
642421	292294
642413	292288
642409	292283
642404	292273
642390	292241
642379	292213
642370	292185
642365	292168
642357	292132
642351	292119
642347	292109
642342	292102
642332	292089
642317	292072
642296	292052
642283	292037
642276	292028
642267	292015
642261	292004
642258	291997
642256	291990
642254	291973
642255	291963
642263	291910
642264	291904
642267	291895
642269	291888
642285	291851
642301	291810
642310	291780
642313	291766
642314	291752
642315	291725
642316	291692
642316	291674
642315	291657
642313	291644
642311	291631
642307	291619
642303	291608
642298	291597
642294	291590
642288	291580
642280	291569
642274	291562
642265	291553
642256	291545
642252	291541
642230	291525
642224	291520
642203	291499
642197	291493
642176	291478
642158	291462
642152	291456
642126	291427
642090	291385
642076	291367
642068	291352
642044	291294
642039	291276
642037	291266
642036	291256
642036	291245
642037	291233
642038	291224
642043	291199
642047	291173
642049	291165
642051	291157
642055	291147
642065	291125
642070	291111
642096	291023
642106	290986
642109	290975
642112	290956
642114	290919
642122	290877
642124	290850
642124	290842
642123	290831
642122	290823
642119	290806
642115	290794
642111	290782
642107	290774
642101	290764
642095	290754
642089	290746
642070	290725
642059	290710
642052	290698
642046	290686
642042	290677
642035	290651
642033	290643
642028	290633
642023	290623
642014	290610
641980	290561
641925	290471
641900	290437
641889	290418
641885	290413
641879	290406
641873	290400
641866	290395
641858	290389
641840	290380
641810	290366
641798	290362
641790	290361
641781	290361
641772	290361
641766	290362
641760	290363
641754	290366
641748	290370
641743	290374
641728	290389
641711	290409
641706	290415
641682	290440
641661	290464
641652	290472
641635	290485
641623	290493
641610	290500
641601	290504
641589	290507
641580	290508
641521	290509
641467	290511
641467	290511
641438	290514
641404	290515
641399	290515
641392	290514
641387	290513
641366	290508
641342	290503
641333	290500
641299	290478
641292	290473
641282	290462
641280	290460
641276	290459
641271	290457
641265	290457
641256	290457
641247	290458
641238	290460
641211	290470
641201	290474
641193	290478
641185	290484
641177	290490
641168	290498
641160	290506
641153	290516
641146	290526
641140	290537
641136	290547
641133	290555
641127	290578
641119	290599
641117	290607
641117	290615
641119	290635
641119	290684
641118	290688
641116	290697
641113	290705
641109	290713
641104	290721
641099	290727
641095	290731
641087	290737
641084	290738
641056	290750
641049	290753
641028	290759
641014	290761
641010	290761
640993	290759
640986	290759
640978	290760
640969	290761
640960	290764
640952	290767
640944	290771
640938	290776
640930	290784
640912	290815
640906	290828
640894	290866
640888	290878
640880	290887
640875	290891
640870	290895
640864	290898
640858	290900
640853	290901
640845	290902
640845	290902
640834	290900
640828	290899
640821	290896
640814	290893
640809	290889
640803	290884
640798	290879
640794	290873
640790	290866
640787	290859
640784	290852
640779	290836
640776	290817
640774	290811
640771	290804
640754	290774
640748	290769
640738	290764
640726	290761
640719	290760
640708	290760
640696	290761
640687	290762
640681	290763
640664	290770
640657	290773
640650	290778
640644	290782
640622	290802
640593	290824
640565	290843
640540	290861
640516	290877
640511	290880
640490	290890
640484	290895
640477	290901
640471	290908
640465	290917
640460	290927
640457	290935
640456	290943
640455	290949
640457	290963
640456	290974
640452	290994
640450	291013
640447	291026
640445	291029
640441	291036
640436	291043
640432	291046
640423	291053
640404	291063
640382	291078
640365	291091
640319	291135
640314	291141
640296	291165
640291	291174
640287	291182
640284	291191
640281	291204
640276	291231
640273	291238
640269	291245
640266	291248
640264	291251
640258	291254
640240	291261
640210	291276
640179	291290
640170	291295
640161	291300
640123	291328
640100	291343
640068	291362
640046	291379
640038	291383
640022	291388
640000	291396
639999	291396
639999	291396
639973	291405
639956	291413
639918	291430
639881	291445
639844	291457
639834	291459
639825	291460
639808	291461
639744	291459
639724	291457
639692	291450
639681	291447
639647	291435
639637	291432
639599	291424
639583	291422
639577	291420
639569	291418
639561	291415
639548	291409
639535	291399
639516	291380
639490	291357
639482	291348
639475	291340
639468	291330
639459	291316
639455	291304
639449	291282
639446	291272
639442	291262
639435	291249
639419	291222
639403	291200
639391	291184
639383	291172
639378	291157
639373	291136
639373	291133
639374	291129
639378	291123
639380	291121
639386	291119
639386	291119
639401	291111
639415	291104
639428	291096
639435	291092
639440	291087
639445	291081
639449	291074
639452	291069
639454	291063
639455	291059
639455	291051
639447	290982
639445	290966
639441	290953
639437	290943
639432	290933
639429	290928
639413	290907
639396	290879
639378	290848
639372	290836
639367	290825
639364	290815
639345	290747
639334	290718
639332	290714
639326	290708
639322	290706
639317	290705
639309	290704
639280	290703
639257	290704
639211	290706
639186	290704
639166	290705
639160	290705
639156	290706
639152	290708
639148	290710
639143	290713
639139	290717
639134	290724
639134	290724
639128	290736
639115	290760
639107	290769
639098	290776
639054	290805
639016	290835
639003	290845
638989	290854
638985	290858
638982	290862
638981	290864
638980	290868
638979	290873
638979	290891
638981	290905
638981	290910
638980	290913
638976	290919
638972	290922
638968	290925
638962	290927
638957	290929
638952	290930
638945	290930
638908	290924
638900	290922
638895	290920
638885	290915
638872	290906
638864	290899
638856	290891
638848	290882
638840	290873
638830	290860
638826	290855
638821	290852
638816	290849
638794	290842
638760	290822
638752	290818
638692	290795
638624	290769
638595	290756
638583	290752
638578	290751
638570	290750
638560	290749
638534	290749
638484	290751
638479	290751
638479	290751
638478	290751
638472	290750
638470	290749
638470	290749
638467	290748
638461	290744
638455	290740
638452	290737
638449	290733
638445	290726
638443	290719
638440	290705
638439	290684
638438	290676
638437	290667
638436	290663
638434	290660
638432	290658
638429	290656
638425	290654
638415	290652
638410	290651
638405	290651
638399	290653
638392	290655
638385	290659
638379	290663
638374	290667
638367	290675
638361	290684
638350	290702
638347	290706
638341	290713
638334	290719
638327	290723
638320	290727
638315	290729
638304	290731
638279	290732
638262	290735
638092	290783
638069	290788
638049	290792
638010	290796
637984	290797
637977	290798
637966	290802
637960	290806
637955	290810
637953	290815
637951	290818
637951	290822
637951	290826
637955	290843
637956	290860
637954	290867
637952	290871
637948	290876
637944	290879
637939	290881
637934	290882
637919	290882
637862	290891
637824	290897
637813	290901
637811	290902
637805	290908
637794	290923
637779	290940
637770	290948
637764	290953
637755	290959
637755	290959
637746	290966
637733	290974
637713	290983
637699	290993
637695	290997
637691	291001
637689	291005
637688	291010
637686	291020
637687	291025
637688	291033
637690	291042
637693	291050
637696	291055
637700	291059
637711	291069
637715	291074
637723	291087
637726	291093
637727	291096
637727	291099
637726	291103
637724	291107
637714	291120
637709	291126
637705	291129
637700	291131
637694	291133
637685	291133
637676	291132
637668	291131
637660	291128
637650	291123
637640	291118
637635	291114
637632	291111
637628	291105
637627	291102
637619	291077
637615	291067
637608	291060
637604	291056
637600	291055
637595	291054
637582	291053
637578	291054
637571	291055
637550	291063
637519	291071
637510	291078
637506	291082
637502	291087
637499	291092
637497	291097
637495	291102
637495	291108
637495	291112
637495	291117
637496	291122
637498	291126
637503	291133
637509	291141
637515	291147
637551	291180
637557	291188
637579	291222
637581	291227
637584	291235
637585	291241
637585	291246
637584	291252
637582	291257
637579	291262
637575	291267
637570	291271
637565	291274
637560	291276
637556	291276
637552	291275
637536	291270
637530	291269
637500	291270
637464	291269
637450	291269
637443	291270
637437	291272
637431	291274
637418	291283
637411	291288
637404	291294
637383	291317
637373	291325
637362	291331
637351	291335
637318	291340
637298	291342
637274	291343
637269	291344
637255	291348
637190	291374
637176	291378
637168	291379
637161	291379
637152	291379
637142	291378
637131	291375
637117	291370
637100	291364
637087	291358
637079	291353
637066	291344
637063	291342
637059	291341
637052	291340
637043	291340
637031	291341
637019	291344
637010	291348
636994	291357
636984	291365
636980	291369
636977	291374
636970	291391
636963	291406
636952	291420
636948	291424
636944	291428
636935	291433
636916	291445
636901	291454
636887	291461
636878	291467
636868	291474
636860	291482
636849	291493
636825	291521
636807	291541
636799	291549
636780	291560
636771	291567
636735	291599
636724	291612
636720	291618
636695	291662
636689	291671
636684	291677
636680	291682
636675	291686
636671	291689
636667	291691
636664	291692
636657	291692
636641	291688
636616	291684
636610	291682
636585	291674
636578	291672
636567	291670
636562	291671
636558	291672
636549	291677
636546	291680
636541	291687
636537	291690
636535	291690
636528	291690
636528	291690
636518	291691
636499	291689
636485	291686
636475	291683
636475	291683
636463	291691
636454	291684
636454	291684
636452	291684
636442	291682
636432	291679
636426	291675
636417	291668
636411	291660
636391	291636
636386	291630
636379	291627
636333	291610
636318	291603
636306	291597
636296	291591
636288	291585
636280	291579
636274	291573
636257	291551
636251	291545
636231	291528
636226	291523
636214	291507
636208	291500
636143	291437
636134	291429
636124	291423
636114	291419
636106	291419
636106	291419
636106	291419
636098	291418
636087	291415
636076	291412
636067	291408
636056	291402
636046	291395
636037	291388
636029	291380
636022	291372
636015	291363
636002	291341
635998	291332
635986	291306
635958	291234
635953	291225
635937	291202
635917	291168
635909	291158
635896	291146
635889	291140
635864	291124
635846	291112
635827	291095
635817	291085
635814	291081
635807	291071
635793	291041
635771	291001
635765	290992
635756	290984
635748	290979
635727	290969
635709	290962
635703	290959
635681	290953
635620	290944
635609	290939
635591	290926
635578	290920
635574	290918
635557	290913
635553	290911
635549	290909
635542	290903
635524	290886
635520	290882
635510	290876
635489	290866
635482	290861
635469	290852
635433	290822
635422	290811
635410	290796
635404	290787
635400	290776
635399	290772
635399	290760
635401	290739
635402	290734
635408	290715
635409	290711
635409	290705
635408	290699
635407	290692
635404	290685
635396	290670
635377	290637
635375	290631
635369	290616
635361	290590
635355	290570
635355	290559
635357	290549
635363	290520
635363	290511
635363	290507
635361	290501
635355	290485
635342	290447
635324	290409
635313	290383
635309	290374
635296	290355
635284	290339
635268	290319
635238	290283
635215	290258
635203	290247
635195	290240
635186	290233
635178	290228
635164	290220
635131	290205
635122	290198
635121	290196
635118	290189
635115	290171
635111	290161
635106	290148
635099	290136
635089	290121
635086	290114
635082	290103
635081	290097
635080	290088
635080	290088
635076	290082
635072	290079
635068	290077
635066	290077
635063	290077
635050	290080
635043	290081
635023	290080
635000	290078
635000	290078
634999	290078
634999	290078
634966	290084
634917	290091
634892	290094
634885	290093
634882	290092
634868	290083
634825	290068
634807	290065
634801	290063
634794	290058
634771	290031
634760	290021
634757	290019
634752	290018
634748	290017
634712	290018
634688	290016
634677	290014
634665	290010
634648	290004
634642	290000
634642	290000
634642	290000
634611	289972
634546	289903
634540	289898
634534	289895
634436	289862
634317	289826
634259	289813
634235	289810
634222	289810
634212	289811
634191	289814
634103	289837
634063	289837
634023	289839
633910	289865
633887	289872
633828	289904
633817	289914
633760	290000
633760	290000
633754	290005
633749	290006
633747	290006
633745	290006
633743	290004
633733	290000
633733	290000
633733	290000
633723	289998
633719	289997
633714	289997
633710	289998
633703	290000
633703	290000
633703	290000
633703	290003
633701	290007
633701	290035
633699	290040
633697	290044
633694	290049
633687	290055
633660	290071
633651	290078
633640	290091
633627	290108
633615	290121
633609	290127
633595	290138
633592	290141
633587	290148
633580	290160
633569	290183
633549	290234
633541	290251
633532	290264
633527	290273
633508	290296
633500	290307
633496	290312
633483	290333
633474	290345
633467	290353
633460	290359
633455	290364
633426	290384
633421	290388
633418	290392
633417	290395
633411	290410
633403	290428
633401	290433
633399	290449
633394	290464
633394	290468
633394	290472
633396	290479
633400	290484
633405	290491
633418	290503
633423	290509
633425	290512
633426	290515
633426	290518
633426	290521
633424	290529
633416	290543
633413	290547
633398	290561
633385	290576
633376	290585
633374	290588
633372	290591
633370	290596
633370	290600
633370	290604
633372	290609
633375	290613
633378	290617
633382	290619
633384	290620
633397	290622
633409	290622
633412	290622
633414	290623
633416	290625
633418	290627
633422	290640
633425	290660
633430	290690
633433	290705
633433	290709
633432	290714
633430	290719
633427	290725
633424	290730
633422	290733
633396	290757
633389	290762
633379	290767
633376	290768
633364	290770
633362	290771
633359	290773
633357	290775
633356	290781
633357	290799
633356	290801
633354	290804
633351	290806
633337	290812
633314	290825
633291	290834
633277	290838
633269	290843
633266	290847
633263	290855
633262	290860
633262	290872
633261	290877
633259	290883
633257	290886
633253	290892
633249	290894
633243	290897
633239	290898
633216	290901
633191	290903
633174	290906
633165	290909
633158	290911
633150	290915
633137	290922
633125	290930
633116	290937
633107	290944
633078	290969
633062	290980
633023	291004
632992	291020
632971	291034
632948	291053
632925	291075
632918	291084
632914	291089
632904	291107
632897	291122
632889	291147
632879	291179
632878	291184
632877	291191
632877	291195
632879	291206
632880	291210
632879	291213
632877	291216
632875	291219
632865	291229
632842	291246
632839	291248
632837	291253
632836	291260
632837	291263
632838	291265
632840	291267
632849	291272
632872	291288
632875	291294
632875	291298
632875	291302
632874	291306
632870	291309
632859	291316
632853	291323
632844	291336
632838	291343
632812	291366
632800	291375
632793	291380
632785	291384
632776	291388
632749	291395
632729	291404
632723	291406
632717	291407
632712	291407
632701	291408
632689	291408
632670	291407
632659	291408
632656	291409
632640	291414
632629	291416
632582	291424
632555	291426
632534	291426
632489	291422
632468	291419
632455	291417
632427	291408
632404	291404
632389	291398
632369	291389
632360	291384
632343	291372
632326	291359
632280	291320
632262	291309
632254	291303
632249	291298
632245	291293
632239	291281
632237	291276
632236	291270
632235	291262
632232	291218
632227	291196
632224	291185
632221	291177
632217	291169
632208	291153
632202	291144
632150	291092
632150	291092
632140	291082
632130	291069
632123	291059
632121	291053
632117	291037
632114	291015
632109	290991
632108	290973
632107	290965
632104	290955
632101	290946
632099	290941
632096	290936
632084	290919
632060	290871
632054	290844
632037	290795
632032	290784
632023	290766
632009	290741
632006	290737
632000	290729
631994	290723
631989	290718
631984	290714
631971	290707
631966	290705
631950	290702
631944	290699
631937	290695
631931	290690
631926	290684
631914	290664
631907	290655
631902	290649
631893	290640
631878	290627
631872	290623
631866	290619
631834	290607
631829	290604
631802	290589
631795	290582
631793	290580
631791	290575
631791	290571
631791	290566
631792	290562
631804	290530
631811	290519
631814	290515
631819	290510
631829	290503
631832	290500
631840	290486
631850	290472
631852	290466
631852	290457
631851	290447
631848	290439
631841	290423
631838	290419
631834	290414
631830	290410
631814	290399
631810	290395
631808	290393
631805	290389
631804	290385
631804	290382
631805	290374
631807	290371
631815	290360
631816	290358
631817	290354
631817	290325
631819	290318
631822	290314
631823	290313
631826	290311
631840	290307
631860	290297
631882	290288
631898	290280
631904	290277
631910	290272
631915	290268
631930	290251
631950	290230
631975	290213
631991	290199
632016	290180
632036	290162
632056	290145
632062	290141
632074	290135
632132	290110
632150	290104
632191	290093
632206	290087
632218	290082
632240	290067
632250	290061
632258	290057
632265	290054
632274	290052
632282	290051
632287	290051
632293	290051
632309	290055
632333	290058
632352	290060
632365	290059
632374	290058
632388	290054
632440	290036
632456	290031
632464	290029
632477	290021
632481	290018
632485	290014
632491	290008
632497	290000
632497	290000
632511	289972
632516	289966
632520	289963
632527	289959
632533	289958
632604	289948
632683	289910
632689	289908
632697	289907
632708	289906
632752	289912
632765	289911
632776	289910
632792	289905
632804	289901
632829	289889
632837	289886
632844	289885
632849	289885
632856	289886
632868	289888
632924	289911
632933	289916
632940	289918
632945	289919
632956	289920
632987	289917
633011	289909
633044	289900
633084	289891
633165	289871
633201	289859
633259	289828
633328	289785
633359	289763
633402	289711
633402	289706
633402	289701
633392	289678
633384	289651
633383	289647
633381	289644
633378	289640
633374	289638
633369	289635
633359	289626
633351	289617
633343	289580
633338	289560
633346	289538
633355	289518
633356	289509
633356	289504
633355	289500
633346	289475
633343	289470
633342	289466
633341	289462
633342	289458
633344	289453
633349	289448
633373	289430
633378	289426
633382	289422
633387	289414
633389	289410
633391	289400
633388	289359
633389	289351
633414	289315
633419	289305
633420	289299
633420	289295
633415	289242
633415	289233
633417	289230
633421	289222
633423	289219
633429	289214
633447	289208
633457	289202
633445	289145
633445	289141
633445	289136
633447	289132
633451	289127
633499	289104
633500	289102
633504	289081
633494	289002
633492	288992
633491	288981
633491	288975
633494	288964
633513	288916
633516	288898
633516	288888
633516	288880
633515	288873
633513	288865
633509	288856
633505	288849
633501	288843
633493	288835
633477	288821
633475	288820
633445	288831
633418	288815
633415	288812
633413	288809
633401	288723
633375	288702
633356	288697
633341	288675
633335	288668
633333	288664
633330	288656
633330	288652
633330	288648
633332	288641
633336	288635
633341	288630
633346	288627
633362	288623
633369	288619
633372	288616
633374	288613
633375	288610
633375	288601
633374	288596
633372	288587
633370	288581
633366	288575
633362	288570
633356	288566
633350	288563
633345	288561
633343	288561
633317	288558
633294	288565
633280	288566
633271	288566
633261	288565
633238	288556
633233	288555
633223	288553
633215	288552
633208	288552
633200	288553
633190	288554
633179	288557
633159	288563
633142	288570
633095	288593
633051	288605
633040	288606
633033	288605
633025	288604
633013	288601
632979	288584
632959	288571
632949	288569
632944	288568
632938	288569
632931	288571
632923	288574
632916	288578
632910	288583
632907	288587
632903	288594
632888	288635
632862	288661
632822	288686
632770	288690
632742	288674
632714	288663
632682	288659
632616	288634
632614	288616
632616	288609
632619	288604
632625	288597
632653	288570
632657	288564
632658	288560
632658	288556
632657	288552
632655	288547
632653	288543
632650	288539
632647	288536
632643	288534
632638	288532
632633	288531
632630	288531
632623	288532
632616	288535
632610	288539
632575	288578
632566	288581
632559	288582
632509	288546
632490	288529
632485	288526
632481	288526
632479	288526
632476	288527
632473	288529
632471	288531
632458	288551
632448	288561
632442	288565
632438	288567
632433	288569
632428	288569
632424	288569
632421	288568
632391	288556
632349	288527
632310	288509
632294	288503
632279	288485
632260	288484
632260	288484
632222	288487
632198	288494
632177	288515
632148	288534
632136	288538
632128	288539
632120	288539
632109	288537
632015	288479
632001	288470
631983	288441
631978	288412
631978	288407
631977	288402
631975	288398
631973	288394
631970	288392
631966	288390
631962	288388
631957	288388
631953	288388
631949	288389
631945	288391
631939	288396
631912	288417
631884	288436
631880	288437
631875	288440
631870	288441
631864	288442
631858	288442
631852	288442
631841	288439
631769	288424
631748	288413
631733	288402
631714	288403
631698	288398
631672	288381
631627	288354
631618	288347
631613	288342
631601	288328
631595	288318
631593	288312
631592	288308
631591	288303
631592	288296
631593	288289
631595	288282
631598	288278
631619	288247
631675	288152
631676	288147
631675	288144
631674	288141
631671	288140
631667	288139
631664	288140
631659	288142
631577	288159
631569	288158
631566	288156
631561	288153
631559	288150
631533	288102
631519	288071
631514	288065
631510	288062
631503	288060
631436	288064
631341	288065
631337	288065
631334	288068
631332	288071
631332	288075
631328	288090
631323	288107
631321	288110
631318	288114
631315	288117
631313	288119
631307	288121
631301	288121
631295	288120
631231	288086
631192	288067
631152	288049
631081	288017
631042	287995
631012	287970
630998	287955
630985	287911
630981	287886
630976	287871
630976	287826
630964	287802
630960	287801
630952	287800
630942	287799
630935	287799
630932	287800
630929	287802
630926	287804
630924	287807
630921	287819
630917	287824
630914	287827
630908	287830
630904	287831
630897	287832
630886	287831
630874	287830
630866	287828
630855	287824
630847	287820
630731	287746
630727	287742
630722	287734
630721	287730
630720	287721
630731	287642
630732	287639
630731	287637
630730	287634
630726	287632
630724	287632
630721	287632
630717	287635
630704	287641
630698	287642
630696	287641
630690	287638
630681	287630
630660	287616
630655	287612
630648	287606
630644	287601
630639	287596
630632	287585
630620	287550
630601	287535
630594	287526
630586	287513
630584	287509
630583	287504
630582	287500
630582	287496
630584	287485
630585	287482
630587	287479
630590	287477
630594	287476
630598	287475
630609	287478
630616	287477
630620	287477
630625	287475
630630	287472
630633	287470
630650	287454
630669	287430
630686	287423
630692	287419
630693	287416
630695	287410
630694	287405
630673	287388
630669	287384
630668	287380
630667	287376
630668	287371
630671	287365
630698	287332
630738	287321
630742	287318
630744	287316
630746	287313
630747	287310
630747	287307
630737	287262
630703	287256
630668	287226
630676	287195
630629	287166
630586	287149
630571	287141
630530	287101
630435	287038
630315	286968
630304	286962
630293	286957
630274	286951
630261	286948
630249	286946
630240	286945
630230	286945
630222	286946
630208	286949
630082	286993
630075	286994
630071	286994
630063	286992
630055	286988
630052	286985
630049	286982
630045	286977
630043	286973
630041	286969
630040	286963
630039	286953
630036	286912
630034	286908
630032	286906
630030	286904
630028	286904
630023	286904
630020	286906
630000	286913
629999	286913
629999	286913
629929	286929
629877	286937
629868	286936
629864	286934
629860	286933
629857	286930
629853	286926
629804	286856
629781	286827
629775	286821
629766	286816
629761	286814
629756	286813
629746	286812
629717	286806
629717	286806
629682	286777
629682	286777
629619	286723
629614	286716
629608	286700
629606	286696
629601	286690
629595	286684
629590	286679
629587	286678
629584	286677
629580	286678
629575	286680
629571	286684
629565	286690
629549	286716
629547	286720
629544	286723
629540	286727
629535	286729
629528	286729
629525	286728
629521	286727
629516	286723
629466	286702
629460	286697
629455	286695
629451	286694
629446	286695
629439	286697
629389	286730
629386	286733
629384	286735
629381	286736
629377	286736
629371	286733
629340	286708
629315	286696
629290	286688
629287	286686
629284	286683
629282	286680
629282	286676
629282	286674
629292	286654
629300	286619
629303	286612
629304	286605
629303	286600
629301	286594
629299	286590
629297	286587
629294	286584
629284	286577
629280	286573
629276	286566
629275	286562
629275	286555
629267	286543
629241	286513
629238	286510
629235	286508
629231	286506
629227	286505
629223	286505
629216	286506
629103	286545
629096	286545
629092	286544
629088	286543
629086	286541
629084	286539
629083	286537
629083	286531
629102	286464
629103	286451
629103	286443
629102	286438
629101	286435
629099	286432
629096	286429
629092	286426
629071	286416
629066	286416
629063	286414
629061	286413
629059	286410
629058	286408
629058	286406
629059	286403
629060	286401
629063	286398
629106	286380
629111	286376
629112	286374
629113	286372
629113	286368
629113	286365
629112	286362
629110	286359
629086	286340
629074	286336
629053	286336
629015	286341
628993	286347
628962	286342
628923	286341
628916	286342
628913	286344
628897	286352
628892	286353
628884	286354
628877	286354
628873	286353
628847	286341
628841	286337
628834	286335
628825	286334
628823	286335
628819	286336
628816	286339
628813	286343
628812	286346
628812	286372
628812	286374
628807	286379
628805	286380
628802	286381
628797	286382
628793	286381
628786	286379
628779	286374
628774	286368
628771	286361
628770	286354
628773	286328
628773	286319
628773	286318
628771	286316
628770	286315
628768	286315
628765	286315
628756	286315
628751	286313
628743	286309
628736	286305
628730	286299
628715	286277
628715	286277
628695	286248
628621	286196
628565	286151
628507	286084
628463	286047
628416	286005
628407	285997
628400	285988
628395	285982
628391	285975
628387	285967
628383	285958
628379	285946
628375	285882
628380	285838
628383	285825
628385	285814
628386	285801
628387	285790
628387	285781
628386	285773
628384	285763
628381	285754
628377	285745
628373	285737
628368	285730
628333	285685
628333	285685
628324	285673
628320	285666
628318	285661
628317	285656
628316	285651
628316	285643
628322	285603
628331	285576
628336	285557
628339	285527
628357	285484
628359	285479
628360	285474
628360	285467
628357	285452
628356	285442
628357	285436
628360	285424
628379	285404
628393	285394
628411	285386
628444	285349
628466	285335
628476	285328
628481	285324
628482	285322
628482	285320
628483	285315
628479	285305
628475	285301
628473	285297
628473	285293
628474	285290
628475	285288
628501	285258
628505	285252
628509	285240
628509	285236
628507	285233
628505	285230
628502	285228
628497	285227
628492	285223
628490	285220
628486	285212
628485	285209
628485	285204
628486	285199
628487	285195
628489	285193
628492	285190
628496	285187
628500	285184
628505	285183
628514	285182
628548	285186
628560	285184
628571	285181
628575	285179
628579	285176
628583	285172
628585	285169
628590	285160
628599	285151
628617	285144
628622	285143
628626	285140
628630	285137
628633	285133
628634	285130
628635	285126
628647	285067
628647	285057
628645	285035
628642	285018
628641	285014
628631	285000
628631	285000
628622	284976
628618	284969
628615	284963
628613	284955
628612	284949
628612	284943
628613	284936
628614	284930
628619	284918
628623	284911
628667	284857
628674	284849
628679	284842
628684	284835
628687	284826
628690	284818
628691	284811
628692	284804
628692	284796
628691	284787
628689	284779
628687	284773
628684	284767
628681	284762
628676	284757
628667	284751
628606	284723
628587	284719
628584	284717
628580	284713
628577	284709
628573	284676
628567	284668
628459	284600
628431	284585
628428	284583
628424	284579
628422	284575
628420	284572
628400	284499
628397	284493
628392	284487
628386	284484
628379	284481
628375	284481
628371	284482
628368	284483
628365	284485
628361	284489
628359	284492
628357	284497
628342	284523
628340	284526
628337	284529
628334	284531
628330	284532
628318	284532
628314	284532
628308	284530
628301	284527
628283	284493
628282	284488
628280	284485
628276	284481
628274	284480
628259	284478
628253	284478
628242	284479
628215	284496
628210	284498
628203	284499
628195	284498
628187	284495
628180	284490
628177	284487
628171	284481
628167	284478
628163	284476
628158	284475
628153	284474
628148	284475
628103	284472
628099	284473
628095	284471
628094	284468
628093	284466
628095	284452
628093	284447
628092	284445
628088	284442
628059	284434
628050	284430
628045	284426
628037	284418
628011	284383
627984	284351
627962	284334
627941	284316
627838	284257
627832	284256
627828	284256
627821	284259
627807	284269
627804	284273
627801	284274
627796	284276
627741	284271
627717	284275
627714	284275
627710	284275
627705	284273
627699	284269
627695	284265
627692	284260
627690	284256
627687	284245
627686	284235
627687	284225
627689	284216
627721	284141
627723	284134
627706	284013
627695	283989
627694	283983
627694	283977
627695	283972
627697	283967
627699	283963
627702	283959
627705	283956
627711	283952
627740	283931
627751	283924
627757	283920
627763	283915
627768	283910
627770	283905
627772	283901
627773	283896
627773	283892
627772	283887
627770	283882
627740	283821
627738	283815
627738	283811
627739	283808
627742	283800
627743	283798
627750	283791
627772	283757
627772	283757
627774	283753
627774	283750
627773	283746
627770	283739
627740	283709
627728	283701
627666	283689
627652	283687
627645	283685
627638	283683
627631	283680
627620	283673
627586	283637
627567	283621
627540	283604
627527	283592
627521	283587
627521	283587
627513	283579
627483	283547
627447	283513
627438	283505
627431	283501
627424	283497
627417	283494
627409	283492
627402	283490
627392	283489
627336	283507
627328	283508
627319	283507
627316	283506
627309	283501
627291	283481
627204	283446
627170	283432
627160	283429
627154	283428
627150	283428
627140	283429
627054	283456
627044	283457
627034	283457
627029	283456
627025	283455
627021	283453
627016	283450
627012	283444
627012	283444
627008	283437
627007	283431
627006	283424
627006	283417
627006	283412
627012	283377
627012	283362
627004	283323
626995	283295
626996	283288
627004	283277
627006	283271
626988	283201
626982	283187
626978	283179
626971	283169
626964	283159
626957	283151
626923	283122
626911	283113
626904	283108
626898	283101
626888	283088
626880	283073
626877	283066
626875	283059
626872	283047
626875	282961
626880	282920
626879	282910
626878	282903
626876	282897
626871	282886
626868	282881
626863	282876
626861	282873
626845	282866
626832	282840
626831	282822
626816	282789
626799	282769
626799	282744
626773	282714
626766	282658
626766	282649
626765	282642
626762	282635
626759	282630
626755	282625
626749	282621
626740	282616
626706	282613
626697	282610
626693	282607
626688	282603
626684	282597
626681	282590
626678	282582
626677	282575
626677	282567
626677	282560
626680	282554
626683	282548
626687	282543
626694	282537
626706	282524
626708	282521
626710	282517
626711	282512
626711	282508
626711	282505
626709	282502
626706	282498
626601	282416
626561	282399
626552	282396
626545	282393
626539	282390
626534	282386
626528	282381
626522	282374
626519	282370
626510	282345
626508	282337
626506	282332
626503	282328
626497	282323
626469	282302
626455	282295
626444	282293
626436	282292
626428	282289
626422	282286
626411	282279
626402	282271
626378	282244
626353	282219
626345	282207
626340	282198
626335	282184
626330	282145
626330	282137
626328	282131
626326	282125
626322	282119
626317	282114
626299	282099
626281	282083
626266	282070
626257	282051
626244	282026
626200	281985
626192	281979
626184	281975
626175	281970
626165	281967
626157	281965
626149	281964
626141	281963
626133	281964
626125	281966
626116	281969
626054	282006
626030	282016
626006	282021
625947	281984
625896	281944
625855	281895
625852	281890
625850	281888
625847	281886
625845	281885
625841	281885
625838	281886
625833	281888
625788	281900
625772	281897
625751	281884
625748	281879
625747	281876
625747	281872
625748	281869
625766	281838
625783	281800
625783	281792
625782	281784
625780	281780
625777	281777
625773	281773
625769	281770
625765	281768
625760	281767
625752	281767
625745	281769
625741	281771
625738	281774
625723	281789
625723	281789
625716	281799
625706	281808
625699	281812
625687	281819
625681	281821
625665	281825
625594	281835
625555	281851
625549	281853
625545	281853
625541	281852
625535	281850
625481	281814
625471	281809
625464	281806
625457	281805
625451	281805
625444	281805
625435	281807
625427	281810
625374	281818
625318	281840
625266	281869
625239	281872
625235	281873
625228	281877
625225	281880
625222	281885
625218	281892
625216	281900
625214	281907
625214	281914
625215	281924
625217	281932
625216	281941
625214	281948
625211	281955
625207	281963
625200	281973
625158	282010
625083	282066
625035	282095
625000	282113
624999	282114
624999	282114
624975	282129
624970	282132
624964	282134
624958	282136
624952	282136
624943	282136
624934	282134
624917	282129
624899	282120
624866	282106
624854	282100
624830	282085
624824	282084
624820	282085
624811	282090
624806	282096
624793	282113
624787	282124
624781	282135
624778	282144
624769	282175
624767	282178
624761	282186
624754	282192
624742	282201
624737	282203
624725	282203
624696	282206
624690	282205
624686	282203
624681	282201
624677	282197
624672	282189
624649	282167
624643	282164
624639	282163
624637	282163
624633	282164
624630	282166
624626	282170
624621	282177
624612	282192
624608	282196
624605	282198
624582	282204
624577	282205
624569	282206
624563	282206
624550	282204
624524	282195
624495	282184
624491	282183
624486	282182
624481	282182
624452	282188
624441	282190
624419	282190
624380	282189
624375	282186
624373	282183
624370	282173
624367	282135
624366	282131
624363	282126
624353	282114
624348	282106
624344	282097
624334	282071
624330	282064
624324	282059
624321	282057
624309	282057
624306	282055
624296	282046
624295	282044
624293	282039
624292	282035
624293	282022
624293	282020
624290	282016
624288	282013
624283	282009
624269	282002
624264	282001
624254	281999
624231	281997
624229	281996
624223	281993
624217	281987
624203	281965
624195	281947
624192	281942
624188	281938
624184	281935
624180	281934
624126	281931
624117	281931
624111	281932
624104	281935
624083	281947
624064	281956
624065	281984
624063	281990
624061	281994
624058	281997
624056	281998
624053	281998
624053	281998
624032	281987
624008	281978
624003	281979
624000	281980
623996	281982
623994	281985
623944	282042
623935	282052
623928	282058
623917	282065
623905	282072
623895	282077
623887	282080
623853	282082
623839	282083
623832	282083
623827	282083
623814	282080
623792	282075
623738	282058
623725	282053
623714	282048
623703	282042
623659	282006
623655	282002
623637	281993
623624	281986
623619	281983
623613	281978
623608	281973
623606	281970
623604	281964
623602	281950
623600	281944
623596	281932
623593	281924
623589	281918
623585	281914
623580	281911
623576	281908
623568	281906
623557	281904
623548	281901
623543	281898
623540	281896
623527	281881
623506	281847
623502	281843
623498	281841
623493	281839
623485	281837
623472	281836
623468	281834
623458	281825
623448	281815
623445	281812
623440	281810
623431	281807
623399	281803
623390	281799
623379	281793
623376	281790
623373	281785
623371	281780
623369	281774
623367	281765
623366	281757
623366	281745
623368	281714
623369	281706
623369	281701
623369	281696
623367	281692
623365	281688
623361	281682
623327	281645
623317	281637
623307	281629
623277	281613
623253	281598
623248	281593
623244	281587
623241	281578
623240	281575
623240	281569
623254	281504
623254	281496
623248	281477
623241	281462
623239	281457
623228	281440
623212	281407
623208	281400
623204	281394
623198	281387
623189	281377
623175	281364
623163	281354
623152	281346
623145	281342
623135	281337
623124	281333
623109	281330
623087	281323
623081	281320
623077	281317
623073	281313
623062	281298
623058	281292
623053	281280
623047	281262
623043	281241
623040	281231
623037	281226
623034	281221
623030	281217
623026	281214
623022	281211
623018	281210
623013	281209
623002	281209
622975	281212
622967	281211
622964	281209
622962	281207
622959	281203
622953	281194
622937	281174
622933	281172
622916	281169
622912	281168
622909	281167
622903	281163
622898	281159
622894	281154
622873	281122
622869	281117
622865	281112
622854	281103
622811	281067
622809	281063
622809	281061
622809	281057
622811	281054
622812	281052
622820	281047
622821	281046
622822	281044
622822	281039
622811	281014
622802	280983
622800	280980
622793	280973
622768	280959
622759	280952
622755	280948
622752	280943
622749	280938
622748	280935
622741	280905
622738	280897
622735	280890
622732	280885
622721	280872
622717	280866
622714	280859
622711	280851
622709	280842
622709	280837
622710	280825
622711	280818
622711	280816
622710	280813
622708	280811
622708	280810
622696	280811
622690	280812
622681	280814
622669	280819
622649	280829
622642	280830
622636	280828
622633	280827
622627	280822
622611	280792
622605	280783
622597	280773
622590	280766
622582	280760
622574	280755
622556	280749
622552	280746
622545	280742
622533	280730
622528	280722
622523	280708
622520	280693
622519	280684
622519	280677
622520	280662
622525	280646
622537	280622
622540	280605
622540	280599
622537	280592
622533	280583
622522	280561
622515	280550
622512	280543
622505	280519
622502	280512
622496	280506
622478	280494
622460	280467
622458	280465
622455	280463
622451	280461
622439	280456
622436	280454
622434	280452
622432	280449
622430	280444
622430	280442
622431	280429
622435	280414
622435	280409
622434	280407
622411	280370
622390	280330
622374	280297
622369	280291
622364	280286
622361	280283
622357	280281
622341	280273
622330	280262
622323	280256
622317	280252
622299	280240
622293	280235
622290	280230
622286	280222
622278	280185
622276	280181
622275	280178
622270	280174
622265	280171
622259	280169
622249	280166
622234	280165
622230	280164
622219	280162
622195	280152
622195	280152
622191	280146
622186	280134
622185	280130
622185	280126
622186	280121
622191	280107
622194	280098
622195	280085
622195	280081
622194	280077
622190	280067
622167	280000
622167	280000
622161	279988
622155	279976
622145	279959
622125	279932
622114	279918
622092	279893
622078	279874
622069	279859
622050	279823
622049	279821
622036	279806
622025	279792
622016	279783
622004	279774
621972	279757
621972	279757
621930	279729
621925	279723
621921	279721
621917	279720
621906	279717
621902	279718
621896	279720
621878	279731
621868	279735
621833	279744
621769	279761
621757	279763
621747	279764
621739	279764
621732	279763
621721	279760
621685	279746
621666	279740
621658	279736
621648	279731
621629	279720
621616	279712
621603	279703
621584	279687
621576	279679
621552	279653
621548	279645
621546	279640
621542	279627
621534	279575
621530	279557
621528	279550
621525	279542
621521	279536
621510	279522
621506	279512
621500	279482
621493	279457
621489	279452
621486	279449
621481	279443
621474	279439
621460	279425
621450	279416
621444	279410
621440	279405
621430	279391
621423	279379
621409	279349
621386	279298
621381	279281
621370	279255
621363	279243
621360	279239
621356	279235
621352	279231
621347	279228
621342	279226
621339	279225
621307	279222
621297	279218
621291	279214
621286	279208
621283	279204
621266	279177
621252	279161
621249	279159
621245	279159
621239	279165
621232	279170
621213	279189
621200	279204
621186	279224
621177	279219
621169	279214
621167	279210
621166	279204
621167	279203
621183	279168
621183	279164
621182	279159
621181	279155
621179	279150
621174	279144
621167	279130
621164	279126
621157	279119
621150	279115
621147	279114
621141	279113
621135	279113
621124	279117
621119	279117
621113	279117
621107	279116
621098	279112
621077	279100
621075	279099
621065	279096
621060	279096
621054	279096
621048	279097
621042	279099
621037	279102
621030	279108
621015	279130
621003	279161
621000	279164
620997	279168
620993	279171
620989	279173
620985	279175
620982	279176
620974	279175
620959	279170
620951	279167
620945	279162
620940	279158
620927	279144
620922	279140
620917	279138
620913	279137
620906	279137
620899	279139
620892	279144
620878	279157
620872	279161
620867	279163
620861	279164
620854	279165
620847	279165
620841	279164
620794	279153
620745	279144
620731	279142
620721	279140
620707	279134
620673	279116
620667	279110
620653	279094
620651	279093
620646	279090
620631	279084
620625	279082
620619	279078
620613	279074
620608	279068
620603	279062
620588	279037
620585	279034
620582	279031
620578	279029
620574	279027
620569	279027
620563	279027
620555	279028
620546	279031
620536	279037
620508	279059
620492	279069
620483	279073
620475	279075
620467	279076
620456	279077
620445	279076
620438	279075
620426	279073
620392	279061
620372	279053
620360	279045
620354	279041
620331	279020
620324	279015
620317	279012
620309	279010
620304	279009
620285	279008
620269	279008
620237	279013
620226	279016
620220	279018
620213	279018
620211	279017
620208	279015
620205	279011
620203	279008
620203	279003
620203	278999
620208	278981
620215	278964
620218	278952
620219	278942
620218	278923
620222	278912
620232	278889
620235	278881
620237	278864
620238	278824
620238	278814
620238	278809
620235	278795
620231	278775
620230	278764
620230	278758
620232	278750
620234	278743
620243	278724
620243	278721
620243	278715
620242	278706
620235	278682
620230	278677
620224	278674
620218	278671
620212	278669
620201	278667
620192	278667
620163	278663
620154	278661
620147	278657
620144	278654
620141	278650
620138	278645
620136	278640
620135	278634
620135	278624
620139	278615
620139	278612
620136	278605
620135	278604
620120	278592
620110	278586
620099	278567
620095	278562
620093	278560
620078	278549
620071	278540
620068	278533
620065	278526
620058	278497
620055	278490
620052	278486
620048	278483
620042	278481
620033	278478
620025	278477
620015	278477
620000	278478
619999	278478
619999	278478
619992	278478
619968	278477
619951	278471
619934	278466
619907	278457
619892	278454
619880	278454
619862	278459
619843	278468
619820	278477
619801	278487
619781	278495
619776	278497
619766	278498
619759	278497
619751	278493
619727	278465
619709	278441
619701	278433
619691	278430
619685	278431
619679	278432
619669	278437
619664	278439
619653	278442
619648	278442
619644	278441
619640	278440
619630	278433
619619	278420
619614	278415
619603	278405
619594	278398
619589	278395
619584	278394
619564	278390
619560	278388
619556	278385
619552	278381
619546	278372
619545	278367
619542	278358
619540	278347
619540	278325
619534	278300
619532	278295
619525	278282
619518	278274
619507	278267
619497	278263
619492	278262
619480	278262
619475	278262
619466	278266
619459	278273
619455	278289
619449	278306
619448	278314
619445	278323
619443	278325
619441	278327
619437	278329
619428	278332
619424	278332
619413	278331
619405	278320
619397	278306
619393	278299
619381	278268
619379	278258
619381	278249
619389	278239
619401	278226
619404	278222
619405	278218
619405	278215
619405	278211
619402	278206
619398	278200
619372	278179
619352	278154
619348	278149
619343	278145
619338	278140
619317	278126
619306	278121
619290	278115
619290	278115
619278	278110
619272	278108
619262	278103
619251	278097
619241	278093
619227	278090
619215	278089
619209	278090
619198	278093
619193	278094
619190	278097
619186	278100
619169	278122
619163	278128
619161	278130
619158	278131
619155	278132
619151	278131
619134	278125
619124	278123
619120	278122
619113	278123
619111	278122
619109	278120
619104	278109
619100	278086
619096	278077
619092	278073
619081	278066
619078	278063
619075	278060
619068	278049
619042	278001
619037	277984
619035	277976
619031	277946
619028	277939
619026	277937
619024	277935
618990	277914
618974	277902
618969	277898
618954	277895
618919	277890
618887	277888
618871	277891
618836	277905
618816	277916
618767	277951
618727	277973
618704	277986
618689	277998
618665	278018
618646	278032
618632	278040
618609	278048
618598	278053
618587	278058
618569	278067
618561	278070
618527	278083
618514	278085
618483	278087
618476	278088
618468	278089
618462	278090
618448	278095
618438	278095
618427	278091
618412	278091
618359	278138
618334	278155
618334	278155
618301	278187
618282	278209
618277	278219
618276	278223
618274	278231
618273	278241
618271	278245
618270	278250
618265	278256
618260	278262
618248	278274
618234	278292
618222	278306
618212	278317
618207	278322
618196	278331
618191	278334
618188	278336
618166	278346
618153	278349
618148	278349
618139	278347
618123	278337
618111	278324
618103	278314
618095	278302
618088	278290
618085	278283
618079	278268
618075	278242
618074	278239
618071	278233
618069	278231
618064	278229
618056	278230
618049	278236
618046	278244
618042	278256
618042	278264
618033	278287
618031	278290
618020	278301
618015	278309
618011	278319
618005	278340
618002	278345
618000	278347
617999	278348
617990	278349
617949	278348
617935	278350
617897	278363
617878	278370
617864	278376
617857	278382
617851	278391
617848	278406
617845	278413
617835	278420
617823	278425
617801	278428
617784	278428
617781	278428
617771	278423
617771	278423
617757	278419
617747	278419
617741	278419
617735	278421
617728	278423
617716	278428
617710	278431
617707	278433
617703	278438
617700	278444
617698	278448
617696	278460
617694	278466
617684	278477
617681	278482
617673	278503
617671	278506
617666	278512
617663	278514
617657	278515
617650	278515
617647	278515
617640	278512
617624	278504
617612	278503
617607	278502
617590	278498
617583	278494
617566	278478
617562	278475
617557	278472
617546	278468
617517	278465
617501	278463
617477	278466
617470	278471
617457	278489
617452	278495
617434	278504
617428	278508
617416	278519
617405	278528
617393	278535
617366	278540
617357	278540
617347	278540
617316	278538
617312	278537
617305	278535
617302	278533
617299	278530
617295	278523
617293	278509
617291	278504
617284	278493
617281	278488
617267	278472
617243	278452
617238	278449
617234	278446
617219	278441
617199	278436
617195	278436
617176	278440
617168	278440
617164	278440
617158	278435
617149	278410
617144	278395
617142	278389
617139	278384
617121	278365
617118	278361
617113	278352
617112	278347
617110	278336
617112	278325
617111	278317
617105	278309
617086	278297
617079	278293
617065	278287
617050	278282
617043	278280
617015	278275
617002	278271
616987	278263
616965	278252
616936	278236
616917	278217
616905	278209
616889	278203
616876	278200
616869	278192
616850	278192
616845	278191
616839	278189
616823	278182
616800	278178
616794	278178
616783	278178
616785	278203
616785	278218
616787	278230
616787	278235
616787	278237
616781	278242
616774	278236
616765	278232
616742	278239
616725	278247
616720	278248
616715	278249
616673	278248
616661	278253
616648	278260
616636	278269
616625	278280
616621	278284
616617	278302
616611	278319
616610	278327
616605	278334
616591	278345
616587	278348
616583	278349
616574	278352
616556	278356
616543	278359
616519	278375
616513	278377
616485	278389
616456	278403
616451	278405
616438	278408
616429	278406
616421	278398
616410	278382
616394	278350
616386	278336
616372	278323
616339	278307
616315	278299
616301	278295
616294	278294
616288	278293
616283	278293
616273	278296
616264	278301
616261	278305
616257	278310
616246	278329
616240	278337
616236	278341
616229	278343
616220	278340
616209	278331
616200	278317
616190	278304
616184	278291
616181	278279
616177	278274
616170	278274
616166	278278
616160	278287
616156	278296
616154	278306
616148	278315
616138	278323
616123	278331
616108	278333
616092	278332
616076	278329
616066	278325
616062	278323
616058	278320
616049	278310
616046	278306
616038	278287
616035	278284
616032	278280
616028	278277
616017	278272
616005	278269
615988	278271
615982	278273
615953	278288
615935	278289
615895	278288
615846	278293
615790	278294
615779	278296
615770	278301
615765	278304
615754	278313
615725	278338
615712	278347
615702	278352
615697	278355
615681	278361
615667	278364
615641	278371
615624	278374
615621	278379
615619	278389
615619	278394
615620	278405
615619	278414
615614	278419
615608	278423
615599	278423
615585	278421
615573	278418
615567	278418
615561	278419
615534	278430
615523	278435
615517	278441
615519	278451
615520	278466
615513	278475
615489	278489
615475	278493
615462	278496
615446	278494
615431	278494
615416	278494
615402	278495
615379	278499
615373	278499
615355	278496
615347	278493
615342	278489
615340	278485
615339	278481
615338	278476
615336	278465
615336	278452
615336	278445
615338	278432
615336	278427
615335	278423
615324	278412
615308	278408
615259	278398
615207	278386
615183	278378
615175	278377
615167	278375
615146	278375
615080	278382
615064	278382
615058	278383
615040	278389
615000	278408
614999	278408
614999	278408
614989	278408
614980	278407
614962	278404
614954	278404
614948	278405
614939	278411
614933	278417
614930	278421
614921	278436
614913	278448
614905	278454
614899	278456
614887	278457
614880	278458
614873	278461
614869	278463
614854	278473
614845	278481
614830	278487
614820	278492
614805	278501
614789	278514
614766	278536
614758	278542
614745	278550
614711	278560
614696	278567
614683	278574
614683	278574
614675	278581
614663	278590
614650	278597
614632	278604
614626	278608
614615	278616
614609	278624
614606	278630
614606	278637
614609	278650
614611	278660
614611	278669
614610	278673
614605	278696
614601	278721
614596	278729
614559	278739
614549	278739
614544	278738
614540	278736
614529	278729
614524	278729
614520	278730
614503	278734
614475	278740
614462	278740
614449	278738
614445	278737
614440	278738
614425	278743
614403	278744
614391	278741
614384	278739
614370	278733
614364	278729
614351	278720
614347	278718
614341	278715
614334	278713
614331	278713
614325	278715
614320	278721
614319	278725
614319	278732
614319	278742
614319	278746
614318	278750
614317	278754
614315	278757
614308	278762
614304	278764
614295	278768
614285	278772
614281	278772
614276	278773
614267	278772
614264	278771
614257	278765
614243	278752
614232	278748
614228	278747
614222	278747
614216	278749
614209	278751
614195	278757
614188	278762
614183	278769
614182	278773
614182	278778
614182	278786
614183	278794
614186	278806
614185	278813
614180	278817
614168	278823
614157	278829
614144	278840
614138	278846
614134	278856
614132	278865
614133	278872
614135	278876
614137	278889
614137	278893
614136	278896
614135	278900
614133	278903
614127	278908
614121	278911
614117	278913
614108	278914
614098	278915
614072	278910
614052	278908
614043	278906
614033	278907
614024	278909
614016	278912
614006	278916
613996	278919
613977	278919
613969	278921
613967	278925
613965	278929
613959	278944
613953	278949
613945	278953
613925	278957
613910	278959
613894	278960
613866	278961
613862	278962
613853	278964
613834	278975
613829	278977
613819	278980
613809	278982
613804	278982
613794	278980
613783	278975
613776	278969
613772	278967
613769	278965
613761	278964
613750	278965
613723	278971
613677	278981
613663	278985
613652	278985
613648	278983
613642	278976
613639	278973
613633	278961
613627	278956
613625	278954
613612	278951
613594	278949
613579	278951
613562	278957
613542	278960
613517	278960
613470	278962
613457	278964
613452	278965
613442	278973
613436	278980
613410	279003
613390	279024
613384	279028
613379	279032
613375	279034
613368	279036
613364	279036
613361	279035
613354	279031
613350	279028
613339	279017
613323	279002
613314	278997
613306	278997
613294	279004
613285	279009
613285	279009
613269	279015
613259	279018
613248	279021
613236	279021
613225	279021
613213	279020
613208	279019
613204	279018
613190	279012
613173	279002
613169	279000
613152	278996
613130	278992
613120	278988
613115	278985
613085	278965
613077	278958
613073	278956
613069	278954
613051	278947
613041	278945
613041	278945
613028	278949
613001	278951
612986	278950
612923	278951
612895	278954
612879	278957
612836	278958
612819	278958
612811	278957
612794	278951
612780	278945
612769	278936
612760	278933
612756	278935
612749	278947
612745	278955
612738	278960
612731	278959
612724	278954
612713	278947
612707	278948
612692	278964
612677	278987
612610	279094
612573	279156
612564	279167
612556	279174
612547	279174
612533	279171
612529	279171
612523	279177
612509	279197
612501	279199
612479	279203
612469	279207
612458	279209
612447	279209
612442	279207
612412	279190
612402	279186
612386	279179
612372	279180
612326	279198
612313	279201
612303	279206
612280	279228
612276	279233
612269	279242
612262	279253
612254	279267
612244	279288
612242	279292
612231	279307
612228	279315
612233	279343
612231	279345
612229	279348
612223	279352
612186	279365
612164	279374
612157	279375
612151	279376
612143	279376
612140	279374
612135	279368
612132	279365
612127	279355
612121	279351
612114	279350
612110	279351
612089	279361
612080	279358
612057	279346
612052	279348
612035	279370
612025	279377
612022	279379
612012	279382
611928	279401
611915	279403
611904	279402
611880	279395
611862	279392
611813	279388
611763	279383
611744	279379
611663	279362
611614	279354
611585	279351
611544	279344
611529	279340
611517	279338
611505	279337
611499	279337
611459	279337
611445	279335
611428	279329
611418	279325
611292	279272
611279	279270
611276	279270
611271	279272
611268	279274
611266	279277
611252	279297
611245	279304
611241	279306
611237	279308
611226	279313
611204	279318
611188	279325
611184	279327
611173	279337
611162	279343
611134	279349
611119	279353
611089	279357
611045	279360
611011	279361
610996	279362
610989	279363
610975	279368
610938	279373
610910	279375
610902	279375
610895	279375
610875	279373
610875	279373
610842	279375
610752	279386
610726	279387
610664	279391
610610	279395
610573	279397
610498	279409
610448	279412
610236	279431
610158	279442
610087	279450
610038	279454
610000	279457
610000	279457
609971	279463
609943	279470
609926	279474
609919	279473
609908	279470
609902	279468
609893	279462
609863	279449
609836	279435
609805	279422
609805	279422
609792	279420
609778	279416
609769	279408
609746	279396
609738	279392
609729	279390
609713	279387
609704	279386
609695	279388
609669	279396
609630	279407
609580	279423
609568	279426
609556	279429
609529	279435
609497	279439
609460	279452
609445	279459
609433	279469
609428	279474
609422	279481
609412	279498
609401	279509
609391	279520
609381	279534
609361	279563
609340	279591
609334	279601
609306	279646
609301	279655
609294	279673
609291	279695
609286	279710
609284	279717
609280	279722
609273	279731
609269	279735
609244	279755
609227	279766
609221	279769
609197	279777
609179	279785
609167	279790
609125	279805
609039	279843
609071	279920
609089	279956
609069	279957
609054	279955
609045	279956
609037	279958
609021	279963
609006	279972
608992	279983
608982	279995
608981	280000
608981	280000
608970	280017
608957	280026
608952	280029
608948	280031
608927	280036
608921	280037
608916	280037
608905	280035
608900	280034
608875	280025
608869	280024
608859	280023
608853	280023
608847	280026
608823	280039
608818	280041
608815	280042
608811	280043
608798	280042
608741	280046
608724	280042
608714	280037
608712	280030
608712	280009
608710	280000
608710	280000
608701	279982
608695	279972
608689	279964
608685	279962
608680	279960
608674	279958
608654	279952
608648	279946
608643	279942
608637	279938
608631	279936
608624	279934
608532	279911
608529	279906
608528	279904
608526	279901
608525	279891
608523	279890
608510	279886
608499	279882
608487	279880
608459	279875
608436	279869
608423	279868
608417	279867
608382	279869
608362	279867
608349	279867
608311	279869
608311	279869
608304	279869
608292	279869
608286	279868
608280	279867
608246	279856
608231	279853
608217	279853
608211	279853
608200	279855
608183	279858
608154	279858
608139	279854
608128	279841
608124	279837
608117	279836
608111	279836
608104	279838
608070	279847
608005	279855
607995	279856
607988	279856
607981	279856
607968	279854
607954	279853
607935	279856
607915	279858
607898	279867
607892	279874
607890	279880
607890	279887
607889	279890
607888	279893
607884	279897
607878	279900
607866	279901
607855	279904
607842	279913
607795	279937
607781	279943
607772	279944
607740	279944
607727	279944
607701	279947
607681	279945
607640	279936
607608	279927
607609	279915
607609	279907
607608	279903
607602	279898
607583	279888
607575	279886
607568	279885
607562	279885
607551	279885
607534	279886
607515	279890
607504	279894
607498	279896
607481	279898
607452	279895
607423	279889
607408	279886
607392	279884
607377	279886
607363	279890
607350	279891
607338	279891
607314	279889
607296	279888
607278	279883
607260	279877
607246	279875
607220	279876
607213	279876
607183	279874
607157	279868
607138	279862
607108	279854
607097	279852
607087	279850
606987	279835
606943	279824
606925	279821
606876	279816
606860	279816
606840	279884
606825	279943
606810	280000
606810	280000
606808	280011
606786	280005
606776	280006
606749	280015
606738	280017
606736	280017
606729	280014
606704	280004
606684	280000
606684	280000
606658	279983
606644	279971
606626	279944
606620	279937
606607	279925
606602	279922
606594	279922
606589	279923
606585	279925
606575	279931
606556	279934
606511	279943
606397	279952
606382	279954
606359	279959
606354	279960
606346	279959
606343	279958
606333	279955
606325	279951
606325	279951
606326	279922
606326	279911
606328	279897
606280	279896
606269	279897
606265	279900
606263	279908
606264	279918
606267	279929
606267	279932
606232	279926
606208	279927
606200	279925
606194	279922
606185	279920
606177	279921
606171	279926
606171	279926
606164	279932
606155	279932
606138	279930
606079	279921
606011	279896
605981	279887
605945	279873
605929	279869
605921	279868
605905	279866
605887	279866
605839	279867
605829	279866
605810	279861
605805	279860
605786	279858
605780	279857
605750	279848
605741	279844
605725	279835
605713	279829
605698	279823
605685	279817
605666	279803
605628	279777
605607	279767
605568	279744
605543	279728
605523	279716
605491	279694
605445	279670
605436	279664
605420	279654
605400	279644
605391	279640
605371	279633
605355	279626
605343	279618
605327	279605
605316	279594
605311	279590
605277	279571
605267	279567
605253	279564
605244	279563
605226	279561
605208	279560
605198	279561
605165	279565
605148	279570
605098	279568
605092	279567
605080	279564
605049	279559
605044	279559
605039	279559
605031	279560
605016	279563
605010	279565
605000	279568
604999	279568
604999	279568
604979	279571
604973	279571
604953	279569
604930	279569
604897	279572
604873	279572
604858	279573
604832	279573
604824	279572
604816	279571
604809	279569
604802	279567
604784	279559
604764	279552
604750	279542
604700	279498
604660	279467
604648	279460
604620	279448
604577	279434
604541	279415
604535	279409
604511	279385
604491	279366
604481	279356
604462	279332
604455	279317
604451	279312
604442	279301
604437	279296
604421	279285
604413	279279
604385	279255
604346	279205
604324	279183
604304	279161
604279	279136
604227	279086
604212	279075
604206	279072
604198	279068
604189	279065
604175	279061
604175	279061
604166	279494
604140	280133
604127	280583
604127	280583
604129	280594
604133	280615
604133	280632
604132	280650
604127	280666
604124	280677
604124	280677
604121	280799
604094	281421
604093	281470
604061	282143
604029	282572
604029	282572
604031	282605
604034	282623
604033	282663
604031	282717
604030	282750
604026	282778
604023	282798
604017	282816
604017	282816
603966	284496
603924	285585
603869	286931
603874	287288
603874	287288
603873	287313
603868	287351
603868	287392
603868	287421
603870	287447
603872	287457
603874	287473
603877	287479
603881	287501
603885	287524
603887	287544
603888	287556
603886	287564
603882	287576
603877	287590
603870	287597
603864	287602
603858	287610
603855	287617
603856	287627
603857	287651
603857	287660
603852	287669
603847	287679
603847	287679
603798	288935
603739	290309
603683	291679
603657	291920
603657	291920
603659	291969
603662	292038
603664	292047
603669	292051
603674	292054
603674	292054
603677	292123
603681	292196
603685	292250
603685	292250
603666	292372
603653	292625
603653	292625
603652	292631
603652	292638
603654	292645
603656	292657
603658	292668
603659	292688
603661	292716
603664	292748
603669	292780
603668	292787
603666	292790
603662	292794
603650	292799
603622	292807
