1
6910
0
606045	234090
606041	234143
606014	234655
606014	234812
605994	235322
605991	235394
605984	235513
605980	235592
605982	235661
605992	235710
605992	235710
605991	235809
605983	235921
605964	236489
605942	236692
605944	236938
605913	237218
605913	237218
605900	237365
605900	237365
605886	237529
605852	238198
605819	238863
605792	239523
605770	240177
605745	240853
605719	241531
605717	241607
605694	242207
605677	242899
605646	243683
605646	243683
605617	244467
605617	244467
605600	244983
605583	245499
605583	245499
605582	245506
605582	245510
605580	245531
605580	245549
605580	245552
605580	245568
605583	245575
605584	245589
605585	245594
605584	245610
605583	245620
605582	245625
605582	245631
605582	245631
605578	245679
605546	246370
605529	247056
605493	247749
605469	248380
605469	248380
605466	248435
605459	248672
605434	249134
605398	250062
605398	250062
605382	250448
605348	251121
605343	251372
605343	251372
605342	251414
605316	251806
605273	252778
605273	252778
605254	253159
605237	253562
605216	253838
605207	254030
605197	254210
605186	254570
605186	254570
605169	254973
605160	255136
605158	255302
605144	255484
605139	255648
605131	255844
605128	255975
605141	256185
605141	256185
605162	256193
605168	256196
605171	256200
605171	256204
605165	256218
605149	256259
605148	256263
605134	256302
605132	256307
605117	256344
605111	256362
605105	256380
605101	256392
605099	256406
605097	256418
605098	256427
605100	256441
605103	256458
605109	256497
605110	256512
605110	256512
605106	256661
605106	256661
605080	257147
605076	257294
605050	257829
605050	257986
605014	258508
605014	258677
604996	258895
604996	258895
604988	258918
604980	258963
604975	258987
604977	259002
604982	259040
604986	259087
604986	259100
604979	259133
604972	259156
604967	259171
604983	259183
604992	259203
604997	259222
605002	259250
604999	259270
604992	259298
604984	259334
604972	259381
604966	259418
604970	259429
604975	259444
604975	259444
604975	259464
604979	259516
604982	259617
604977	259727
604974	259816
604970	259891
604967	259950
604967	259950
604944	260184
604899	261330
604891	261540
604891	261540
604880	261570
604867	261604
604858	261626
604854	261637
604854	261637
604877	261681
604880	261704
604881	261731
604881	261731
604870	261888
604870	261888
604867	261921
604865	261935
604866	261944
604865	261954
604860	261957
604852	261956
604850	261959
604849	261966
604849	261990
604849	262004
604849	262020
604849	262045
604849	262063
604848	262069
604848	262072
604849	262081
604849	262094
604848	262104
604852	262133
604852	262133
604844	262514
604844	262514
604842	262517
604842	262531
604841	262543
604841	262550
604840	262561
604840	262574
604839	262578
604839	262589
604838	262597
604838	262607
604837	262617
604836	262627
604837	262633
604837	262633
604837	262719
604835	262871
604799	263628
604799	263628
604796	263639
604794	263646
604787	263675
604786	263679
604781	263697
604778	263718
604778	263731
604778	263759
604777	263774
604778	263783
604780	263790
604784	263801
604795	263822
604795	263822
604786	264047
604733	265324
604703	265870
604673	266598
604647	267039
604615	267961
604598	268237
604558	268966
604549	269012
604549	269012
604549	269022
604549	269028
604550	269040
604549	269051
604550	269072
604552	269104
604553	269118
604554	269134
604555	269146
604553	269154
604553	269171
604560	269174
604562	269187
604564	269200
604564	269224
604565	269246
604566	269265
604567	269294
604568	269316
604567	269331
604557	269338
604557	269338
604556	269368
604549	269639
604535	269925
604535	269925
604530	270034
604515	270483
604500	270710
604502	270827
604492	270977
604478	271091
604478	271091
604476	271107
604476	271169
604475	271182
604475	271197
604474	271220
604475	271244
604474	271265
604472	271333
604473	271342
604473	271342
604473	271398
604458	272082
604450	272678
604450	272678
604449	272685
604446	272696
604444	272710
604442	272727
604443	272756
604443	272776
604443	272784
604443	272801
604444	272818
604443	272829
604443	272829
604447	272831
604463	272841
604467	272845
604472	272850
604475	272855
604481	272862
604487	272870
604491	272876
604498	272882
604503	272887
604502	272895
604502	272906
604498	272924
604496	272932
604493	272945
604488	272967
604487	272972
604487	273009
604487	273014
604487	273053
604487	273067
604489	273096
604489	273103
604484	273137
604481	273155
604478	273178
604476	273191
604475	273219
604475	273229
604475	273247
604477	273262
604479	273281
604481	273291
604484	273304
604486	273310
604495	273333
604500	273347
604503	273356
604484	273379
604479	273387
604477	273395
604475	273398
604464	273410
604449	273427
604428	273451
604415	273466
604411	273469
604411	273469
604404	273533
604379	274147
604372	274318
604362	274837
604359	274964
604353	275205
604349	275418
604330	275530
604329	275563
604330	275678
604330	275785
604325	275840
604321	275899
604312	275947
604296	275967
604296	275967
604284	276295
604254	276895
604254	276895
604247	277106
604247	277106
604231	277623
604220	277725
604201	278303
604189	278544
604180	278847
604175	279061
604175	279061
604189	279065
604198	279068
604206	279072
604212	279075
604227	279086
604279	279136
604304	279161
604324	279183
604346	279205
604385	279255
604413	279279
604421	279285
604437	279296
604442	279301
604451	279312
604455	279317
604462	279332
604481	279356
604491	279366
604511	279385
604535	279409
604541	279415
604577	279434
604620	279448
604648	279460
604660	279467
604700	279498
604750	279542
604764	279552
604784	279559
604802	279567
604809	279569
604816	279571
604824	279572
604832	279573
604858	279573
604873	279572
604897	279572
604930	279569
604953	279569
604973	279571
604979	279571
604999	279568
604999	279568
605000	279568
605010	279565
605016	279563
605031	279560
605039	279559
605044	279559
605049	279559
605080	279564
605092	279567
605098	279568
605148	279570
605165	279565
605198	279561
605208	279560
605226	279561
605244	279563
605253	279564
605267	279567
605277	279571
605311	279590
605316	279594
605327	279605
605343	279618
605355	279626
605371	279633
605391	279640
605400	279644
605420	279654
605436	279664
605445	279670
605491	279694
605523	279716
605543	279728
605568	279744
605607	279767
605628	279777
605666	279803
605685	279817
605698	279823
605713	279829
605725	279835
605741	279844
605750	279848
605780	279857
605786	279858
605805	279860
605810	279861
605829	279866
605839	279867
605887	279866
605905	279866
605921	279868
605929	279869
605945	279873
605981	279887
606011	279896
606079	279921
606138	279930
606155	279932
606164	279932
606171	279926
606171	279926
606177	279921
606185	279920
606194	279922
606200	279925
606208	279927
606232	279926
606267	279932
606267	279929
606264	279918
606263	279908
606265	279900
606269	279897
606280	279896
606328	279897
606326	279911
606326	279922
606325	279951
606325	279951
606333	279955
606343	279958
606346	279959
606354	279960
606359	279959
606382	279954
606397	279952
606511	279943
606556	279934
606575	279931
606585	279925
606589	279923
606594	279922
606602	279922
606607	279925
606620	279937
606626	279944
606644	279971
606658	279983
606684	280000
606684	280000
606704	280004
606729	280014
606736	280017
606738	280017
606749	280015
606776	280006
606786	280005
606808	280011
606810	280000
606810	280000
606825	279943
606840	279884
606860	279816
606876	279816
606925	279821
606943	279824
606987	279835
607087	279850
607097	279852
607108	279854
607138	279862
607157	279868
607183	279874
607213	279876
607220	279876
607246	279875
607260	279877
607278	279883
607296	279888
607314	279889
607338	279891
607350	279891
607363	279890
607377	279886
607392	279884
607408	279886
607423	279889
607452	279895
607481	279898
607498	279896
607504	279894
607515	279890
607534	279886
607551	279885
607562	279885
607568	279885
607575	279886
607583	279888
607602	279898
607608	279903
607609	279907
607609	279915
607608	279927
607640	279936
607681	279945
607701	279947
607727	279944
607740	279944
607772	279944
607781	279943
607795	279937
607842	279913
607855	279904
607866	279901
607878	279900
607884	279897
607888	279893
607889	279890
607890	279887
607890	279880
607892	279874
607898	279867
607915	279858
607935	279856
607954	279853
607968	279854
607981	279856
607988	279856
607995	279856
608005	279855
608070	279847
608104	279838
608111	279836
608117	279836
608124	279837
608128	279841
608139	279854
608154	279858
608183	279858
608200	279855
608211	279853
608217	279853
608231	279853
608246	279856
608280	279867
608286	279868
608292	279869
608304	279869
608311	279869
608311	279869
608349	279867
608362	279867
608382	279869
608417	279867
608423	279868
608436	279869
608459	279875
608487	279880
608499	279882
608510	279886
608523	279890
608525	279891
608526	279901
608528	279904
608529	279906
608532	279911
608624	279934
608631	279936
608637	279938
608643	279942
608648	279946
608654	279952
608674	279958
608680	279960
608685	279962
608689	279964
608695	279972
608701	279982
608710	280000
608710	280000
608712	280009
608712	280030
608714	280037
608724	280042
608741	280046
608798	280042
608811	280043
608815	280042
608818	280041
608823	280039
608847	280026
608853	280023
608859	280023
608869	280024
608875	280025
608900	280034
608905	280035
608916	280037
608921	280037
608927	280036
608948	280031
608952	280029
608957	280026
608970	280017
608981	280000
608981	280000
608982	279995
608992	279983
609006	279972
609021	279963
609037	279958
609045	279956
609054	279955
609069	279957
609089	279956
609071	279920
609039	279843
609125	279805
609167	279790
609179	279785
609197	279777
609221	279769
609227	279766
609244	279755
609269	279735
609273	279731
609280	279722
609284	279717
609286	279710
609291	279695
609294	279673
609301	279655
609306	279646
609334	279601
609340	279591
609361	279563
609381	279534
609391	279520
609401	279509
609412	279498
609422	279481
609428	279474
609433	279469
609445	279459
609460	279452
609497	279439
609529	279435
609556	279429
609568	279426
609580	279423
609630	279407
609669	279396
609695	279388
609704	279386
609713	279387
609729	279390
609738	279392
609746	279396
609769	279408
609778	279416
609792	279420
609805	279422
609805	279422
609836	279435
609863	279449
609893	279462
609902	279468
609908	279470
609919	279473
609926	279474
609943	279470
609971	279463
610000	279457
610000	279457
610038	279454
610087	279450
610158	279442
610236	279431
610448	279412
610498	279409
610573	279397
610610	279395
610664	279391
610726	279387
610752	279386
610842	279375
610875	279373
610875	279373
610895	279375
610902	279375
610910	279375
610938	279373
610975	279368
610989	279363
610996	279362
611011	279361
611045	279360
611089	279357
611119	279353
611134	279349
611162	279343
611173	279337
611184	279327
611188	279325
611204	279318
611226	279313
611237	279308
611241	279306
611245	279304
611252	279297
611266	279277
611268	279274
611271	279272
611276	279270
611279	279270
611292	279272
611418	279325
611428	279329
611445	279335
611459	279337
611499	279337
611505	279337
611517	279338
611529	279340
611544	279344
611585	279351
611614	279354
611663	279362
611744	279379
611763	279383
611813	279388
611862	279392
611880	279395
611904	279402
611915	279403
611928	279401
612012	279382
612022	279379
612025	279377
612035	279370
612052	279348
612057	279346
612080	279358
612089	279361
612110	279351
612114	279350
612121	279351
612127	279355
612132	279365
612135	279368
612140	279374
612143	279376
612151	279376
612157	279375
612164	279374
612186	279365
612223	279352
612229	279348
612231	279345
612233	279343
612228	279315
612231	279307
612242	279292
612244	279288
612254	279267
612262	279253
612269	279242
612276	279233
612280	279228
612303	279206
612313	279201
612326	279198
612372	279180
612386	279179
612402	279186
612412	279190
612442	279207
612447	279209
612458	279209
612469	279207
612479	279203
612501	279199
612509	279197
612523	279177
612529	279171
612533	279171
612547	279174
612556	279174
612564	279167
612573	279156
612610	279094
612677	278987
612692	278964
612707	278948
612713	278947
612724	278954
612731	278959
612738	278960
612745	278955
612749	278947
612756	278935
612760	278933
612769	278936
612780	278945
612794	278951
612811	278957
612819	278958
612836	278958
612879	278957
612895	278954
612923	278951
612986	278950
613001	278951
613028	278949
613041	278945
613041	278945
613051	278947
613069	278954
613073	278956
613077	278958
613085	278965
613115	278985
613120	278988
613130	278992
613152	278996
613169	279000
613173	279002
613190	279012
613204	279018
613208	279019
613213	279020
613225	279021
613236	279021
613248	279021
613259	279018
613269	279015
613285	279009
613285	279009
613294	279004
613306	278997
613314	278997
613323	279002
613339	279017
613350	279028
613354	279031
613361	279035
613364	279036
613368	279036
613375	279034
613379	279032
613384	279028
613390	279024
613410	279003
613436	278980
613442	278973
613452	278965
613457	278964
613470	278962
613517	278960
613542	278960
613562	278957
613579	278951
613594	278949
613612	278951
613625	278954
613627	278956
613633	278961
613639	278973
613642	278976
613648	278983
613652	278985
613663	278985
613677	278981
613723	278971
613750	278965
613761	278964
613769	278965
613772	278967
613776	278969
613783	278975
613794	278980
613804	278982
613809	278982
613819	278980
613829	278977
613834	278975
613853	278964
613862	278962
613866	278961
613894	278960
613910	278959
613925	278957
613945	278953
613953	278949
613959	278944
613965	278929
613967	278925
613969	278921
613977	278919
613996	278919
614006	278916
614016	278912
614024	278909
614033	278907
614043	278906
614052	278908
614072	278910
614098	278915
614108	278914
614117	278913
614121	278911
614127	278908
614133	278903
614135	278900
614136	278896
614137	278893
614137	278889
614135	278876
614133	278872
614132	278865
614134	278856
614138	278846
614144	278840
614157	278829
614168	278823
614180	278817
614185	278813
614186	278806
614183	278794
614182	278786
614182	278778
614182	278773
614183	278769
614188	278762
614195	278757
614209	278751
614216	278749
614222	278747
614228	278747
614232	278748
614243	278752
614257	278765
614264	278771
614267	278772
614276	278773
614281	278772
614285	278772
614295	278768
614304	278764
614308	278762
614315	278757
614317	278754
614318	278750
614319	278746
614319	278742
614319	278732
614319	278725
614320	278721
614325	278715
614331	278713
614334	278713
614341	278715
614347	278718
614351	278720
614364	278729
614370	278733
614384	278739
614391	278741
614403	278744
614425	278743
614440	278738
614445	278737
614449	278738
614462	278740
614475	278740
614503	278734
614520	278730
614524	278729
614529	278729
614540	278736
614544	278738
614549	278739
614559	278739
614596	278729
614601	278721
614605	278696
614610	278673
614611	278669
614611	278660
614609	278650
614606	278637
614606	278630
614609	278624
614615	278616
614626	278608
614632	278604
614650	278597
614663	278590
614675	278581
614683	278574
614683	278574
614696	278567
614711	278560
614745	278550
614758	278542
614766	278536
614789	278514
614805	278501
614820	278492
614830	278487
614845	278481
614854	278473
614869	278463
614873	278461
614880	278458
614887	278457
614899	278456
614905	278454
614913	278448
614921	278436
614930	278421
614933	278417
614939	278411
614948	278405
614954	278404
614962	278404
614980	278407
614989	278408
614999	278408
614999	278408
615000	278408
615040	278389
615058	278383
615064	278382
615080	278382
615146	278375
615167	278375
615175	278377
615183	278378
615207	278386
615259	278398
615308	278408
615324	278412
615335	278423
615336	278427
615338	278432
615336	278445
615336	278452
615336	278465
615338	278476
615339	278481
615340	278485
615342	278489
615347	278493
615355	278496
615373	278499
615379	278499
615402	278495
615416	278494
615431	278494
615446	278494
615462	278496
615475	278493
615489	278489
615513	278475
615520	278466
615519	278451
615517	278441
615523	278435
615534	278430
615561	278419
615567	278418
615573	278418
615585	278421
615599	278423
615608	278423
615614	278419
615619	278414
615620	278405
615619	278394
615619	278389
615621	278379
615624	278374
615641	278371
615667	278364
615681	278361
615697	278355
615702	278352
615712	278347
615725	278338
615754	278313
615765	278304
615770	278301
615779	278296
615790	278294
615846	278293
615895	278288
615935	278289
615953	278288
615982	278273
615988	278271
616005	278269
616017	278272
616028	278277
616032	278280
616035	278284
616038	278287
616046	278306
616049	278310
616058	278320
616062	278323
616066	278325
616076	278329
616092	278332
616108	278333
616123	278331
616138	278323
616148	278315
616154	278306
616156	278296
616160	278287
616166	278278
616170	278274
616177	278274
616181	278279
616184	278291
616190	278304
616200	278317
616209	278331
616220	278340
616229	278343
616236	278341
616240	278337
616246	278329
616257	278310
616261	278305
616264	278301
616273	278296
616283	278293
616288	278293
616294	278294
616301	278295
616315	278299
616339	278307
616372	278323
616386	278336
616394	278350
616410	278382
616421	278398
616429	278406
616438	278408
616451	278405
616456	278403
616485	278389
616513	278377
616519	278375
616543	278359
616556	278356
616574	278352
616583	278349
616587	278348
616591	278345
616605	278334
616610	278327
616611	278319
616617	278302
616621	278284
616625	278280
616636	278269
616648	278260
616661	278253
616673	278248
616715	278249
616720	278248
616725	278247
616742	278239
616765	278232
616774	278236
616781	278242
616787	278237
616787	278235
616787	278230
616785	278218
616785	278203
616783	278178
616794	278178
616800	278178
616823	278182
616839	278189
616845	278191
616850	278192
616869	278192
616876	278200
616889	278203
616905	278209
616917	278217
616936	278236
616965	278252
616987	278263
617002	278271
617015	278275
617043	278280
617050	278282
617065	278287
617079	278293
617086	278297
617105	278309
617111	278317
617112	278325
617110	278336
617112	278347
617113	278352
617118	278361
617121	278365
617139	278384
617142	278389
617144	278395
617149	278410
617158	278435
617164	278440
617168	278440
617176	278440
617195	278436
617199	278436
617219	278441
617234	278446
617238	278449
617243	278452
617267	278472
617281	278488
617284	278493
617291	278504
617293	278509
617295	278523
617299	278530
617302	278533
617305	278535
617312	278537
617316	278538
617347	278540
617357	278540
617366	278540
617393	278535
617405	278528
617416	278519
617428	278508
617434	278504
617452	278495
617457	278489
617470	278471
617477	278466
617501	278463
617517	278465
617546	278468
617557	278472
617562	278475
617566	278478
617583	278494
617590	278498
617607	278502
617612	278503
617624	278504
617640	278512
617647	278515
617650	278515
617657	278515
617663	278514
617666	278512
617671	278506
617673	278503
617681	278482
617684	278477
617694	278466
617696	278460
617698	278448
617700	278444
617703	278438
617707	278433
617710	278431
617716	278428
617728	278423
617735	278421
617741	278419
617747	278419
617757	278419
617771	278423
617771	278423
617781	278428
617784	278428
617801	278428
617823	278425
617835	278420
617845	278413
617848	278406
617851	278391
617857	278382
617864	278376
617878	278370
617897	278363
617935	278350
617949	278348
617990	278349
617999	278348
618000	278347
618002	278345
618005	278340
618011	278319
618015	278309
618020	278301
618031	278290
618033	278287
618042	278264
618042	278256
618046	278244
618049	278236
618056	278230
618064	278229
618069	278231
618071	278233
618074	278239
618075	278242
618079	278268
618085	278283
618088	278290
618095	278302
618103	278314
618111	278324
618123	278337
618139	278347
618148	278349
618153	278349
618166	278346
618188	278336
618191	278334
618196	278331
618207	278322
618212	278317
618222	278306
618234	278292
618248	278274
618260	278262
618265	278256
618270	278250
618271	278245
618273	278241
618274	278231
618276	278223
618277	278219
618282	278209
618301	278187
618334	278155
618334	278155
618359	278138
618412	278091
618427	278091
618438	278095
618448	278095
618462	278090
618468	278089
618476	278088
618483	278087
618514	278085
618527	278083
618561	278070
618569	278067
618587	278058
618598	278053
618609	278048
618632	278040
618646	278032
618665	278018
618689	277998
618704	277986
618727	277973
618767	277951
618816	277916
618836	277905
618871	277891
618887	277888
618919	277890
618954	277895
618969	277898
618974	277902
618990	277914
619024	277935
619026	277937
619028	277939
619031	277946
619035	277976
619037	277984
619042	278001
619068	278049
619075	278060
619078	278063
619081	278066
619092	278073
619096	278077
619100	278086
619104	278109
619109	278120
619111	278122
619113	278123
619120	278122
619124	278123
619134	278125
619151	278131
619155	278132
619158	278131
619161	278130
619163	278128
619169	278122
619186	278100
619190	278097
619193	278094
619198	278093
619209	278090
619215	278089
619227	278090
619241	278093
619251	278097
619262	278103
619272	278108
619278	278110
619290	278115
619290	278115
619306	278121
619317	278126
619338	278140
619343	278145
619348	278149
619352	278154
619372	278179
619398	278200
619402	278206
619405	278211
619405	278215
619405	278218
619404	278222
619401	278226
619389	278239
619381	278249
619379	278258
619381	278268
619393	278299
619397	278306
619405	278320
619413	278331
619424	278332
619428	278332
619437	278329
619441	278327
619443	278325
619445	278323
619448	278314
619449	278306
619455	278289
619459	278273
619466	278266
619475	278262
619480	278262
619492	278262
619497	278263
619507	278267
619518	278274
619525	278282
619532	278295
619534	278300
619540	278325
619540	278347
619542	278358
619545	278367
619546	278372
619552	278381
619556	278385
619560	278388
619564	278390
619584	278394
619589	278395
619594	278398
619603	278405
619614	278415
619619	278420
619630	278433
619640	278440
619644	278441
619648	278442
619653	278442
619664	278439
619669	278437
619679	278432
619685	278431
619691	278430
619701	278433
619709	278441
619727	278465
619751	278493
619759	278497
619766	278498
619776	278497
619781	278495
619801	278487
619820	278477
619843	278468
619862	278459
619880	278454
619892	278454
619907	278457
619934	278466
619951	278471
619968	278477
619992	278478
619999	278478
619999	278478
620000	278478
620015	278477
620025	278477
620033	278478
620042	278481
620048	278483
620052	278486
620055	278490
620058	278497
620065	278526
620068	278533
620071	278540
620078	278549
620093	278560
620095	278562
620099	278567
620110	278586
620120	278592
620135	278604
620136	278605
620139	278612
620139	278615
620135	278624
620135	278634
620136	278640
620138	278645
620141	278650
620144	278654
620147	278657
620154	278661
620163	278663
620192	278667
620201	278667
620212	278669
620218	278671
620224	278674
620230	278677
620235	278682
620242	278706
620243	278715
620243	278721
620243	278724
620234	278743
620232	278750
620230	278758
620230	278764
620231	278775
620235	278795
620238	278809
620238	278814
620238	278824
620237	278864
620235	278881
620232	278889
620222	278912
620218	278923
620219	278942
620218	278952
620215	278964
620208	278981
620203	278999
620203	279003
620203	279008
620205	279011
620208	279015
620211	279017
620213	279018
620220	279018
620226	279016
620237	279013
620269	279008
620285	279008
620304	279009
620309	279010
620317	279012
620324	279015
620331	279020
620354	279041
620360	279045
620372	279053
620392	279061
620426	279073
620438	279075
620445	279076
620456	279077
620467	279076
620475	279075
620483	279073
620492	279069
620508	279059
620536	279037
620546	279031
620555	279028
620563	279027
620569	279027
620574	279027
620578	279029
620582	279031
620585	279034
620588	279037
620603	279062
620608	279068
620613	279074
620619	279078
620625	279082
620631	279084
620646	279090
620651	279093
620653	279094
620667	279110
620673	279116
620707	279134
620721	279140
620731	279142
620745	279144
620794	279153
620841	279164
620847	279165
620854	279165
620861	279164
620867	279163
620872	279161
620878	279157
620892	279144
620899	279139
620906	279137
620913	279137
620917	279138
620922	279140
620927	279144
620940	279158
620945	279162
620951	279167
620959	279170
620974	279175
620982	279176
620985	279175
620989	279173
620993	279171
620997	279168
621000	279164
621003	279161
621015	279130
621030	279108
621037	279102
621042	279099
621048	279097
621054	279096
621060	279096
621065	279096
621075	279099
621077	279100
621098	279112
621107	279116
621113	279117
621119	279117
621124	279117
621135	279113
621141	279113
621147	279114
621150	279115
621157	279119
621164	279126
621167	279130
621174	279144
621179	279150
621181	279155
621182	279159
621183	279164
621183	279168
621167	279203
621166	279204
621167	279210
621169	279214
621177	279219
621186	279224
621200	279204
621213	279189
621232	279170
621239	279165
621245	279159
621249	279159
621252	279161
621266	279177
621283	279204
621286	279208
621291	279214
621297	279218
621307	279222
621339	279225
621342	279226
621347	279228
621352	279231
621356	279235
621360	279239
621363	279243
621370	279255
621381	279281
621386	279298
621409	279349
621423	279379
621430	279391
621440	279405
621444	279410
621450	279416
621460	279425
621474	279439
621481	279443
621486	279449
621489	279452
621493	279457
621500	279482
621506	279512
621510	279522
621521	279536
621525	279542
621528	279550
621530	279557
621534	279575
621542	279627
621546	279640
621548	279645
621552	279653
621576	279679
621584	279687
621603	279703
621616	279712
621629	279720
621648	279731
621658	279736
621666	279740
621685	279746
621721	279760
621732	279763
621739	279764
621747	279764
621757	279763
621769	279761
621833	279744
621868	279735
621878	279731
621896	279720
621902	279718
621906	279717
621917	279720
621921	279721
621925	279723
621930	279729
621972	279757
621972	279757
622004	279774
622016	279783
622025	279792
622036	279806
622049	279821
622050	279823
622069	279859
622078	279874
622092	279893
622114	279918
622125	279932
622145	279959
622155	279976
622161	279988
622167	280000
622167	280000
622190	280067
622194	280077
622195	280081
622195	280085
622194	280098
622191	280107
622186	280121
622185	280126
622185	280130
622186	280134
622191	280146
622195	280152
622195	280152
622219	280162
622230	280164
622234	280165
622249	280166
622259	280169
622265	280171
622270	280174
622275	280178
622276	280181
622278	280185
622286	280222
622290	280230
622293	280235
622299	280240
622317	280252
622323	280256
622330	280262
622341	280273
622357	280281
622361	280283
622364	280286
622369	280291
622374	280297
622390	280330
622411	280370
622434	280407
622435	280409
622435	280414
622431	280429
622430	280442
622430	280444
622432	280449
622434	280452
622436	280454
622439	280456
622451	280461
622455	280463
622458	280465
622460	280467
622478	280494
622496	280506
622502	280512
622505	280519
622512	280543
622515	280550
622522	280561
622533	280583
622537	280592
622540	280599
622540	280605
622537	280622
622525	280646
622520	280662
622519	280677
622519	280684
622520	280693
622523	280708
622528	280722
622533	280730
622545	280742
622552	280746
622556	280749
622574	280755
622582	280760
622590	280766
622597	280773
622605	280783
622611	280792
622627	280822
622633	280827
622636	280828
622642	280830
622649	280829
622669	280819
622681	280814
622690	280812
622696	280811
622708	280810
622708	280811
622710	280813
622711	280816
622711	280818
622710	280825
622709	280837
622709	280842
622711	280851
622714	280859
622717	280866
622721	280872
622732	280885
622735	280890
622738	280897
622741	280905
622748	280935
622749	280938
622752	280943
622755	280948
622759	280952
622768	280959
622793	280973
622800	280980
622802	280983
622811	281014
622822	281039
622822	281044
622821	281046
622820	281047
622812	281052
622811	281054
622809	281057
622809	281061
622809	281063
622811	281067
622854	281103
622865	281112
622869	281117
622873	281122
622894	281154
622898	281159
622903	281163
622909	281167
622912	281168
622916	281169
622933	281172
622937	281174
622953	281194
622959	281203
622962	281207
622964	281209
622967	281211
622975	281212
623002	281209
623013	281209
623018	281210
623022	281211
623026	281214
623030	281217
623034	281221
623037	281226
623040	281231
623043	281241
623047	281262
623053	281280
623058	281292
623062	281298
623073	281313
623077	281317
623081	281320
623087	281323
623109	281330
623124	281333
623135	281337
623145	281342
623152	281346
623163	281354
623175	281364
623189	281377
623198	281387
623204	281394
623208	281400
623212	281407
623228	281440
623239	281457
623241	281462
623248	281477
623254	281496
623254	281504
623240	281569
623240	281575
623241	281578
623244	281587
623248	281593
623253	281598
623277	281613
623307	281629
623317	281637
623327	281645
623361	281682
623365	281688
623367	281692
623369	281696
623369	281701
623369	281706
623368	281714
623366	281745
623366	281757
623367	281765
623369	281774
623371	281780
623373	281785
623376	281790
623379	281793
623390	281799
623399	281803
623431	281807
623440	281810
623445	281812
623448	281815
623458	281825
623468	281834
623472	281836
623485	281837
623493	281839
623498	281841
623502	281843
623506	281847
623527	281881
623540	281896
623543	281898
623548	281901
623557	281904
623568	281906
623576	281908
623580	281911
623585	281914
623589	281918
623593	281924
623596	281932
623600	281944
623602	281950
623604	281964
623606	281970
623608	281973
623613	281978
623619	281983
623624	281986
623637	281993
623655	282002
623659	282006
623703	282042
623714	282048
623725	282053
623738	282058
623792	282075
623814	282080
623827	282083
623832	282083
623839	282083
623853	282082
623887	282080
623895	282077
623905	282072
623917	282065
623928	282058
623935	282052
623944	282042
623994	281985
623996	281982
624000	281980
624003	281979
624008	281978
624032	281987
624053	281998
624053	281998
624056	281998
624058	281997
624061	281994
624063	281990
624065	281984
624064	281956
624083	281947
624104	281935
624111	281932
624117	281931
624126	281931
624180	281934
624184	281935
624188	281938
624192	281942
624195	281947
624203	281965
624217	281987
624223	281993
624229	281996
624231	281997
624254	281999
624264	282001
624269	282002
624283	282009
624288	282013
624290	282016
624293	282020
624293	282022
624292	282035
624293	282039
624295	282044
624296	282046
624306	282055
624309	282057
624321	282057
624324	282059
624330	282064
624334	282071
624344	282097
624348	282106
624353	282114
624363	282126
624366	282131
624367	282135
624370	282173
624373	282183
624375	282186
624380	282189
624419	282190
624441	282190
624452	282188
624481	282182
624486	282182
624491	282183
624495	282184
624524	282195
624550	282204
624563	282206
624569	282206
624577	282205
624582	282204
624605	282198
624608	282196
624612	282192
624621	282177
624626	282170
624630	282166
624633	282164
624637	282163
624639	282163
624643	282164
624649	282167
624672	282189
624677	282197
624681	282201
624686	282203
624690	282205
624696	282206
624725	282203
624737	282203
624742	282201
624754	282192
624761	282186
624767	282178
624769	282175
624778	282144
624781	282135
624787	282124
624793	282113
624806	282096
624811	282090
624820	282085
624824	282084
624830	282085
624854	282100
624866	282106
624899	282120
624917	282129
624934	282134
624943	282136
624952	282136
624958	282136
624964	282134
624970	282132
624975	282129
624999	282114
624999	282114
625000	282113
625035	282095
625083	282066
625158	282010
625200	281973
625207	281963
625211	281955
625214	281948
625216	281941
625217	281932
625215	281924
625214	281914
625214	281907
625216	281900
625218	281892
625222	281885
625225	281880
625228	281877
625235	281873
625239	281872
625266	281869
625318	281840
625374	281818
625427	281810
625435	281807
625444	281805
625451	281805
625457	281805
625464	281806
625471	281809
625481	281814
625535	281850
625541	281852
625545	281853
625549	281853
625555	281851
625594	281835
625665	281825
625681	281821
625687	281819
625699	281812
625706	281808
625716	281799
625723	281789
625723	281789
625738	281774
625741	281771
625745	281769
625752	281767
625760	281767
625765	281768
625769	281770
625773	281773
625777	281777
625780	281780
625782	281784
625783	281792
625783	281800
625766	281838
625748	281869
625747	281872
625747	281876
625748	281879
625751	281884
625772	281897
625788	281900
625833	281888
625838	281886
625841	281885
625845	281885
625847	281886
625850	281888
625852	281890
625855	281895
625896	281944
625947	281984
626006	282021
626030	282016
626054	282006
626116	281969
626125	281966
626133	281964
626141	281963
626149	281964
626157	281965
626165	281967
626175	281970
626184	281975
626192	281979
626200	281985
626244	282026
626257	282051
626266	282070
626281	282083
626299	282099
626317	282114
626322	282119
626326	282125
626328	282131
626330	282137
626330	282145
626335	282184
626340	282198
626345	282207
626353	282219
626378	282244
626402	282271
626411	282279
626422	282286
626428	282289
626436	282292
626444	282293
626455	282295
626469	282302
626497	282323
626503	282328
626506	282332
626508	282337
626510	282345
626519	282370
626522	282374
626528	282381
626534	282386
626539	282390
626545	282393
626552	282396
626561	282399
626601	282416
626706	282498
626709	282502
626711	282505
626711	282508
626711	282512
626710	282517
626708	282521
626706	282524
626694	282537
626687	282543
626683	282548
626680	282554
626677	282560
626677	282567
626677	282575
626678	282582
626681	282590
626684	282597
626688	282603
626693	282607
626697	282610
626706	282613
626740	282616
626749	282621
626755	282625
626759	282630
626762	282635
626765	282642
626766	282649
626766	282658
626773	282714
626799	282744
626799	282769
626816	282789
626831	282822
626832	282840
626845	282866
626861	282873
626863	282876
626868	282881
626871	282886
626876	282897
626878	282903
626879	282910
626880	282920
626875	282961
626872	283047
626875	283059
626877	283066
626880	283073
626888	283088
626898	283101
626904	283108
626911	283113
626923	283122
626957	283151
626964	283159
626971	283169
626978	283179
626982	283187
626988	283201
627006	283271
627004	283277
626996	283288
626995	283295
627004	283323
627012	283362
627012	283377
627006	283412
627006	283417
627006	283424
627007	283431
627008	283437
627012	283444
627012	283444
627016	283450
627021	283453
627025	283455
627029	283456
627034	283457
627044	283457
627054	283456
627140	283429
627150	283428
627154	283428
627160	283429
627170	283432
627204	283446
627291	283481
627309	283501
627316	283506
627319	283507
627328	283508
627336	283507
627392	283489
627402	283490
627409	283492
627417	283494
627424	283497
627431	283501
627438	283505
627447	283513
627483	283547
627513	283579
627521	283587
627521	283587
627527	283592
627540	283604
627567	283621
627586	283637
627620	283673
627631	283680
627638	283683
627645	283685
627652	283687
627666	283689
627728	283701
627740	283709
627770	283739
627773	283746
627774	283750
627774	283753
627772	283757
627772	283757
627750	283791
627743	283798
627742	283800
627739	283808
627738	283811
627738	283815
627740	283821
627770	283882
627772	283887
627773	283892
627773	283896
627772	283901
627770	283905
627768	283910
627763	283915
627757	283920
627751	283924
627740	283931
627711	283952
627705	283956
627702	283959
627699	283963
627697	283967
627695	283972
627694	283977
627694	283983
627695	283989
627706	284013
627723	284134
627721	284141
627689	284216
627687	284225
627686	284235
627687	284245
627690	284256
627692	284260
627695	284265
627699	284269
627705	284273
627710	284275
627714	284275
627717	284275
627741	284271
627796	284276
627801	284274
627804	284273
627807	284269
627821	284259
627828	284256
627832	284256
627838	284257
627941	284316
627962	284334
627984	284351
628011	284383
628037	284418
628045	284426
628050	284430
628059	284434
628088	284442
628092	284445
628093	284447
628095	284452
628093	284466
628094	284468
628095	284471
628099	284473
628103	284472
628148	284475
628153	284474
628158	284475
628163	284476
628167	284478
628171	284481
628177	284487
628180	284490
628187	284495
628195	284498
628203	284499
628210	284498
628215	284496
628242	284479
628253	284478
628259	284478
628274	284480
628276	284481
628280	284485
628282	284488
628283	284493
628301	284527
628308	284530
628314	284532
628318	284532
628330	284532
628334	284531
628337	284529
628340	284526
628342	284523
628357	284497
628359	284492
628361	284489
628365	284485
628368	284483
628371	284482
628375	284481
628379	284481
628386	284484
628392	284487
628397	284493
628400	284499
628420	284572
628422	284575
628424	284579
628428	284583
628431	284585
628459	284600
628567	284668
628573	284676
628577	284709
628580	284713
628584	284717
628587	284719
628606	284723
628667	284751
628676	284757
628681	284762
628684	284767
628687	284773
628689	284779
628691	284787
628692	284796
628692	284804
628691	284811
628690	284818
628687	284826
628684	284835
628679	284842
628674	284849
628667	284857
628623	284911
628619	284918
628614	284930
628613	284936
628612	284943
628612	284949
628613	284955
628615	284963
628618	284969
628622	284976
628631	285000
628631	285000
628641	285014
628642	285018
628645	285035
628647	285057
628647	285067
628635	285126
628634	285130
628633	285133
628630	285137
628626	285140
628622	285143
628617	285144
628599	285151
628590	285160
628585	285169
628583	285172
628579	285176
628575	285179
628571	285181
628560	285184
628548	285186
628514	285182
628505	285183
628500	285184
628496	285187
628492	285190
628489	285193
628487	285195
628486	285199
628485	285204
628485	285209
628486	285212
628490	285220
628492	285223
628497	285227
628502	285228
628505	285230
628507	285233
628509	285236
628509	285240
628505	285252
628501	285258
628475	285288
628474	285290
628473	285293
628473	285297
628475	285301
628479	285305
628483	285315
628482	285320
628482	285322
628481	285324
628476	285328
628466	285335
628444	285349
628411	285386
628393	285394
628379	285404
628360	285424
628357	285436
628356	285442
628357	285452
628360	285467
628360	285474
628359	285479
628357	285484
628339	285527
628336	285557
628331	285576
628322	285603
628316	285643
628316	285651
628317	285656
628318	285661
628320	285666
628324	285673
628333	285685
628333	285685
628368	285730
628373	285737
628377	285745
628381	285754
628384	285763
628386	285773
628387	285781
628387	285790
628386	285801
628385	285814
628383	285825
628380	285838
628375	285882
628379	285946
628383	285958
628387	285967
628391	285975
628395	285982
628400	285988
628407	285997
628416	286005
628463	286047
628507	286084
628565	286151
628621	286196
628695	286248
628715	286277
628715	286277
628730	286299
628736	286305
628743	286309
628751	286313
628756	286315
628765	286315
628768	286315
628770	286315
628771	286316
628773	286318
628773	286319
628773	286328
628770	286354
628771	286361
628774	286368
628779	286374
628786	286379
628793	286381
628797	286382
628802	286381
628805	286380
628807	286379
628812	286374
628812	286372
628812	286346
628813	286343
628816	286339
628819	286336
628823	286335
628825	286334
628834	286335
628841	286337
628847	286341
628873	286353
628877	286354
628884	286354
628892	286353
628897	286352
628913	286344
628916	286342
628923	286341
628962	286342
628993	286347
629015	286341
629053	286336
629074	286336
629086	286340
629110	286359
629112	286362
629113	286365
629113	286368
629113	286372
629112	286374
629111	286376
629106	286380
629063	286398
629060	286401
629059	286403
629058	286406
629058	286408
629059	286410
629061	286413
629063	286414
629066	286416
629071	286416
629092	286426
629096	286429
629099	286432
629101	286435
629102	286438
629103	286443
629103	286451
629102	286464
629083	286531
629083	286537
629084	286539
629086	286541
629088	286543
629092	286544
629096	286545
629103	286545
629216	286506
629223	286505
629227	286505
629231	286506
629235	286508
629238	286510
629241	286513
629267	286543
629275	286555
629275	286562
629276	286566
629280	286573
629284	286577
629294	286584
629297	286587
629299	286590
629301	286594
629303	286600
629304	286605
629303	286612
629300	286619
629292	286654
629282	286674
629282	286676
629282	286680
629284	286683
629287	286686
629290	286688
629315	286696
629340	286708
629371	286733
629377	286736
629381	286736
629384	286735
629386	286733
629389	286730
629439	286697
629446	286695
629451	286694
629455	286695
629460	286697
629466	286702
629516	286723
629521	286727
629525	286728
629528	286729
629535	286729
629540	286727
629544	286723
629547	286720
629549	286716
629565	286690
629571	286684
629575	286680
629580	286678
629584	286677
629587	286678
629590	286679
629595	286684
629601	286690
629606	286696
629608	286700
629614	286716
629619	286723
629682	286777
629682	286777
629717	286806
629717	286806
629746	286812
629756	286813
629761	286814
629766	286816
629775	286821
629781	286827
629804	286856
629853	286926
629857	286930
629860	286933
629864	286934
629868	286936
629877	286937
629929	286929
629999	286913
629999	286913
630000	286913
630020	286906
630023	286904
630028	286904
630030	286904
630032	286906
630034	286908
630036	286912
630039	286953
630040	286963
630041	286969
630043	286973
630045	286977
630049	286982
630052	286985
630055	286988
630063	286992
630071	286994
630075	286994
630082	286993
630208	286949
630222	286946
630230	286945
630240	286945
630249	286946
630261	286948
630274	286951
630293	286957
630304	286962
630315	286968
630435	287038
630530	287101
630571	287141
630586	287149
630629	287166
630676	287195
630668	287226
630703	287256
630737	287262
630747	287307
630747	287310
630746	287313
630744	287316
630742	287318
630738	287321
630698	287332
630671	287365
630668	287371
630667	287376
630668	287380
630669	287384
630673	287388
630694	287405
630695	287410
630693	287416
630692	287419
630686	287423
630669	287430
630650	287454
630633	287470
630630	287472
630625	287475
630620	287477
630616	287477
630609	287478
630598	287475
630594	287476
630590	287477
630587	287479
630585	287482
630584	287485
630582	287496
630582	287500
630583	287504
630584	287509
630586	287513
630594	287526
630601	287535
630620	287550
630632	287585
630639	287596
630644	287601
630648	287606
630655	287612
630660	287616
630681	287630
630690	287638
630696	287641
630698	287642
630704	287641
630717	287635
630721	287632
630724	287632
630726	287632
630730	287634
630731	287637
630732	287639
630731	287642
630720	287721
630721	287730
630722	287734
630727	287742
630731	287746
630847	287820
630855	287824
630866	287828
630874	287830
630886	287831
630897	287832
630904	287831
630908	287830
630914	287827
630917	287824
630921	287819
630924	287807
630926	287804
630929	287802
630932	287800
630935	287799
630942	287799
630952	287800
630960	287801
630964	287802
630976	287826
630976	287871
630981	287886
630985	287911
630998	287955
631012	287970
631042	287995
631081	288017
631152	288049
631192	288067
631231	288086
631295	288120
631301	288121
631307	288121
631313	288119
631315	288117
631318	288114
631321	288110
631323	288107
631328	288090
631332	288075
631332	288071
631334	288068
631337	288065
631341	288065
631436	288064
631503	288060
631510	288062
631514	288065
631519	288071
631533	288102
631559	288150
631561	288153
631566	288156
631569	288158
631577	288159
631659	288142
631664	288140
631667	288139
631671	288140
631674	288141
631675	288144
631676	288147
631675	288152
631619	288247
631598	288278
631595	288282
631593	288289
631592	288296
631591	288303
631592	288308
631593	288312
631595	288318
631601	288328
631613	288342
631618	288347
631627	288354
631672	288381
631698	288398
631714	288403
631733	288402
631748	288413
631769	288424
631841	288439
631852	288442
631858	288442
631864	288442
631870	288441
631875	288440
631880	288437
631884	288436
631912	288417
631939	288396
631945	288391
631949	288389
631953	288388
631957	288388
631962	288388
631966	288390
631970	288392
631973	288394
631975	288398
631977	288402
631978	288407
631978	288412
631983	288441
632001	288470
632015	288479
632109	288537
632120	288539
632128	288539
632136	288538
632148	288534
632177	288515
632198	288494
632222	288487
632260	288484
632260	288484
632279	288485
632294	288503
632310	288509
632349	288527
632391	288556
632421	288568
632424	288569
632428	288569
632433	288569
632438	288567
632442	288565
632448	288561
632458	288551
632471	288531
632473	288529
632476	288527
632479	288526
632481	288526
632485	288526
632490	288529
632509	288546
632559	288582
632566	288581
632575	288578
632610	288539
632616	288535
632623	288532
632630	288531
632633	288531
632638	288532
632643	288534
632647	288536
632650	288539
632653	288543
632655	288547
632657	288552
632658	288556
632658	288560
632657	288564
632653	288570
632625	288597
632619	288604
632616	288609
632614	288616
632616	288634
632682	288659
632714	288663
632742	288674
632770	288690
632822	288686
632862	288661
632888	288635
632903	288594
632907	288587
632910	288583
632916	288578
632923	288574
632931	288571
632938	288569
632944	288568
632949	288569
632959	288571
632979	288584
633013	288601
633025	288604
633033	288605
633040	288606
633051	288605
633095	288593
633142	288570
633159	288563
633179	288557
633190	288554
633200	288553
633208	288552
633215	288552
633223	288553
633233	288555
633238	288556
633261	288565
633271	288566
633280	288566
633294	288565
633317	288558
633343	288561
633345	288561
633350	288563
633356	288566
633362	288570
633366	288575
633370	288581
633372	288587
633374	288596
633375	288601
633375	288610
633374	288613
633372	288616
633369	288619
633362	288623
633346	288627
633341	288630
633336	288635
633332	288641
633330	288648
633330	288652
633330	288656
633333	288664
633335	288668
633341	288675
633356	288697
633375	288702
633401	288723
633413	288809
633415	288812
633418	288815
633445	288831
633475	288820
633477	288821
633493	288835
633501	288843
633505	288849
633509	288856
633513	288865
633515	288873
633516	288880
633516	288888
633516	288898
633513	288916
633494	288964
633491	288975
633491	288981
633492	288992
633494	289002
633504	289081
633500	289102
633499	289104
633451	289127
633447	289132
633445	289136
633445	289141
633445	289145
633457	289202
633447	289208
633429	289214
633423	289219
633421	289222
633417	289230
633415	289233
633415	289242
633420	289295
633420	289299
633419	289305
633414	289315
633389	289351
633388	289359
633391	289400
633389	289410
633387	289414
633382	289422
633378	289426
633373	289430
633349	289448
633344	289453
633342	289458
633341	289462
633342	289466
633343	289470
633346	289475
633355	289500
633356	289504
633356	289509
633355	289518
633346	289538
633338	289560
633343	289580
633351	289617
633359	289626
633369	289635
633374	289638
633378	289640
633381	289644
633383	289647
633384	289651
633392	289678
633402	289701
633402	289706
633402	289711
633359	289763
633328	289785
633259	289828
633201	289859
633165	289871
633084	289891
633044	289900
633011	289909
632987	289917
632956	289920
632945	289919
632940	289918
632933	289916
632924	289911
632868	289888
632856	289886
632849	289885
632844	289885
632837	289886
632829	289889
632804	289901
632792	289905
632776	289910
632765	289911
632752	289912
632708	289906
632697	289907
632689	289908
632683	289910
632604	289948
632533	289958
632527	289959
632520	289963
632516	289966
632511	289972
632497	290000
632497	290000
632491	290008
632485	290014
632481	290018
632477	290021
632464	290029
632456	290031
632440	290036
632388	290054
632374	290058
632365	290059
632352	290060
632333	290058
632309	290055
632293	290051
632287	290051
632282	290051
632274	290052
632265	290054
632258	290057
632250	290061
632240	290067
632218	290082
632206	290087
632191	290093
632150	290104
632132	290110
632074	290135
632062	290141
632056	290145
632036	290162
632016	290180
631991	290199
631975	290213
631950	290230
631930	290251
631915	290268
631910	290272
631904	290277
631898	290280
631882	290288
631860	290297
631840	290307
631826	290311
631823	290313
631822	290314
631819	290318
631817	290325
631817	290354
631816	290358
631815	290360
631807	290371
631805	290374
631804	290382
631804	290385
631805	290389
631808	290393
631810	290395
631814	290399
631830	290410
631834	290414
631838	290419
631841	290423
631848	290439
631851	290447
631852	290457
631852	290466
631850	290472
631840	290486
631832	290500
631829	290503
631819	290510
631814	290515
631811	290519
631804	290530
631792	290562
631791	290566
631791	290571
631791	290575
631793	290580
631795	290582
631802	290589
631829	290604
631834	290607
631866	290619
631872	290623
631878	290627
631893	290640
631902	290649
631907	290655
631914	290664
631926	290684
631931	290690
631937	290695
631944	290699
631950	290702
631966	290705
631971	290707
631984	290714
631989	290718
631994	290723
632000	290729
632006	290737
632009	290741
632023	290766
632032	290784
632037	290795
632054	290844
632060	290871
632084	290919
632096	290936
632099	290941
632101	290946
632104	290955
632107	290965
632108	290973
632109	290991
632114	291015
632117	291037
632121	291053
632123	291059
632130	291069
632140	291082
632150	291092
632150	291092
632202	291144
632208	291153
632217	291169
632221	291177
632224	291185
632227	291196
632232	291218
632235	291262
632236	291270
632237	291276
632239	291281
632245	291293
632249	291298
632254	291303
632262	291309
632280	291320
632326	291359
632343	291372
632360	291384
632369	291389
632389	291398
632404	291404
632427	291408
632455	291417
632468	291419
632489	291422
632534	291426
632555	291426
632582	291424
632629	291416
632640	291414
632656	291409
632659	291408
632670	291407
632689	291408
632701	291408
632712	291407
632717	291407
632723	291406
632729	291404
632749	291395
632776	291388
632785	291384
632793	291380
632800	291375
632812	291366
632838	291343
632844	291336
632853	291323
632859	291316
632870	291309
632874	291306
632875	291302
632875	291298
632875	291294
632872	291288
632849	291272
632840	291267
632838	291265
632837	291263
632836	291260
632837	291253
632839	291248
632842	291246
632865	291229
632875	291219
632877	291216
632879	291213
632880	291210
632879	291206
632877	291195
632877	291191
632878	291184
632879	291179
632889	291147
632897	291122
632904	291107
632914	291089
632918	291084
632925	291075
632948	291053
632971	291034
632992	291020
633023	291004
633062	290980
633078	290969
633107	290944
633116	290937
633125	290930
633137	290922
633150	290915
633158	290911
633165	290909
633174	290906
633191	290903
633216	290901
633239	290898
633243	290897
633249	290894
633253	290892
633257	290886
633259	290883
633261	290877
633262	290872
633262	290860
633263	290855
633266	290847
633269	290843
633277	290838
633291	290834
633314	290825
633337	290812
633351	290806
633354	290804
633356	290801
633357	290799
633356	290781
633357	290775
633359	290773
633362	290771
633364	290770
633376	290768
633379	290767
633389	290762
633396	290757
633422	290733
633424	290730
633427	290725
633430	290719
633432	290714
633433	290709
633433	290705
633430	290690
633425	290660
633422	290640
633418	290627
633416	290625
633414	290623
633412	290622
633409	290622
633397	290622
633384	290620
633382	290619
633378	290617
633375	290613
633372	290609
633370	290604
633370	290600
633370	290596
633372	290591
633374	290588
633376	290585
633385	290576
633398	290561
633413	290547
633416	290543
633424	290529
633426	290521
633426	290518
633426	290515
633425	290512
633423	290509
633418	290503
633405	290491
633400	290484
633396	290479
633394	290472
633394	290468
633394	290464
633399	290449
633401	290433
633403	290428
633411	290410
633417	290395
633418	290392
633421	290388
633426	290384
633455	290364
633460	290359
633467	290353
633474	290345
633483	290333
633496	290312
633500	290307
633508	290296
633527	290273
633532	290264
633541	290251
633549	290234
633569	290183
633580	290160
633587	290148
633592	290141
633595	290138
633609	290127
633615	290121
633627	290108
633640	290091
633651	290078
633660	290071
633687	290055
633694	290049
633697	290044
633699	290040
633701	290035
633701	290007
633703	290003
633703	290000
633703	290000
633703	290000
633710	289998
633714	289997
633719	289997
633723	289998
633733	290000
633733	290000
633733	290000
633743	290004
633745	290006
633747	290006
633749	290006
633754	290005
633760	290000
633760	290000
633817	289914
633828	289904
633887	289872
633910	289865
634023	289839
634063	289837
634103	289837
634191	289814
634212	289811
634222	289810
634235	289810
634259	289813
634317	289826
634436	289862
634534	289895
634540	289898
634546	289903
634611	289972
634642	290000
634642	290000
634642	290000
634648	290004
634665	290010
634677	290014
634688	290016
634712	290018
634748	290017
634752	290018
634757	290019
634760	290021
634771	290031
634794	290058
634801	290063
634807	290065
634825	290068
634868	290083
634882	290092
634885	290093
634892	290094
634917	290091
634966	290084
634999	290078
634999	290078
635000	290078
635000	290078
635023	290080
635043	290081
635050	290080
635063	290077
635066	290077
635068	290077
635072	290079
635076	290082
635080	290088
635080	290088
635081	290097
635082	290103
635086	290114
635089	290121
635099	290136
635106	290148
635111	290161
635115	290171
635118	290189
635121	290196
635122	290198
635131	290205
635164	290220
635178	290228
635186	290233
635195	290240
635203	290247
635215	290258
635238	290283
635268	290319
635284	290339
635296	290355
635309	290374
635313	290383
635324	290409
635342	290447
635355	290485
635361	290501
635363	290507
635363	290511
635363	290520
635357	290549
635355	290559
635355	290570
635361	290590
635369	290616
635375	290631
635377	290637
635396	290670
635404	290685
635407	290692
635408	290699
635409	290705
635409	290711
635408	290715
635402	290734
635401	290739
635399	290760
635399	290772
635400	290776
635404	290787
635410	290796
635422	290811
635433	290822
635469	290852
635482	290861
635489	290866
635510	290876
635520	290882
635524	290886
635542	290903
635549	290909
635553	290911
635557	290913
635574	290918
635578	290920
635591	290926
635609	290939
635620	290944
635681	290953
635703	290959
635709	290962
635727	290969
635748	290979
635756	290984
635765	290992
635771	291001
635793	291041
635807	291071
635814	291081
635817	291085
635827	291095
635846	291112
635864	291124
635889	291140
635896	291146
635909	291158
635917	291168
635937	291202
635953	291225
635958	291234
635986	291306
635998	291332
636002	291341
636015	291363
636022	291372
636029	291380
636037	291388
636046	291395
636056	291402
636067	291408
636076	291412
636087	291415
636098	291418
636106	291419
636106	291419
636106	291419
636114	291419
636124	291423
636134	291429
636143	291437
636208	291500
636214	291507
636226	291523
636231	291528
636251	291545
636257	291551
636274	291573
636280	291579
636288	291585
636296	291591
636306	291597
636318	291603
636333	291610
636379	291627
636386	291630
636391	291636
636411	291660
636417	291668
636426	291675
636432	291679
636442	291682
636452	291684
636454	291684
636454	291684
636463	291691
636475	291683
636475	291683
636485	291686
636499	291689
636518	291691
636528	291690
636528	291690
636535	291690
636537	291690
636541	291687
636546	291680
636549	291677
636558	291672
636562	291671
636567	291670
636578	291672
636585	291674
636610	291682
636616	291684
636641	291688
636657	291692
636664	291692
636667	291691
636671	291689
636675	291686
636680	291682
636684	291677
636689	291671
636695	291662
636720	291618
636724	291612
636735	291599
636771	291567
636780	291560
636799	291549
636807	291541
636825	291521
636849	291493
636860	291482
636868	291474
636878	291467
636887	291461
636901	291454
636916	291445
636935	291433
636944	291428
636948	291424
636952	291420
636963	291406
636970	291391
636977	291374
636980	291369
636984	291365
636994	291357
637010	291348
637019	291344
637031	291341
637043	291340
637052	291340
637059	291341
637063	291342
637066	291344
637079	291353
637087	291358
637100	291364
637117	291370
637131	291375
637142	291378
637152	291379
637161	291379
637168	291379
637176	291378
637190	291374
637255	291348
637269	291344
637274	291343
637298	291342
637318	291340
637351	291335
637362	291331
637373	291325
637383	291317
637404	291294
637411	291288
637418	291283
637431	291274
637437	291272
637443	291270
637450	291269
637464	291269
637500	291270
637530	291269
637536	291270
637552	291275
637556	291276
637560	291276
637565	291274
637570	291271
637575	291267
637579	291262
637582	291257
637584	291252
637585	291246
637585	291241
637584	291235
637581	291227
637579	291222
637557	291188
637551	291180
637515	291147
637509	291141
637503	291133
637498	291126
637496	291122
637495	291117
637495	291112
637495	291108
637495	291102
637497	291097
637499	291092
637502	291087
637506	291082
637510	291078
637519	291071
637550	291063
637571	291055
637578	291054
637582	291053
637595	291054
637600	291055
637604	291056
637608	291060
637615	291067
637619	291077
637627	291102
637628	291105
637632	291111
637635	291114
637640	291118
637650	291123
637660	291128
637668	291131
637676	291132
637685	291133
637694	291133
637700	291131
637705	291129
637709	291126
637714	291120
637724	291107
637726	291103
637727	291099
637727	291096
637726	291093
637723	291087
637715	291074
637711	291069
637700	291059
637696	291055
637693	291050
637690	291042
637688	291033
637687	291025
637686	291020
637688	291010
637689	291005
637691	291001
637695	290997
637699	290993
637713	290983
637733	290974
637746	290966
637755	290959
637755	290959
637764	290953
637770	290948
637779	290940
637794	290923
637805	290908
637811	290902
637813	290901
637824	290897
637862	290891
637919	290882
637934	290882
637939	290881
637944	290879
637948	290876
637952	290871
637954	290867
637956	290860
637955	290843
637951	290826
637951	290822
637951	290818
637953	290815
637955	290810
637960	290806
637966	290802
637977	290798
637984	290797
638010	290796
638049	290792
638069	290788
638092	290783
638262	290735
638279	290732
638304	290731
638315	290729
638320	290727
638327	290723
638334	290719
638341	290713
638347	290706
638350	290702
638361	290684
638367	290675
638374	290667
638379	290663
638385	290659
638392	290655
638399	290653
638405	290651
638410	290651
638415	290652
638425	290654
638429	290656
638432	290658
638434	290660
638436	290663
638437	290667
638438	290676
638439	290684
638440	290705
638443	290719
638445	290726
638449	290733
638452	290737
638455	290740
638461	290744
638467	290748
638470	290749
638470	290749
638472	290750
638478	290751
638479	290751
638479	290751
638484	290751
638534	290749
638560	290749
638570	290750
638578	290751
638583	290752
638595	290756
638624	290769
638692	290795
638752	290818
638760	290822
638794	290842
638816	290849
638821	290852
638826	290855
638830	290860
638840	290873
638848	290882
638856	290891
638864	290899
638872	290906
638885	290915
638895	290920
638900	290922
638908	290924
638945	290930
638952	290930
638957	290929
638962	290927
638968	290925
638972	290922
638976	290919
638980	290913
638981	290910
638981	290905
638979	290891
638979	290873
638980	290868
638981	290864
638982	290862
638985	290858
638989	290854
639003	290845
639016	290835
639054	290805
639098	290776
639107	290769
639115	290760
639128	290736
639134	290724
639134	290724
639139	290717
639143	290713
639148	290710
639152	290708
639156	290706
639160	290705
639166	290705
639186	290704
639211	290706
639257	290704
639280	290703
639309	290704
639317	290705
639322	290706
639326	290708
639332	290714
639334	290718
639345	290747
639364	290815
639367	290825
639372	290836
639378	290848
639396	290879
639413	290907
639429	290928
639432	290933
639437	290943
639441	290953
639445	290966
639447	290982
639455	291051
639455	291059
639454	291063
639452	291069
639449	291074
639445	291081
639440	291087
639435	291092
639428	291096
639415	291104
639401	291111
639386	291119
639386	291119
639380	291121
639378	291123
639374	291129
639373	291133
639373	291136
639378	291157
639383	291172
639391	291184
639403	291200
639419	291222
639435	291249
639442	291262
639446	291272
639449	291282
639455	291304
639459	291316
639468	291330
639475	291340
639482	291348
639490	291357
639516	291380
639535	291399
639548	291409
639561	291415
639569	291418
639577	291420
639583	291422
639599	291424
639637	291432
639647	291435
639681	291447
639692	291450
639724	291457
639744	291459
639808	291461
639825	291460
639834	291459
639844	291457
639881	291445
639918	291430
639956	291413
639973	291405
639999	291396
639999	291396
640000	291396
640022	291388
640038	291383
640046	291379
640068	291362
640100	291343
640123	291328
640161	291300
640170	291295
640179	291290
640210	291276
640240	291261
640258	291254
640264	291251
640266	291248
640269	291245
640273	291238
640276	291231
640281	291204
640284	291191
640287	291182
640291	291174
640296	291165
640314	291141
640319	291135
640365	291091
640382	291078
640404	291063
640423	291053
640432	291046
640436	291043
640441	291036
640445	291029
640447	291026
640450	291013
640452	290994
640456	290974
640457	290963
640455	290949
640456	290943
640457	290935
640460	290927
640465	290917
640471	290908
640477	290901
640484	290895
640490	290890
640511	290880
640516	290877
640540	290861
640565	290843
640593	290824
640622	290802
640644	290782
640650	290778
640657	290773
640664	290770
640681	290763
640687	290762
640696	290761
640708	290760
640719	290760
640726	290761
640738	290764
640748	290769
640754	290774
640771	290804
640774	290811
640776	290817
640779	290836
640784	290852
640787	290859
640790	290866
640794	290873
640798	290879
640803	290884
640809	290889
640814	290893
640821	290896
640828	290899
640834	290900
640845	290902
640845	290902
640853	290901
640858	290900
640864	290898
640870	290895
640875	290891
640880	290887
640888	290878
640894	290866
640906	290828
640912	290815
640930	290784
640938	290776
640944	290771
640952	290767
640960	290764
640969	290761
640978	290760
640986	290759
640993	290759
641010	290761
641014	290761
641028	290759
641049	290753
641056	290750
641084	290738
641087	290737
641095	290731
641099	290727
641104	290721
641109	290713
641113	290705
641116	290697
641118	290688
641119	290684
641119	290635
641117	290615
641117	290607
641119	290599
641127	290578
641133	290555
641136	290547
641140	290537
641146	290526
641153	290516
641160	290506
641168	290498
641177	290490
641185	290484
641193	290478
641201	290474
641211	290470
641238	290460
641247	290458
641256	290457
641265	290457
641271	290457
641276	290459
641280	290460
641282	290462
641292	290473
641299	290478
641333	290500
641342	290503
641366	290508
641387	290513
641392	290514
641399	290515
641404	290515
641438	290514
641467	290511
641467	290511
641521	290509
641580	290508
641589	290507
641601	290504
641610	290500
641623	290493
641635	290485
641652	290472
641661	290464
641682	290440
641706	290415
641711	290409
641728	290389
641743	290374
641748	290370
641754	290366
641760	290363
641766	290362
641772	290361
641781	290361
641790	290361
641798	290362
641810	290366
641840	290380
641858	290389
641866	290395
641873	290400
641879	290406
641885	290413
641889	290418
641900	290437
641925	290471
641980	290561
642014	290610
642023	290623
642028	290633
642033	290643
642035	290651
642042	290677
642046	290686
642052	290698
642059	290710
642070	290725
642089	290746
642095	290754
642101	290764
642107	290774
642111	290782
642115	290794
642119	290806
642122	290823
642123	290831
642124	290842
642124	290850
642122	290877
642114	290919
642112	290956
642109	290975
642106	290986
642096	291023
642070	291111
642065	291125
642055	291147
642051	291157
642049	291165
642047	291173
642043	291199
642038	291224
642037	291233
642036	291245
642036	291256
642037	291266
642039	291276
642044	291294
642068	291352
642076	291367
642090	291385
642126	291427
642152	291456
642158	291462
642176	291478
642197	291493
642203	291499
642224	291520
642230	291525
642252	291541
642256	291545
642265	291553
642274	291562
642280	291569
642288	291580
642294	291590
642298	291597
642303	291608
642307	291619
642311	291631
642313	291644
642315	291657
642316	291674
642316	291692
642315	291725
642314	291752
642313	291766
642310	291780
642301	291810
642285	291851
642269	291888
642267	291895
642264	291904
642263	291910
642255	291963
642254	291973
642256	291990
642258	291997
642261	292004
642267	292015
642276	292028
642283	292037
642296	292052
642317	292072
642332	292089
642342	292102
642347	292109
642351	292119
642357	292132
642365	292168
642370	292185
642379	292213
642390	292241
642404	292273
642409	292283
642413	292288
642421	292294
642425	292296
642442	292304
642450	292309
642470	292322
642479	292328
642494	292336
642508	292341
642524	292342
642550	292340
642600	292341
642672	292339
642713	292339
642724	292341
642734	292343
642739	292344
642753	292350
642786	292366
642794	292371
642808	292382
642814	292387
642828	292404
642835	292414
642850	292440
642874	292473
642878	292479
642887	292497
642891	292502
642895	292507
642900	292512
642913	292519
642937	292529
642945	292532
642954	292535
642965	292537
643010	292538
643050	292541
643097	292543
643155	292548
643295	292554
643332	292558
643350	292561
643392	292576
643429	292588
643429	292588
643449	292605
643465	292618
643475	292629
643489	292650
643508	292682
643536	292725
643549	292747
643553	292752
643558	292758
643570	292769
643598	292788
643604	292792
643609	292794
643620	292796
643627	292796
643656	292796
643683	292793
643700	292790
643726	292782
643746	292773
643756	292767
643784	292747
643855	292710
643862	292706
643905	292688
643941	292671
643970	292659
643977	292656
643983	292652
643988	292649
644013	292630
644051	292604
644082	292579
644107	292561
644116	292552
644131	292534
644134	292529
644143	292522
644154	292517
644201	292497
644226	292488
644254	292480
644268	292475
644275	292472
644287	292466
644296	292461
644315	292446
644321	292441
644329	292433
644333	292428
644342	292416
644350	292402
644362	292377
644377	292352
644385	292336
644388	292327
644404	292278
644407	292271
644413	292259
644442	292221
644448	292214
644453	292209
644459	292204
644469	292197
644492	292185
644500	292181
644518	292173
644545	292162
644607	292138
644634	292126
644634	292126
644662	292116
644678	292111
644695	292107
644727	292100
644763	292095
644802	292087
644825	292084
644840	292080
644854	292074
644861	292070
644867	292067
644871	292063
644880	292054
644885	292046
644890	292038
644894	292029
644898	292019
644899	292013
644900	292006
644902	291983
644906	291954
644911	291899
644916	291872
644932	291808
644936	291797
644944	291781
644947	291774
644950	291761
644952	291737
644954	291726
644959	291713
644968	291693
644999	291638
644999	291638
645000	291637
645028	291597
645043	291575
645055	291561
645065	291552
645079	291542
645090	291535
645097	291530
645111	291524
645134	291516
645153	291510
645165	291507
645195	291503
645343	291484
645364	291479
645379	291475
645393	291469
645415	291459
645441	291445
645500	291413
645510	291408
645534	291399
645543	291394
645568	291378
645576	291373
645599	291362
645605	291359
645613	291352
645626	291341
645669	291303
645704	291272
645713	291265
645733	291252
645748	291238
645755	291233
645790	291220
645816	291209
645824	291206
645833	291205
645841	291203
645852	291203
645852	291203
645878	291195
645900	291191
645922	291188
645987	291180
646041	291169
646073	291163
646117	291156
646223	291144
646261	291140
646274	291138
646314	291131
646325	291129
646376	291127
646407	291125
646427	291123
646459	291117
646480	291116
646491	291116
646509	291117
646530	291121
646559	291129
646593	291140
646680	291163
646696	291167
646718	291171
646741	291174
646825	291180
646833	291180
646868	291178
646891	291179
646911	291182
646930	291187
646946	291192
646977	291203
646991	291210
646996	291214
647006	291222
647013	291230
647020	291240
647026	291250
647031	291262
647034	291268
647038	291284
647041	291299
647041	291308
647041	291321
647035	291368
647028	291429
647022	291459
647021	291472
647024	291494
647026	291505
647037	291555
647043	291581
647045	291587
647052	291600
647069	291625
647074	291631
647082	291641
647096	291654
647127	291678
647138	291686
647162	291701
647181	291713
647216	291732
647239	291744
647264	291753
647278	291758
647310	291766
647322	291769
647368	291775
647396	291781
647417	291787
647456	291801
647466	291806
647473	291809
647479	291814
647487	291820
647514	291845
647519	291850
647527	291860
647533	291868
647548	291894
647557	291911
647557	291911
647564	291943
647573	292003
647579	292040
647583	292060
647590	292082
647608	292130
647615	292145
647627	292165
647633	292174
647641	292183
647644	292186
647652	292193
647700	292232
647712	292240
647722	292245
647734	292250
647745	292254
647755	292257
647769	292260
647777	292260
647790	292260
647809	292259
647827	292258
647841	292256
647854	292253
647880	292247
647905	292238
647918	292232
647931	292226
647959	292211
648025	292171
648042	292159
648052	292150
648061	292142
648077	292125
648096	292100
648114	292077
648119	292071
648124	292061
648136	292036
648140	292028
648161	291997
648178	291960
648211	291908
648217	291901
648223	291894
648229	291887
648240	291878
648240	291878
648250	291868
648257	291862
648265	291855
648275	291848
648285	291843
648294	291838
648309	291833
648323	291830
648377	291825
648386	291825
648404	291826
648421	291829
648453	291840
648464	291843
648492	291847
648503	291850
648574	291878
648588	291886
648600	291893
648609	291899
648615	291904
648629	291917
648646	291936
648657	291951
648664	291966
648673	291993
648689	292027
648703	292064
648719	292097
648728	292119
648746	292164
648753	292186
648757	292206
648762	292248
648772	292304
648787	292373
648804	292466
648810	292490
648824	292531
648831	292563
648835	292576
648844	292595
648849	292603
648856	292612
648866	292621
648873	292626
648887	292635
648903	292644
648903	292644
648926	292654
648948	292660
648985	292667
649013	292680
649046	292690
649092	292703
649153	292727
649243	292760
649303	292784
649315	292790
649327	292797
649339	292804
649350	292812
649360	292821
649369	292830
649380	292844
649388	292860
649408	292902
649414	292921
649417	292931
649420	292943
649422	292955
649423	292968
649423	292984
649419	293033
649416	293061
649412	293085
649405	293117
649392	293181
649386	293208
649379	293234
649368	293265
649364	293276
649355	293313
649349	293344
649348	293357
649348	293372
649349	293391
649351	293408
649353	293421
649356	293436
649359	293451
649363	293463
649367	293473
649372	293483
649378	293493
649385	293503
649393	293513
649401	293521
649428	293547
649439	293556
649442	293558
649477	293573
649540	293598
649566	293611
649581	293621
649597	293631
649614	293644
649638	293663
649646	293671
649653	293678
649665	293693
649687	293725
649699	293744
649704	293755
649709	293765
649713	293780
649720	293856
649721	293874
649720	293919
649721	293939
649721	293953
649723	293966
649724	293977
649735	294023
649738	294030
649744	294045
649758	294068
649770	294086
649783	294103
649791	294112
649801	294123
649829	294148
649858	294180
649885	294204
649906	294226
649915	294234
649944	294256
649962	294271
649973	294282
649999	294311
649999	294311
650000	294312
650020	294331
650035	294347
650049	294366
650058	294380
650058	294380
650067	294405
650073	294426
650075	294440
650077	294455
650078	294466
650080	294698
650082	294808
650082	294822
650082	294822
650082	294828
650081	294849
650079	294869
650075	294898
650072	294912
650068	294928
650064	294943
650056	294962
650056	294962
650046	294983
650038	295000
650038	295000
650025	295024
650000	295059
649999	295059
649999	295059
649952	295093
649942	295098
649918	295107
649908	295112
649880	295126
649868	295131
649848	295137
649811	295145
649793	295149
649728	295157
649713	295160
649697	295165
649684	295170
649671	295177
649658	295184
649630	295204
649621	295211
649613	295218
649606	295226
649598	295236
649589	295249
649581	295261
649575	295272
649569	295285
649563	295298
649559	295310
649554	295324
649550	295340
649548	295348
649543	295378
649538	295423
649528	295474
649527	295486
649526	295514
649525	295522
649523	295532
649515	295563
649508	295602
649503	295624
649491	295664
649485	295681
649475	295706
649452	295754
649440	295777
649432	295787
649421	295801
649396	295827
649385	295838
649370	295851
649346	295870
649332	295878
649324	295882
649309	295888
649248	295902
649232	295904
649223	295904
649214	295902
649205	295900
649182	295890
649174	295887
649143	295882
649135	295880
649120	295874
649087	295859
649087	295859
649024	295819
648987	295791
648979	295785
648965	295776
648898	295737
648858	295711
648808	295684
648769	295662
648733	295645
648721	295639
648688	295620
648678	295615
648662	295607
648557	295563
648523	295549
648483	295535
648466	295531
648424	295521
648373	295512
648336	295504
648324	295502
648312	295502
648288	295502
648250	295503
648230	295506
648210	295512
648176	295526
648127	295544
648126	295545
648115	295554
648095	295572
648061	295602
648055	295611
648046	295627
648040	295642
648033	295671
648021	295707
648021	295707
648009	295743
647980	295823
647975	295832
647970	295839
647951	295864
647932	295892
647923	295903
647909	295917
647883	295940
647867	295952
647853	295962
647837	295973
647802	295993
647788	296003
647764	296022
647747	296033
647741	296036
647711	296050
647688	296063
647651	296090
647628	296108
647582	296145
647564	296163
647509	296224
647477	296277
647469	296291
647459	296314
647452	296336
647448	296352
647446	296365
647446	296388
647444	296416
647445	296430
647452	296470
647456	296485
647483	296553
647504	296599
647531	296667
647541	296697
647554	296741
647563	296782
647566	296798
647571	296832
647572	296847
647572	296865
647571	296879
647570	296894
647567	296916
647564	296935
647562	296946
647560	296955
647556	296964
647529	297010
647527	297018
647523	297038
647522	297043
647520	297047
647517	297053
647512	297059
647486	297089
647480	297095
647468	297105
647451	297115
647438	297121
647421	297128
647369	297145
647346	297151
647305	297157
647261	297169
647252	297171
647217	297175
647188	297180
647175	297183
647165	297186
647154	297190
647133	297199
647133	297199
647117	297202
647092	297209
647078	297214
647063	297221
646993	297252
646968	297265
646943	297278
646943	297278
646861	297323
646820	297346
646746	297395
646682	297439
646635	297466
646607	297484
646578	297505
646547	297524
646536	297531
646507	297552
646483	297569
646472	297578
646449	297600
646420	297622
646415	297627
646409	297633
646364	297683
646337	297715
646321	297737
646309	297753
646290	297780
646281	297797
646255	297845
646243	297869
646237	297886
646233	297901
646230	297917
646227	297936
646225	297959
646224	297981
646224	297995
646226	298033
646231	298092
646232	298108
646234	298177
646234	298196
646234	298201
646234	298201
646231	298228
646228	298250
646218	298310
646215	298321
646188	298393
646177	298412
646169	298426
646159	298440
646148	298454
646121	298486
646105	298502
646091	298513
646066	298530
646051	298541
645994	298587
645923	298643
645884	298674
645847	298710
645813	298740
645739	298814
645721	298834
645708	298850
645686	298883
645660	298914
645652	298927
645646	298939
645619	299004
645614	299024
645611	299037
645610	299047
645609	299058
645610	299072
645611	299087
645614	299109
645628	299165
645637	299192
645668	299273
645685	299305
645689	299314
645691	299322
645695	299335
645698	299350
645701	299376
645701	299388
645700	299396
645691	299448
645689	299467
645695	299541
645695	299564
645694	299577
645692	299588
645689	299603
645685	299621
645680	299637
645675	299651
645668	299666
645661	299680
645654	299691
645647	299701
645640	299710
645631	299720
645611	299741
645594	299756
645582	299765
645536	299794
645524	299797
645515	299798
645492	299800
645483	299800
645456	299797
645434	299793
645407	299786
645375	299776
645326	299758
645311	299752
645282	299739
645276	299736
645266	299733
645257	299731
645248	299729
645214	299726
645117	299715
645110	299715
645090	299714
645058	299714
645000	299718
644999	299718
644999	299718
644984	299720
644946	299728
644916	299732
644903	299735
644880	299742
644826	299764
644791	299780
644770	299792
644744	299811
644712	299838
644685	299862
644675	299873
644666	299883
644655	299897
644644	299910
644627	299937
644618	299951
644611	299964
644606	299975
644596	300000
644596	300000
644590	300019
644586	300038
644578	300077
644576	300099
644576	300104
644578	300128
644583	300161
644584	300200
644586	300220
644597	300293
644603	300324
644618	300383
644635	300456
644647	300505
644660	300550
644687	300634
644693	300651
644730	300719
644750	300753
644764	300774
644787	300807
644796	300819
644811	300836
644836	300861
644855	300877
644874	300893
644894	300909
644911	300921
644944	300942
644962	300953
644980	300963
644999	300970
644999	300970
645000	300970
645057	300997
645074	301004
645084	301008
645107	301014
645122	301018
645139	301021
645156	301023
645185	301025
645200	301025
645216	301024
645241	301022
645294	301014
645354	301007
645367	301007
645389	301007
645409	301007
645429	301009
645445	301010
645462	301013
645481	301018
645505	301027
645524	301034
645542	301042
645558	301051
645575	301060
645591	301070
645657	301115
645695	301145
645728	301173
645763	301205
645782	301224
645797	301240
645810	301254
645820	301267
645832	301282
645847	301303
645860	301325
645874	301350
645882	301364
645902	301405
645921	301448
645949	301515
645960	301541
645971	301566
645995	301616
646015	301655
646046	301707
646096	301782
646111	301805
646123	301822
646136	301839
646150	301854
646189	301896
646223	301929
646244	301953
646291	302014
646322	302055
646335	302076
646345	302092
646364	302128
646374	302148
646382	302167
646393	302196
646400	302217
646400	302217
646405	302239
646410	302264
646416	302326
646419	302354
646420	302378
646420	302395
646419	302415
646417	302443
646415	302471
646411	302498
646406	302526
646360	302747
646337	302867
646317	302985
646297	303078
646292	303113
646290	303146
646290	303176
646292	303202
646295	303219
646298	303236
646303	303260
646314	303296
646321	303315
646329	303336
646341	303363
646351	303384
646361	303405
646374	303428
646388	303451
646399	303468
646412	303486
646430	303511
646457	303544
646512	303603
646519	303610
646529	303618
646540	303627
646551	303634
646573	303647
646588	303654
646608	303662
646624	303668
646635	303672
646648	303675
646663	303678
646680	303681
646696	303682
646709	303682
646718	303682
646727	303681
646751	303677
646818	303657
646837	303651
646861	303645
646876	303643
646901	303640
646921	303639
646935	303640
646956	303643
646977	303646
647015	303655
647046	303663
647066	303670
647082	303676
647100	303684
647122	303694
647144	303705
647161	303715
647177	303725
647207	303745
647207	303745
647225	303759
647257	303791
647270	303804
647277	303812
647285	303822
647294	303835
647306	303855
647319	303882
647326	303896
647335	303919
647347	303950
647357	303980
647367	304016
647372	304039
647376	304059
647379	304074
647380	304092
647381	304110
647382	304127
647381	304147
647380	304165
647378	304183
647375	304201
647372	304217
647368	304233
647363	304249
647354	304275
647348	304290
647341	304305
647332	304321
647279	304402
647270	304417
647262	304432
647255	304446
647245	304469
647236	304495
647231	304510
647219	304554
647211	304592
647205	304630
647195	304712
647180	304808
647169	304863
647154	304926
647144	304963
647135	305000
647135	305000
647128	305024
647123	305046
647119	305063
647116	305081
647114	305095
647113	305120
647114	305138
647119	305166
647122	305220
647121	305242
647115	305276
647115	305276
647122	305325
647138	305403
647147	305465
647157	305550
647167	305625
647169	305647
647171	305663
647174	305679
647177	305694
647185	305722
647190	305736
647202	305766
647218	305799
647230	305821
647276	305902
647290	305924
647300	305937
647312	305951
647323	305964
647335	305976
647405	306042
647447	306089
647454	306096
647481	306121
647503	306139
647519	306150
647544	306166
647570	306179
647610	306198
647776	306265
647873	306302
647969	306338
648017	306360
648065	306382
648113	306406
648303	306503
648525	306609
648674	306670
648741	306692
648818	306732
648901	306770
648978	306813
649036	306843
649126	306884
649169	306903
649212	306922
649271	306946
649330	306974
649397	307008
649397	307008
649485	307054
649665	307148
649717	307176
649824	307235
649902	307280
649999	307336
649999	307336
650000	307337
650083	307390
650169	307442
650207	307463
650261	307490
650308	307512
650386	307546
650416	307558
650416	307558
650436	307563
650463	307569
650495	307574
650527	307578
650564	307581
650644	307591
650674	307592
650693	307593
650713	307595
650733	307598
650753	307602
650772	307606
650791	307611
650819	307620
650853	307632
650883	307643
650913	307656
650933	307665
650946	307673
650963	307683
650979	307694
650995	307705
651037	307736
651076	307767
651104	307792
651183	307867
651284	307981
651293	307991
651314	308010
651341	308032
651352	308040
651364	308047
651376	308054
651389	308060
651400	308065
651419	308071
651445	308077
651483	308084
651498	308086
651521	308087
651545	308085
651562	308082
651571	308079
651581	308075
651659	308034
651736	307977
651810	307925
651829	307911
651847	307897
651875	307872
651890	307857
651900	307846
651910	307831
651929	307800
651945	307758
651955	307737
651978	307690
651990	307665
651996	307655
652006	307638
652014	307627
652029	307608
652039	307598
652093	307552
652122	307532
652136	307522
652149	307512
652159	307503
652159	307503
652170	307491
652187	307470
652203	307448
652229	307409
652265	307350
652280	307323
652294	307296
652308	307265
652317	307246
652333	307207
652374	307079
652374	307079
652397	306988
652424	306848
652465	306599
652469	306558
652473	306494
652474	306449
652475	306346
652472	306279
652464	306195
652461	306143
652461	306112
652462	306069
652464	306046
652467	305998
652472	305955
652472	305955
652473	305946
652474	305935
652479	305908
652483	305891
652488	305874
652492	305860
652497	305847
652509	305822
652515	305810
652548	305754
652548	305754
652589	305698
652611	305662
652618	305649
652636	305613
652648	305587
652656	305567
652662	305546
652668	305518
652671	305496
652694	305362
652714	305259
652730	305166
652742	305119
652757	305062
652766	305036
652775	305016
652782	305000
652782	305000
652828	304886
652866	304787
652882	304744
652915	304643
652930	304591
652943	304531
652962	304437
652983	304314
652983	304314
653011	304162
653038	303977
653052	303858
653056	303798
653056	303784
653057	303777
653058	303769
653061	303761
653066	303751
653073	303741
653082	303730
653090	303721
653098	303714
653111	303706
653111	303706
653145	303682
653185	303683
653239	303697
653334	303727
653401	303745
653429	303753
653429	303753
653758	303750
653758	303750
653894	303752
653989	303742
654251	303696
654709	303610
655246	303535
655615	303482
655745	303467
656122	303418
656250	303405
656630	303348
656682	303342
656682	303342
656762	303335
656866	303329
657099	303299
658939	303077
658939	303077
658908	302726
658769	302210
658931	301468
659028	301174
659607	299727
659827	299056
659973	298492
660552	296828
660726	296218
660762	296057
661020	294994
661092	294651
661176	293686
661092	292720
661079	292651
660920	291810
660682	290943
660272	290065
659716	289271
659505	289068
659412	288946
659393	288882
659343	288714
659281	287790
659275	287718
659227	287121
659308	286775
659444	285216
659415	284683
659389	284227
659187	283028
659123	282801
659086	282678
659047	282548
658976	282335
658424	280772
658259	280358
658135	280081
658058	279888
657369	278189
657196	277611
656969	277052
656792	276178
656738	275908
656724	275845
656654	275514
656509	274965
656389	274594
656389	274594
656204	274018
656109	273643
656011	273405
655965	273179
655800	272791
655391	271912
654861	271155
654830	271123
654184	270468
654145	270440
653748	270151
653616	269969
653493	269650
653396	269192
653383	269029
653432	267214
653434	267096
653439	266118
653390	265348
653285	264562
653233	262417
653290	260766
653126	259223
652982	258647
652759	257953
652376	256986
652219	256251
652219	256251
652015	255298
651845	254172
651828	254064
651766	253704
651369	251418
651326	250666
651318	250546
651240	249560
651071	248574
650855	247761
650706	247284
650296	246406
649900	245811
649668	245508
648431	244323
648181	244148
647629	243809
642738	241182
642516	240707
641961	239913
641413	239366
641121	238395
640830	237637
640633	237217
640526	237057
640526	237057
639717	235843
639116	235180
638876	234933
638167	234242
637703	233838
637651	233718
637096	232924
636701	232529
636673	232485
636357	231993
636002	231502
635878	231349
635815	231273
635130	230587
634336	230031
633921	229828
633605	229322
633579	229225
633169	228346
632613	227552
631928	226867
631830	226798
632018	226395
632269	225458
632333	224720
632333	224720
632032	224969
631737	225229
631240	225655
630850	225993
630442	226344
630274	226493
629956	226767
629672	227002
629604	227068
629255	227361
628858	227697
628752	227793
628393	228096
628045	228388
627820	228581
627504	228849
627430	228912
627374	228989
627308	229099
627230	229237
627177	229360
627136	229518
627113	229719
627100	229896
627103	230076
627151	230378
627228	230760
627270	231009
627268	231075
627298	231309
627321	231687
627326	231971
627306	232343
627296	232418
627272	232681
627230	232819
627158	232945
627115	233023
627032	233143
627032	233143
626984	233170
626919	233198
626865	233221
626810	233245
626711	233281
626649	233300
626567	233322
626498	233335
626426	233342
626340	233349
626162	233346
626108	233343
626056	233340
626009	233338
625960	233335
625919	233329
625885	233316
625845	233297
625805	233277
625750	233246
625618	233162
625581	233144
625538	233124
625488	233108
625430	233091
625363	233076
625279	233060
625187	233047
625072	233043
624976	233044
624976	233044
624869	233042
624734	233045
624646	233051
624505	233052
624434	233057
624228	233065
624167	233070
623939	233082
623871	233086
623768	233093
623663	233093
623550	233095
623402	233094
623338	233093
623200	233089
623117	233081
623028	233074
622856	233058
622730	233046
622589	233028
622531	233020
622479	233015
622413	233006
622335	232991
622258	232967
622105	232921
622020	232894
621846	232843
621752	232819
621561	232771
621469	232760
621387	232754
621387	232754
621287	232743
621214	232740
621125	232747
621054	232750
620931	232754
620847	232750
620847	232750
620815	232747
620725	232745
620657	232746
620502	232754
620426	232757
620380	232757
620319	232757
620271	232761
620212	232762
620159	232769
620059	232778
620000	232786
619999	232786
619999	232786
619982	232786
619961	232788
619956	232789
619937	232793
619921	232793
619842	232799
619718	232811
619695	232815
619674	232820
619558	232840
619503	232847
619435	232855
619390	232858
619302	232868
619240	232873
619205	232880
619166	232888
619085	232905
619074	232905
619065	232904
618943	232918
618943	232918
618810	232939
618772	232943
618749	232945
618524	232954
618521	232954
618521	232954
618497	232947
618451	232935
618404	232925
618357	232917
618275	232906
618221	232898
618147	232886
618090	232874
617998	232852
617950	232838
617883	232817
617820	232793
617780	232775
617737	232750
617713	232731
617661	232686
617626	232652
617576	232610
617526	232578
617474	232551
617432	232534
617376	232514
617339	232506
617281	232499
617229	232492
617193	232481
617153	232468
617103	232453
617030	232429
616980	232409
616921	232396
616860	232395
616824	232399
616784	232411
616721	232425
616638	232464
616638	232464
616635	232464
616583	232469
616565	232471
616471	232485
616441	232491
616409	232501
616384	232506
616314	232530
616300	232533
616286	232537
616281	232538
616281	232538
616235	232535
616162	232521
616100	232508
616054	232496
616004	232491
615955	232491
615870	232492
615810	232498
615756	232505
615695	232520
615643	232541
615596	232565
615532	232591
615486	232607
615431	232623
615388	232633
615346	232642
615302	232650
615253	232654
615199	232647
615165	232643
615145	232642
615114	232637
615114	232637
615055	232609
614999	232579
614999	232579
614972	232571
614935	232557
614923	232552
614910	232546
614891	232534
614841	232507
614841	232507
614794	232502
614658	232457
614530	232424
614452	232410
614309	232394
614224	232392
614168	232392
614020	232392
613877	232386
613733	232372
613631	232354
613512	232349
613477	232352
613451	232361
613387	232409
613342	232440
613319	232454
613287	232466
613257	232489
613236	232503
613185	232525
613163	232531
613140	232536
613097	232539
613072	232537
613043	232527
613029	232517
613016	232499
613001	232461
612998	232432
612998	232432
612997	232432
612978	232414
612936	232363
612893	232299
612870	232272
612858	232260
612802	232206
612792	232200
612773	232190
612742	232176
612630	232149
612591	232142
612563	232132
612536	232118
612521	232109
612490	232090
612475	232079
612450	232060
612407	232020
612354	231988
612336	231980
612318	231970
612304	231963
612284	231954
612213	231934
612204	231931
612192	231926
612182	231921
612097	231878
612086	231871
612074	231866
612063	231862
611994	231843
611970	231839
611942	231836
611919	231835
611864	231837
611844	231847
611834	231852
611825	231859
611816	231866
611812	231870
611810	231872
611810	231872
611777	231911
611756	231946
611751	231957
611745	231973
611743	231981
611739	232003
611734	232015
611730	232023
611723	232036
611702	232074
611693	232090
611683	232112
611673	232133
611620	232272
611576	232382
611521	232507
611503	232536
611494	232547
611435	232596
611405	232615
611389	232627
611378	232633
611359	232644
611343	232650
611334	232652
611315	232656
611289	232655
611278	232654
611269	232652
611265	232651
611252	232646
611214	232617
611207	232608
611197	232589
611181	232545
611177	232535
611175	232524
611173	232514
611173	232504
611169	232419
611168	232411
611166	232406
611163	232400
611158	232375
611123	232320
611106	232296
611078	232266
611061	232251
611051	232243
611037	232233
610953	232187
610904	232154
610904	232154
610896	232149
610882	232138
610854	232111
610841	232102
610831	232093
610823	232090
610763	232088
610725	232089
610718	232088
610710	232088
610706	232089
610698	232093
610676	232099
610656	232103
610645	232106
610637	232109
610629	232113
610619	232119
610568	232148
610557	232155
610535	232173
610518	232189
610495	232217
610482	232228
610467	232238
610453	232248
610431	232261
610423	232264
610414	232268
610405	232270
610396	232271
610383	232272
610383	232272
610377	232272
610353	232277
610332	232285
610312	232295
610287	232309
610271	232328
610228	232383
610220	232395
610214	232403
610201	232415
610199	232419
610190	232435
610183	232454
610177	232466
610168	232481
610149	232508
610145	232512
610142	232515
610134	232519
610124	232522
610101	232527
610086	232530
610080	232531
610075	232533
610055	232543
610048	232548
610042	232554
610000	232593
609999	232594
609999	232594
609983	232611
609976	232624
609969	232636
609965	232645
609964	232654
609963	232658
609961	232663
609949	232682
609949	232682
609949	232682
609949	232682
609935	232702
609938	232719
609939	232733
609932	232776
609925	232800
609930	232806
609933	232810
609937	232813
609942	232816
609946	232818
609978	232831
609977	232839
609974	232850
609960	232867
609954	232867
609950	232867
609943	232865
609942	232864
609937	232855
609928	232830
609926	232826
609923	232821
609920	232818
609917	232816
609907	232812
609898	232811
609892	232811
609888	232812
609873	232827
609871	232831
609870	232835
609869	232839
609869	232841
609872	232849
609869	232858
609869	232865
609869	232865
609876	232874
609878	232878
609880	232884
609889	232888
609891	232890
609893	232894
609894	232899
609889	232904
609875	232914
609838	232934
609829	232941
609825	232946
609822	232950
609811	232969
609798	232998
609791	233011
609787	233020
609782	233035
609781	233039
609782	233042
609783	233046
609787	233050
609818	233051
609835	233062
609843	233069
609851	233076
609857	233083
609861	233089
609865	233095
609868	233102
609869	233106
609871	233119
609873	233124
609879	233134
609881	233140
609882	233146
609883	233148
609880	233154
609875	233159
609871	233161
609863	233164
609858	233165
609853	233166
609850	233165
609847	233164
609842	233161
609837	233157
609834	233152
609831	233147
609823	233127
609822	233122
609820	233118
609818	233115
609815	233112
609811	233111
609809	233110
609799	233111
609794	233112
609790	233114
609783	233119
609767	233145
609765	233147
609754	233158
609718	233188
609711	233195
609697	233256
609693	233262
609684	233273
609679	233279
609658	233292
609655	233296
609649	233303
609633	233317
609614	233330
609606	233335
609595	233340
609589	233342
609576	233344
609536	233369
609536	233369
609510	233382
609493	233387
609485	233388
609462	233390
609387	233391
609313	233396
609304	233395
609296	233394
609286	233391
609271	233388
609260	233383
609180	233364
609134	233351
609129	233346
609127	233342
609124	233336
609121	233325
609119	233309
609118	233300
609117	233281
609106	233221
609101	233187
609090	233136
609090	233133
609091	233130
609093	233124
609124	233084
609130	233069
609125	233058
609120	233042
609114	233032
609110	233029
609102	233023
609094	233019
609090	233017
609057	233013
609039	233007
609030	233004
609021	233001
609016	232999
609010	232996
608984	232974
608976	232970
608970	232968
608963	232967
608959	232966
608946	232969
608938	232973
608934	232976
608929	232981
608913	233001
608891	233024
608876	233041
608852	233062
608845	233066
608837	233071
608832	233074
608806	233077
608798	233078
608780	233077
608761	233077
608747	233076
608740	233077
608730	233081
608723	233086
608712	233099
608700	233112
608681	233139
608677	233143
608672	233148
608664	233154
608659	233156
608650	233157
608645	233158
608642	233158
608638	233156
608635	233154
608634	233152
608632	233150
608631	233145
608612	233112
608610	233109
608606	233105
608600	233102
608593	233099
608586	233097
608581	233097
608580	233097
608575	233099
608563	233108
608558	233112
608525	233143
608514	233148
608507	233151
608502	233152
608500	233152
608487	233148
608478	233145
608465	233139
608442	233118
608432	233111
608418	233105
608412	233103
608406	233102
608398	233102
608362	233107
608349	233109
608342	233110
608333	233109
608320	233106
608300	233099
608271	233091
608228	233086
608220	233083
608216	233080
608210	233074
608199	233059
608189	233042
608174	233025
608162	233012
608161	233003
608162	232995
608167	232981
608169	232974
608171	232964
608169	232960
608161	232946
608143	232937
608138	232936
608127	232934
608105	232941
608091	232945
608080	232946
608069	232945
608063	232944
608053	232940
608012	232926
608004	232922
608001	232920
607995	232913
607982	232892
607980	232882
607980	232873
607992	232852
607994	232844
607995	232838
607995	232832
607994	232826
607991	232820
607988	232815
607984	232811
607979	232807
607973	232804
607970	232803
607934	232810
607934	232810
607902	232818
607897	232818
607889	232819
607880	232819
607865	232817
607863	232816
607847	232794
607830	232784
607819	232776
607815	232774
607808	232771
607800	232770
607795	232769
607769	232770
607752	232756
607745	232753
607740	232752
607737	232752
607709	232755
607701	232754
607689	232750
607683	232747
607664	232734
607655	232724
607641	232713
607623	232703
607616	232700
607612	232697
607600	232680
607592	232664
607591	232655
607589	232631
607579	232621
607564	232617
607547	232610
607539	232607
607532	232606
607529	232606
607508	232621
607501	232643
607492	232650
607476	232662
607456	232675
607431	232673
607423	232680
607416	232700
607409	232718
607408	232722
607407	232730
607408	232737
607408	232741
607412	232749
607414	232755
607414	232760
607414	232764
607412	232771
607407	232779
607395	232795
607391	232808
607381	232817
607346	232839
607330	232840
607322	232837
607295	232825
607271	232817
607254	232808
607244	232805
607240	232804
607229	232804
607188	232805
607179	232805
607159	232803
607142	232802
607129	232805
607122	232807
607119	232807
607116	232806
607113	232804
607111	232803
607099	232784
607097	232783
607092	232781
607087	232780
607084	232780
607072	232782
607063	232786
607058	232787
607052	232787
607040	232786
607030	232791
607026	232794
607014	232808
606997	232837
606994	232840
606990	232841
606987	232842
606984	232842
606976	232842
606963	232846
606939	232860
606914	232873
606900	232887
606899	232887
606892	232889
606876	232887
606850	232887
606848	232889
606846	232892
606845	232896
606843	232913
606840	232923
606837	232927
606835	232928
606832	232928
606829	232929
606813	232924
606809	232924
606807	232924
606805	232926
606800	232933
606795	232943
606791	232951
606789	232959
606787	232970
606781	232987
606778	233000
606775	233007
606773	233009
606752	233023
606750	233031
606749	233041
606748	233047
606746	233055
606745	233055
606707	233045
606705	233045
606702	233045
606698	233047
606696	233049
606684	233063
606683	233066
606681	233071
606680	233076
606680	233081
606679	233109
606678	233114
606675	233121
606672	233126
606642	233171
606639	233176
606635	233180
606627	233185
606624	233189
606619	233196
606565	233241
606560	233253
606555	233265
606553	233272
606553	233277
606553	233283
606564	233312
606570	233334
606560	233347
606559	233349
606559	233352
606561	233357
606583	233383
606584	233385
606585	233389
606585	233393
606583	233397
606566	233417
606562	233420
606558	233422
606553	233424
606547	233426
606551	233453
606553	233467
606547	233480
606534	233506
606525	233519
606512	233536
606507	233551
606505	233567
606498	233570
606451	233600
606422	233612
606401	233628
606378	233646
606333	233676
606317	233685
606305	233688
606293	233689
606284	233689
606284	233689
606226	233688
606209	233689
606207	233690
606202	233692
606196	233695
606182	233706
606175	233714
606170	233717
606163	233722
606138	233734
606129	233738
606123	233740
606106	233744
606089	233745
606075	233744
606057	233740
606057	233740
606078	233768
606079	233791
606073	233801
606073	233820
606067	233828
606058	233839
606054	233860
606044	233887
606028	233942
606016	233975
606013	233994
606005	234012
606015	234019
606027	234047
606045	234090
