1
5954
0
548905	320049
549200	320376
549279	320505
548315	321011
548311	321056
548357	321087
548527	321026
549268	320614
549381	320595
549729	321005
549729	321005
549843	321189
549843	321189
549837	321197
549797	321216
549826	321243
549941	321348
549999	321389
549999	321389
550143	321517
550225	321598
550338	321694
550510	321849
550594	321924
550701	322024
550816	322128
550892	322197
550915	322218
550996	322290
551113	322398
551169	322441
551169	322441
551189	322482
551211	322525
551271	322645
551319	322745
551357	322818
551370	322845
551414	322933
551465	323040
551507	323131
551507	323131
551718	323550
551864	323837
551842	323845
551946	324040
551964	324053
551964	324053
552054	324233
552182	324437
552396	324666
552403	324698
552305	324762
552139	324851
552135	324898
552203	324974
552507	325320
552687	325541
552749	325635
552778	325743
552848	326183
552882	326412
552954	326871
552982	327048
553073	327509
553052	327541
553005	327551
552566	327570
551851	327596
551403	327602
550677	327619
549874	327649
549453	327676
549441	327687
549441	327694
549441	327694
549442	327818
549441	327890
549443	328045
549438	328218
549440	328506
549440	328555
549499	329153
549690	329431
549879	329609
550119	329693
550402	329714
550780	329818
550884	329975
550900	330237
550867	330545
550797	330914
550705	331249
550565	331724
550565	331724
550559	331743
550547	331761
550513	331782
550364	331863
550194	331981
550079	332087
550007	332179
549940	332325
549896	332485
549850	332636
549807	332974
549792	333159
549788	333222
549788	333222
549783	333232
549777	333243
549767	333264
549763	333273
549760	333282
549760	333286
549753	333318
549751	333329
549747	333350
549745	333361
549742	333372
549738	333388
549735	333400
549734	333413
549730	333439
549728	333454
549727	333482
549726	333496
549724	333529
549724	333539
549722	333571
549721	333581
549720	333610
549721	333623
549722	333644
549725	333658
549727	333666
549735	333695
549739	333709
549745	333736
549749	333752
549757	333783
549761	333795
549764	333804
549768	333820
549768	333820
549766	333887
549761	333971
549749	334066
549724	334159
549702	334214
549693	334246
549687	334300
549689	334355
549695	334399
549695	334399
549715	334434
549887	334597
550049	334739
550208	334874
550318	334972
550403	335047
550616	335202
550741	335262
550811	335277
550930	335279
551103	335263
551319	335208
551536	335136
551634	335116
551634	335116
551668	335115
551748	335124
551821	335139
551935	335197
552068	335297
552239	335443
552410	335601
552539	335728
552718	335950
552831	336115
552932	336271
552972	336386
553047	336628
553055	336739
553051	336858
553022	337012
553001	337074
552831	337477
552756	337625
552699	337761
552485	338287
552447	338443
552400	338606
552391	338700
552400	338800
552449	339042
552474	339129
552568	339378
552658	339562
552770	339753
552799	339816
552982	340150
553184	340502
553491	340924
553692	341180
554032	341521
554223	341706
554392	341840
554821	342182
555031	342312
555258	342455
555327	342497
555327	342497
555313	342329
555469	341746
555554	340780
555469	339815
555361	339395
555111	338458
554701	337580
554445	337215
554415	337106
554864	336776
555164	336476
555210	336430
556115	336047
556213	335979
556372	336320
556740	336877
557305	337630
557948	338268
557971	338355
558381	339233
558937	340027
559622	340712
560444	341281
560509	341344
560824	341564
561114	341979
561259	342124
561565	342779
561632	342875
561845	343419
561870	343700
562121	344636
562530	345515
563086	346309
563772	346994
564513	347514
564597	347621
564931	348041
565817	348929
566097	349152
566425	349461
567219	350017
567618	350226
567772	350299
568619	350619
569160	350774
570066	350961
570215	351031
570215	351031
570362	351099
571298	351350
571561	351373
571738	351420
572296	351490
572508	351505
572915	351520
573880	351436
574819	351180
575902	351748
576748	352063
577795	352341
578502	352457
579409	352529
580009	352528
580464	352509
580777	352483
581007	352503
581972	352418
582035	352402
582245	352384
582804	352255
583304	352113
585035	351858
585391	351898
586121	351935
586405	351943
587281	351854
587360	351932
588153	352488
589032	352898
589974	353150
590218	353192
591135	353177
591343	353209
591975	353218
592847	353092
593014	353065
593951	352814
594033	352786
594287	352717
594540	352696
595286	352533
595995	352327
596057	352298
596118	352283
596535	352147
596826	352283
597762	352534
598728	352618
599209	352576
599209	352576
599505	352550
599621	352540
599693	352535
600588	352476
601149	352329
601149	352329
601164	351956
601191	351270
601218	350585
601245	349899
601276	349214
601307	348528
601334	347873
601338	347758
601357	347186
601373	346959
601383	346627
601384	346449
601384	346449
601398	345895
601443	345233
601460	344578
601473	344382
601485	343968
601477	343884
601477	343884
601462	343798
601443	343707
601443	343707
601452	343624
601460	343556
601460	343547
601461	343538
601462	343530
601471	343453
601477	343366
601478	343357
601482	343280
601486	343200
601486	343192
601492	343071
601492	343071
601511	343005
601527	342883
601552	342433
601579	341737
601586	341672
601609	341042
601615	340867
601615	340867
601606	340864
601585	340845
601598	340804
601600	340787
601613	340749
601622	340721
601632	340702
601632	340702
601635	340548
601654	340034
601688	339393
601686	339312
601706	338707
601740	338041
601773	337371
601792	337248
601817	336678
601817	336660
601840	336394
601840	336394
601844	336330
601848	336249
601851	336214
601851	336210
601855	336207
601857	336206
601859	336200
601862	336167
601865	336115
601865	336083
601863	336058
601863	336058
601851	336010
601847	335935
601857	335752
601866	335550
601885	335085
601888	334926
601888	334903
601897	334753
601904	334718
601929	334489
601929	334489
601929	334426
601930	334339
601930	334193
601929	334081
601930	334072
601936	334064
601932	334031
601925	333969
601924	333942
601921	333913
601921	333913
601956	332761
602006	331367
602036	330213
602016	329997
602016	329997
602081	329737
602081	329737
602122	328346
602184	326967
602184	326809
602255	325462
602255	325462
602260	325406
602260	325380
602251	325350
602242	325307
602240	325264
602234	325178
602230	325114
602230	325114
602305	324461
602305	324461
602290	324394
602290	324394
602308	324101
602353	323618
602353	323618
602354	323574
602353	323557
602348	323514
602349	323475
602343	323474
602343	323474
602342	323286
602385	322527
602385	322527
602391	322497
602393	322479
602400	322439
602410	322370
602416	322336
602417	322298
602417	322298
602427	321332
602477	319954
602542	318582
602546	318429
602588	317331
602581	317145
602581	317145
602586	317070
602589	316985
602590	316943
602590	316867
602590	316857
602590	316777
602589	316744
602591	316726
602595	316704
602599	316691
602604	316678
602615	316654
602626	316635
602626	316635
602650	316062
602647	315920
602729	314601
602729	314601
602745	313860
602738	313793
602738	313793
602739	313782
602744	313733
602747	313717
602766	313556
602766	313556
602759	313417
602806	312266
602875	310868
602921	309501
602929	309347
602975	308118
602990	307760
603037	306728
603033	306601
603079	305345
603129	304082
603191	302799
603248	301328
603306	300087
603318	299887
603364	298701
603387	298108
603418	297345
603437	297107
603491	295966
603496	295789
603524	295301
603524	295301
603538	295142
603555	294883
603572	294328
603590	293841
603632	292947
603622	292807
603622	292807
603650	292799
603662	292794
603666	292790
603668	292787
603669	292780
603664	292748
603661	292716
603659	292688
603658	292668
603656	292657
603654	292645
603652	292638
603652	292631
603653	292625
603653	292625
603666	292372
603685	292250
603685	292250
603681	292196
603677	292123
603674	292054
603674	292054
603669	292051
603664	292047
603662	292038
603659	291969
603657	291920
603657	291920
603683	291679
603739	290309
603798	288935
603847	287679
603847	287679
603852	287669
603857	287660
603857	287651
603856	287627
603855	287617
603858	287610
603864	287602
603870	287597
603877	287590
603882	287576
603886	287564
603888	287556
603887	287544
603885	287524
603881	287501
603877	287479
603874	287473
603872	287457
603870	287447
603868	287421
603868	287392
603868	287351
603873	287313
603874	287288
603874	287288
603869	286931
603924	285585
603966	284496
604017	282816
604017	282816
604023	282798
604026	282778
604030	282750
604031	282717
604033	282663
604034	282623
604031	282605
604029	282572
604029	282572
604061	282143
604093	281470
604094	281421
604121	280799
604124	280677
604124	280677
604127	280666
604132	280650
604133	280632
604133	280615
604129	280594
604127	280583
604127	280583
604140	280133
604166	279494
604175	279061
604175	279061
604170	279059
604128	279049
604106	279043
604086	279040
604062	279034
604054	279032
604038	279026
604009	279018
603984	279015
603935	279014
603897	279012
603891	279010
603885	279008
603871	279002
603857	278994
603820	278975
603769	278967
603755	278966
603746	278966
603729	278963
603710	278960
603704	278959
603692	278960
603686	278960
603658	278967
603634	278974
603624	278979
603623	278979
603615	278984
603615	278984
603599	278990
603583	279000
603547	279027
603530	279034
603522	279035
603497	279037
603462	279032
603444	279027
603426	279022
603388	279010
603371	279001
603361	278995
603305	278968
603285	278955
603264	278940
603224	278914
603204	278907
603161	278895
603148	278891
603138	278886
603127	278880
603112	278868
603098	278859
603081	278846
603022	278807
603004	278794
602989	278785
602989	278785
602980	278790
602976	278791
602971	278791
602950	278791
602943	278792
602929	278795
602911	278807
602900	278812
602879	278823
602872	278826
602866	278828
602855	278830
602845	278833
602828	278834
602813	278832
602788	278832
602727	278830
602658	278829
602576	278827
602508	278827
602361	278823
602311	278821
602255	278818
602227	278817
602136	278815
602112	278815
602112	278815
602094	278818
602071	278819
602031	278826
602009	278826
601995	278831
601980	278834
601963	278841
601950	278849
601937	278860
601918	278874
601911	278880
601899	278893
601888	278905
601875	278922
601846	278950
601841	278955
601835	278960
601830	278963
601818	278968
601813	278969
601792	278968
601777	278969
601754	278971
601713	278973
601646	278977
601606	278979
601579	278981
601557	278984
601526	278979
601509	278973
601503	278972
601497	278971
601491	278971
601470	278973
601440	278978
601428	278983
601404	278986
601392	278986
601370	278996
601338	279023
601326	279033
601294	279065
601284	279076
601274	279085
601264	279085
601247	279074
601238	279071
601234	279072
601228	279075
601225	279077
601222	279080
601220	279084
601218	279091
601209	279119
601209	279124
601209	279129
601212	279136
601215	279142
601226	279161
601228	279165
601229	279169
601226	279174
601224	279178
601216	279178
601198	279178
601188	279181
601177	279185
601164	279192
601167	279195
601177	279203
601184	279212
601185	279222
601189	279246
601194	279255
601191	279265
601187	279268
601183	279271
601176	279271
601166	279267
601156	279261
601148	279260
601144	279263
601140	279281
601137	279284
601134	279287
601123	279294
601096	279308
601086	279309
601072	279304
601064	279298
601055	279294
601045	279295
601039	279302
601039	279309
601035	279320
601030	279322
601020	279325
601009	279326
601003	279326
600988	279323
600982	279323
600970	279325
600961	279329
600956	279336
600949	279356
600946	279360
600939	279368
600918	279392
600914	279397
600905	279416
600902	279419
600895	279427
600891	279430
600871	279441
600827	279450
600820	279450
600817	279446
600815	279439
600810	279426
600806	279419
600801	279411
600797	279406
600784	279393
600782	279392
600779	279392
600772	279395
600755	279408
600747	279410
600738	279411
600715	279407
600707	279405
600698	279405
600689	279411
600684	279419
600682	279444
600681	279451
600679	279457
600671	279476
600662	279501
600657	279511
600649	279517
600632	279528
600579	279562
600577	279565
600574	279572
600572	279580
600568	279598
600565	279603
600560	279610
600560	279610
600557	279617
600549	279621
600543	279623
600535	279621
600533	279622
600517	279629
600485	279640
600467	279645
600448	279651
600445	279663
600443	279668
600438	279675
600432	279679
600421	279684
600416	279687
600383	279710
600374	279715
600357	279727
600350	279738
600343	279755
600330	279784
600317	279813
600313	279827
600311	279838
600311	279850
600310	279861
600312	279901
600313	279941
600311	279953
600307	279966
600300	279980
600296	279985
600278	280000
600267	280017
600251	280047
600251	280047
600240	280060
600230	280067
600220	280085
600223	280090
600228	280096
600232	280103
600231	280109
600229	280111
600226	280114
600214	280116
600188	280117
600189	280125
600196	280136
600203	280145
600208	280157
600208	280163
600207	280166
600203	280170
600200	280172
600175	280184
600167	280188
600162	280192
600158	280196
600154	280203
600150	280218
600147	280224
600139	280225
600121	280224
600115	280226
600110	280232
600104	280244
600097	280254
600094	280256
600086	280261
600082	280261
600075	280261
600062	280260
600054	280262
600033	280283
600024	280290
600000	280307
600000	280307
600000	280307
599997	280311
599996	280314
599997	280324
599996	280327
599995	280330
599978	280354
599977	280358
599979	280368
599979	280373
599978	280379
599976	280383
599973	280386
599967	280390
599952	280397
599944	280403
599941	280406
599939	280409
599937	280413
599937	280416
599937	280419
599941	280434
599951	280455
599954	280463
599954	280466
599952	280473
599943	280495
599941	280500
599942	280505
599943	280513
599945	280520
599951	280533
599952	280536
599953	280542
599952	280563
599951	280568
599950	280569
599946	280571
599942	280571
599937	280570
599930	280566
599920	280559
599917	280558
599914	280558
599911	280559
599909	280561
599902	280572
599898	280576
599895	280577
599880	280580
599876	280581
599874	280583
599871	280586
599869	280589
599865	280599
599863	280612
599862	280614
599861	280616
599858	280619
599854	280620
599848	280620
599845	280620
599841	280617
599834	280609
599831	280607
599827	280606
599819	280607
599806	280612
599786	280614
599784	280615
599781	280616
599778	280618
599768	280630
599766	280632
599763	280633
599758	280633
599744	280630
599740	280629
599736	280630
599731	280633
599724	280638
599700	280665
599696	280669
599692	280674
599684	280689
599682	280692
599677	280697
599673	280701
599666	280705
599663	280706
599650	280708
599645	280709
599633	280715
599629	280716
599624	280715
599619	280713
599612	280708
599599	280698
599594	280695
599589	280693
599585	280692
599583	280692
599580	280693
599579	280695
599578	280698
599578	280703
599583	280714
599589	280723
599595	280734
599596	280739
599595	280742
599593	280743
599592	280744
599590	280744
599587	280744
599570	280734
599562	280728
599559	280727
599557	280727
599551	280728
599548	280730
599546	280732
599545	280735
599545	280737
599547	280739
599555	280749
599562	280757
599563	280759
599563	280762
599562	280765
599561	280767
599557	280769
599553	280769
599549	280769
599544	280767
599532	280756
599523	280746
599517	280741
599511	280741
599510	280742
599508	280743
599507	280746
599506	280749
599507	280766
599504	280783
599502	280788
599499	280791
599496	280793
599493	280794
599486	280795
599481	280795
599476	280794
599471	280792
599468	280791
599466	280789
599463	280784
599459	280772
599452	280756
599450	280755
599447	280753
599440	280753
599434	280755
599427	280760
599419	280764
599413	280765
599408	280764
599406	280762
599403	280759
599398	280748
599392	280738
599386	280732
599383	280730
599378	280728
599371	280725
599362	280723
599353	280723
599333	280726
599326	280727
599323	280726
599304	280722
599297	280722
599294	280723
599290	280724
599288	280725
599285	280728
599278	280740
599276	280743
599273	280745
599266	280747
599253	280748
599242	280750
599219	280759
599185	280767
599170	280772
599163	280775
599157	280778
599152	280784
599151	280786
599150	280789
599151	280794
599159	280812
599160	280814
599160	280819
599159	280823
599157	280826
599153	280831
599109	280819
599081	280813
599078	280840
599078	280857
599075	280862
599072	280863
599068	280864
599064	280864
599061	280863
599059	280862
599057	280860
599055	280858
599049	280846
599042	280833
599039	280830
599036	280828
599033	280828
599030	280828
599025	280831
599023	280833
599021	280837
599020	280840
599018	280854
599016	280863
599013	280879
599007	280898
599005	280901
599003	280903
599001	280905
598997	280907
598992	280908
598988	280907
598985	280907
598983	280906
598981	280904
598979	280901
598975	280887
598964	280867
598957	280850
598956	280848
598952	280847
598949	280846
598945	280845
598942	280846
598939	280847
598937	280848
598928	280858
598926	280859
598916	280864
598909	280865
598901	280864
598897	280862
598889	280857
598884	280851
598882	280847
598880	280843
598879	280840
598880	280836
598882	280829
598890	280817
598899	280798
598906	280789
598908	280780
598908	280779
598906	280777
598904	280775
598902	280775
598895	280775
598883	280778
598875	280783
598855	280802
598847	280806
598844	280806
598840	280806
598838	280806
598837	280805
598836	280803
598836	280801
598839	280793
598840	280781
598839	280777
598836	280774
598835	280773
598832	280773
598828	280774
598822	280777
598818	280779
598815	280782
598812	280786
598809	280790
598807	280794
598803	280813
598801	280820
598798	280823
598796	280824
598794	280824
598793	280824
598791	280821
598787	280809
598785	280804
598778	280793
598772	280785
598767	280782
598757	280776
598745	280771
598739	280769
598733	280768
598726	280767
598726	280767
598728	280762
598728	280759
598727	280755
598725	280752
598723	280749
598721	280747
598718	280745
598715	280745
598713	280745
598712	280746
598703	280758
598702	280760
598694	280764
598690	280766
598688	280766
598684	280764
598671	280747
598670	280746
598666	280745
598663	280745
598660	280746
598645	280755
598642	280756
598639	280756
598636	280755
598634	280754
598627	280745
598624	280744
598622	280744
598619	280745
598617	280746
598611	280755
598606	280763
598604	280765
598602	280767
598599	280767
598596	280767
598593	280765
598580	280756
598572	280751
598568	280749
598562	280749
598559	280749
598543	280755
598528	280763
598514	280769
598512	280770
598510	280769
598508	280768
598506	280767
598505	280763
598505	280763
598504	280760
598502	280759
598499	280756
598496	280753
598494	280752
598492	280752
598489	280752
598487	280754
598480	280760
598479	280761
598475	280762
598469	280762
598466	280761
598463	280759
598461	280756
598451	280734
598450	280732
598447	280730
598444	280729
598442	280730
598440	280731
598435	280739
598426	280746
598423	280748
598418	280749
598408	280748
598405	280749
598396	280753
598392	280753
598390	280751
598386	280742
598379	280731
598377	280728
598372	280723
598366	280719
598363	280717
598360	280717
598356	280718
598352	280720
598346	280725
598343	280729
598340	280737
598339	280739
598337	280740
598335	280741
598333	280741
598329	280739
598324	280736
598320	280733
598313	280722
598310	280719
598306	280715
598300	280712
598288	280707
598269	280702
598262	280699
598257	280697
598253	280694
598250	280690
598230	280663
598226	280659
598218	280653
598213	280649
598200	280644
598191	280639
598189	280637
598187	280635
598186	280632
598186	280628
598187	280625
598188	280622
598189	280621
598198	280616
598206	280608
598209	280603
598209	280601
598208	280598
598206	280595
598202	280591
598198	280589
598195	280588
598191	280587
598187	280588
598182	280589
598178	280590
598168	280596
598163	280598
598159	280599
598151	280599
598146	280597
598145	280596
598143	280593
598140	280582
598135	280572
598131	280568
598129	280568
598127	280568
598123	280570
598115	280579
598104	280589
598097	280593
598091	280594
598083	280594
598076	280592
598069	280589
598062	280582
598060	280579
598058	280573
598057	280561
598053	280546
598052	280542
598046	280529
598044	280526
598040	280522
598035	280520
598033	280519
598020	280517
598011	280514
598007	280510
598003	280504
597998	280488
597987	280462
597978	280445
597975	280442
597973	280441
597971	280440
597968	280441
597965	280442
597954	280450
597952	280451
597948	280453
597942	280453
597935	280453
597929	280453
597925	280452
597921	280450
597904	280439
597897	280436
597892	280435
597874	280433
597870	280432
597864	280430
597846	280421
597830	280413
597825	280410
597796	280389
597788	280385
597785	280385
597782	280385
597778	280387
597764	280394
597744	280403
597731	280404
597727	280405
597724	280406
597720	280409
597717	280412
597686	280449
597682	280455
597675	280466
597674	280469
597669	280473
597664	280476
597661	280478
597656	280479
597650	280479
597644	280479
597639	280477
597635	280475
597632	280471
597626	280460
597623	280456
597620	280454
597614	280450
597610	280450
597606	280450
597603	280452
597598	280460
597595	280463
597594	280463
597589	280462
597587	280461
597584	280458
597582	280455
597581	280451
597581	280447
597581	280447
597575	280445
597570	280444
597566	280444
597562	280445
597558	280447
597546	280457
597543	280458
597535	280460
597504	280465
597496	280469
597491	280473
597482	280485
597467	280499
597456	280507
597441	280515
597437	280518
597433	280523
597430	280529
597428	280534
597425	280544
597423	280556
597422	280559
597417	280565
597414	280568
597409	280571
597406	280572
597403	280572
597398	280570
597391	280564
597381	280557
597377	280557
597375	280557
597373	280558
597370	280561
597363	280573
597361	280575
597355	280579
597335	280587
597325	280592
597313	280600
597302	280609
597284	280624
597276	280633
597273	280635
597270	280637
597265	280639
597248	280642
597229	280648
597226	280649
597222	280648
597219	280647
597217	280644
597213	280635
597211	280632
597208	280628
597202	280624
597194	280619
597187	280615
597181	280614
597176	280614
597172	280615
597168	280616
597160	280621
597159	280623
597153	280632
597151	280635
597149	280636
597146	280638
597143	280638
597126	280636
597121	280637
597108	280639
597100	280639
597092	280637
597087	280634
597080	280630
597074	280622
597070	280620
597067	280619
597064	280619
597061	280620
597052	280626
597047	280630
597039	280641
597036	280643
597033	280645
597026	280647
596999	280650
596993	280652
596991	280653
596987	280658
596982	280666
596974	280686
596970	280694
596967	280699
596964	280701
596960	280704
596956	280706
596945	280709
596931	280710
596927	280712
596926	280714
596925	280717
596924	280721
596925	280725
596926	280729
596928	280734
596930	280736
596942	280747
596947	280753
596950	280757
596951	280760
596952	280763
596952	280770
596948	280784
596944	280794
596940	280801
596924	280828
596913	280846
596908	280855
596901	280864
596896	280868
596887	280875
596878	280881
596855	280894
596833	280903
596824	280905
596809	280906
596779	280906
596767	280908
596761	280909
596737	280916
596730	280917
596715	280919
596701	280919
596677	280918
596649	280916
596624	280912
596571	280902
596565	280902
596553	280903
596536	280907
596532	280909
596512	280920
596506	280923
596499	280925
596492	280926
596461	280929
596452	280929
596416	280930
596330	280930
596309	280931
596301	280932
596292	280934
596283	280936
596253	280948
596203	280966
596163	280981
596147	280984
596136	280984
596127	280984
596121	280983
596115	280982
596101	280977
596079	280967
596057	280955
596030	280937
595993	280911
595901	280849
595873	280833
595836	280813
595802	280795
595779	280784
595765	280777
595740	280769
595720	280763
595713	280762
595704	280761
595671	280760
595650	280754
595640	280753
595634	280754
595629	280755
595615	280764
595611	280766
595606	280767
595597	280768
595588	280768
595579	280767
595574	280766
595572	280752
595549	280754
595518	280768
595474	280783
595454	280790
595439	280795
595416	280800
595380	280804
595299	280809
595285	280808
595279	280806
595264	280798
595257	280795
595246	280793
595198	280788
595191	280788
595176	280789
595116	280800
595094	280805
595087	280807
595072	280814
595063	280820
595050	280829
595000	280854
595000	280854
595000	280854
594939	280885
594934	280925
594895	280952
594893	280954
594889	280960
594887	280966
594887	280972
594890	280980
594889	280983
594883	280991
594882	280991
594861	280995
594856	280998
594854	281000
594852	281003
594851	281006
594851	281012
594841	281044
594827	281062
594819	281068
594812	281074
594777	281088
594740	281098
594713	281103
594700	281103
594693	281104
594682	281108
594675	281112
594640	281149
594626	281180
594558	281229
594536	281245
594474	281300
594472	281304
594471	281308
594477	281335
594483	281345
594486	281349
594488	281352
594489	281355
594489	281358
594489	281361
594488	281363
594485	281367
594481	281377
594480	281389
594480	281396
594481	281405
594482	281409
594485	281414
594486	281418
594486	281426
594484	281434
594482	281444
594482	281444
594474	281473
594474	281473
594469	281498
594469	281498
594471	281546
594477	281624
594456	281645
594429	281707
594421	281714
594416	281718
594406	281721
594377	281738
594372	281742
594367	281749
594358	281770
594275	281783
594272	281783
594260	281782
594255	281781
594245	281777
594228	281763
594224	281759
594220	281756
594217	281755
594214	281754
594210	281754
594206	281755
594163	281769
594126	281766
594085	281769
594051	281766
594016	281772
593973	281766
593937	281766
593909	281772
593877	281789
593821	281791
593737	281816
593651	281827
593533	281848
593503	281850
593435	281867
593365	281881
593188	281866
593117	281839
593073	281826
592995	281781
592936	281724
592933	281719
592930	281714
592929	281712
592926	281692
592924	281689
592921	281685
592918	281682
592911	281679
592886	281675
592843	281651
592821	281620
592766	281569
592743	281557
592694	281503
592667	281493
592628	281462
592623	281433
592605	281378
592602	281339
592600	281333
592598	281329
592595	281325
592554	281292
592544	281266
592526	281241
592505	281208
592498	281200
592493	281195
592487	281191
592479	281186
592470	281181
592462	281178
592447	281174
592377	281169
592337	281149
592281	281148
592273	281147
592267	281145
592262	281142
592258	281138
592255	281134
592252	281130
592227	281081
592186	281048
592173	281044
592147	281057
592111	281038
592090	281038
592076	281042
592044	281035
592040	281034
592008	281006
591973	281043
591960	281048
591951	281050
591950	281050
591925	281039
591914	281047
591907	281050
591860	281029
591811	281047
591766	281060
591757	281061
591750	281060
591745	281059
591740	281057
591734	281052
591729	281047
591710	281014
591706	281010
591702	281008
591698	281007
591651	281003
591627	280995
591621	280991
591608	280956
591601	280938
591597	280889
591562	280829
591538	280776
591514	280737
591493	280708
591476	280692
591433	280686
591348	280614
591250	280583
591234	280574
591186	280541
591151	280537
591080	280544
591019	280539
590967	280525
590928	280528
590880	280498
590820	280519
590790	280542
590678	280550
590627	280588
590600	280604
590558	280619
590482	280633
590468	280638
590457	280644
590450	280648
590444	280654
590410	280687
590359	280700
590273	280683
590245	280658
590146	280579
590084	280535
590055	280507
590028	280467
590008	280447
590000	280440
590000	280440
590000	280440
589941	280387
589889	280359
589870	280332
589855	280313
589833	280297
589815	280275
589794	280262
589767	280236
589762	280233
589760	280233
589744	280235
589740	280234
589733	280232
589726	280228
589725	280226
589724	280196
589694	280171
589685	280145
589663	280142
589601	280113
589564	280124
589539	280114
589509	280128
589481	280139
589469	280149
589418	280151
589396	280163
589331	280176
589269	280198
589248	280215
589209	280207
589158	280174
589101	280152
589088	280151
589026	280160
588994	280162
588978	280166
588971	280169
588965	280170
588961	280170
588957	280169
588950	280166
588927	280148
588911	280130
588901	280122
588863	280102
588836	280094
588836	280094
588830	280095
588776	280131
588775	280165
588773	280174
588771	280178
588769	280181
588751	280201
588696	280287
588691	280319
588663	280373
588656	280392
588608	280473
588536	280496
588470	280489
588466	280489
588461	280490
588456	280493
588453	280495
588428	280519
588422	280523
588415	280527
588407	280530
588401	280532
588396	280533
588385	280533
588311	280523
588234	280470
588209	280444
588099	280365
588093	280359
588087	280352
588083	280344
588080	280338
588079	280333
588078	280327
588078	280319
588084	280294
588085	280290
588085	280283
588084	280276
588082	280270
588080	280264
588074	280253
588050	280225
587980	280122
587974	280116
587968	280110
587960	280105
587953	280101
587947	280099
587942	280097
587929	280096
587881	280084
587869	280080
587862	280076
587854	280069
587847	280062
587840	280050
587837	280044
587835	280040
587832	280037
587827	280032
587819	280029
587801	280021
587779	280000
587779	280000
587742	279963
587738	279960
587731	279956
587727	279954
587719	279953
587684	279941
587581	279855
587567	279846
587558	279837
587544	279816
587544	279816
587540	279804
587533	279785
587518	279761
587504	279747
587497	279743
587488	279742
587471	279746
587459	279744
587451	279739
587437	279728
587423	279720
587403	279709
587378	279698
587361	279685
587347	279668
587342	279650
587334	279640
587321	279636
587291	279626
587277	279618
587268	279606
587264	279584
587261	279570
587258	279558
587250	279546
587238	279538
587222	279528
587201	279518
587177	279514
587149	279512
587129	279518
587105	279532
587083	279550
587063	279566
587035	279590
587017	279608
587008	279623
587007	279638
587008	279663
587007	279689
587008	279711
587007	279733
587006	279751
587006	279751
586998	279773
586992	279785
586984	279794
586978	279799
586928	279831
586918	279838
586912	279844
586907	279849
586899	279862
586895	279871
586880	279934
586879	279973
586878	279978
586875	279985
586872	279989
586867	280000
586867	280000
586844	280035
586835	280066
586828	280078
586821	280090
586788	280135
586762	280148
586699	280181
586670	280208
586626	280211
586623	280212
586621	280214
586619	280217
586612	280248
586592	280284
586590	280287
586588	280295
586588	280300
586590	280307
586591	280313
586593	280318
586599	280328
586604	280335
586613	280343
586620	280349
586629	280356
586633	280361
586634	280363
586634	280373
586634	280376
586636	280383
586641	280394
586639	280441
586613	280489
586609	280496
586606	280506
586603	280517
586601	280529
586600	280540
586601	280551
586602	280559
586604	280570
586607	280581
586610	280591
586618	280609
586629	280642
586646	280674
586658	280720
586658	280720
586678	280751
586690	280760
586694	280763
586703	280766
586708	280770
586712	280774
586715	280779
586717	280782
586748	280883
586750	280887
586755	280896
586758	280900
586764	280905
586802	280953
586807	280966
586820	281004
586828	281020
586832	281027
586839	281036
586851	281051
586872	281066
586873	281089
586876	281096
586879	281100
586883	281103
586886	281104
586889	281105
586895	281106
586907	281105
586924	281100
586932	281120
586941	281137
586943	281142
586945	281145
586947	281148
586951	281150
586955	281152
586959	281153
586964	281153
586968	281152
586970	281150
586980	281138
586999	281165
586997	281186
586999	281201
587008	281220
587005	281246
587002	281249
587001	281251
587001	281254
587002	281256
587003	281259
587005	281261
587009	281262
587017	281269
587025	281280
587025	281294
587026	281312
587025	281318
587025	281324
587027	281330
587029	281337
587033	281342
587058	281376
587058	281388
587055	281398
587079	281441
587092	281434
587110	281424
587116	281422
587119	281422
587126	281423
587132	281427
587134	281430
587136	281433
587137	281438
587138	281474
587156	281490
587158	281508
587162	281522
587167	281551
587163	281566
587176	281583
587193	281603
587219	281621
587247	281661
587254	281665
587259	281668
587266	281670
587272	281671
587278	281671
587289	281668
587315	281657
587350	281664
587356	281697
587390	281686
587393	281688
587415	281704
587426	281716
587437	281729
587461	281768
587470	281789
587430	281852
587458	281866
587442	281959
587446	282018
587442	282061
587442	282064
587444	282068
587445	282071
587448	282074
587452	282077
587467	282093
587471	282100
587478	282116
587483	282133
587484	282137
587487	282180
587494	282235
587507	282286
587499	282312
587499	282312
587515	282316
587532	282317
587546	282316
587571	282312
587576	282314
587578	282317
587580	282326
587583	282355
587582	282367
587581	282372
587557	282399
587526	282436
587487	282482
587463	282512
587455	282522
587449	282563
587402	282566
587371	282569
587338	282572
587313	282574
587297	282583
587274	282596
587250	282612
587236	282627
587232	282633
587227	282635
587193	282643
587187	282646
587182	282653
587175	282662
587159	282676
587119	282701
587114	282704
587112	282709
587108	282720
587099	282718
587088	282715
587080	282707
587080	282707
587065	282733
587044	282796
587035	282798
587023	282803
587009	282812
586993	282824
586952	282878
586901	282961
586900	282968
586901	282971
586920	283028
586920	283035
586919	283039
586917	283045
586857	283075
586857	283075
586610	283213
586554	283233
586538	283236
586513	283238
586506	283238
586497	283237
586487	283236
586480	283233
586471	283230
586458	283221
586385	283191
586330	283178
586269	283172
586220	283172
586110	283209
586058	283226
585992	283267
585900	283313
585887	283317
585881	283318
585867	283319
585806	283313
585659	283313
585648	283315
585634	283319
585625	283323
585615	283328
585605	283334
585592	283344
585581	283354
585517	283433
585513	283437
585506	283442
585499	283446
585491	283449
585486	283451
585474	283453
585468	283453
585462	283452
585452	283450
585330	283438
585317	283436
585308	283436
585300	283437
585292	283438
585282	283442
585274	283446
585267	283450
585262	283454
585213	283503
585142	283567
585132	283579
585127	283585
585123	283593
585121	283597
585116	283619
585102	283691
585099	283758
585089	283812
585073	283844
585044	283899
585000	283972
585000	283972
585000	283972
584981	284008
584974	284024
584971	284034
584965	284058
584952	284133
584950	284146
584949	284163
584950	284170
584951	284178
584963	284218
584967	284227
584972	284238
584977	284248
584981	284253
584989	284263
585000	284269
585000	284269
585000	284269
585099	284369
585123	284399
585174	284475
585202	284526
585229	284590
585246	284644
585247	284649
585248	284657
585248	284663
585247	284670
585245	284680
585240	284693
585228	284743
585227	284751
585227	284762
585228	284770
585229	284779
585232	284789
585235	284797
585239	284804
585243	284811
585249	284817
585255	284823
585261	284827
585299	284863
585323	284918
585341	285000
585341	285000
585360	285101
585373	285209
585407	285334
585436	285404
585441	285428
585444	285443
585446	285465
585442	285567
585445	285633
585422	285718
585406	285760
585387	285793
585360	285860
585355	285877
585353	285895
585353	285911
585355	285929
585357	285937
585374	285991
585376	286005
585376	286017
585375	286025
585372	286036
585354	286083
585352	286094
585351	286101
585351	286117
585356	286145
585363	286180
585383	286239
585385	286253
585385	286263
585383	286277
585368	286340
585366	286375
585351	286429
585348	286438
585345	286444
585338	286456
585331	286466
585326	286471
585280	286517
585275	286522
585270	286529
585266	286539
585255	286572
585251	286586
585248	286594
585243	286603
585237	286609
585233	286614
585214	286629
585196	286641
585153	286665
585148	286668
585142	286674
585136	286680
585131	286686
585127	286692
585123	286701
585119	286709
585117	286717
585112	286736
585106	286786
585105	286791
585099	286810
585096	286818
585093	286824
585089	286829
585080	286840
585041	286875
585000	286933
585000	286933
585000	286933
584969	286955
584936	286980
584900	287006
584883	287016
584882	287017
584861	286987
584861	286987
584853	286994
584844	287001
584831	287007
584820	287009
584813	287010
584805	287009
584781	287005
584722	286999
584720	286995
584719	286981
584718	286978
584716	286973
584713	286969
584709	286965
584705	286961
584693	286952
584687	286949
584681	286947
584675	286946
584668	286945
584662	286946
584656	286947
584651	286948
584647	286950
584644	286952
584642	286955
584641	286957
584640	286960
584638	286977
584637	286982
584635	286985
584633	286987
584631	286987
584628	286988
584624	286987
584614	286982
584610	286981
584607	286981
584604	286982
584600	286984
584597	286987
584595	286989
584593	286995
584593	287007
584592	287012
584589	287016
584587	287018
584583	287019
584579	287020
584574	287020
584553	287017
584530	287019
584518	287021
584502	287024
584489	287028
584479	287032
584471	287036
584465	287041
584445	287059
584424	287075
584408	287084
584399	287089
584370	287103
584337	287115
584292	287132
584269	287143
584256	287150
584230	287169
584213	287179
584181	287195
584170	287200
584161	287204
584146	287209
584117	287215
584094	287222
584083	287225
584077	287228
584066	287235
584051	287246
584035	287261
584019	287279
584007	287290
583996	287293
583988	287295
583979	287295
583970	287295
583962	287293
583951	287290
583944	287287
583944	287287
583930	287287
583916	287285
583897	287281
583890	287279
583885	287278
583880	287275
583871	287268
583831	287230
583814	287216
583805	287210
583798	287206
583786	287201
583755	287190
583743	287185
583710	287163
583700	287156
583695	287154
583679	287147
583648	287137
583631	287134
583626	287133
583603	287133
583573	287130
583547	287132
583509	287138
583497	287139
583484	287139
583468	287138
583394	287131
583366	287131
583361	287130
583344	287127
583326	287121
583304	287111
583297	287108
583269	287101
583263	287099
583244	287090
583239	287088
583233	287087
583220	287085
583195	287085
583172	287086
583153	287090
583098	287106
583085	287111
583049	287125
583033	287132
583006	287149
582998	287153
582991	287155
582967	287159
582878	287181
582805	287196
582789	287198
582762	287199
582746	287202
582717	287212
582680	287224
582663	287230
582636	287243
582601	287262
582587	287269
582573	287273
582506	287287
582498	287289
582473	287297
582462	287302
582427	287323
582396	287338
582387	287344
582383	287348
582367	287364
582364	287367
582355	287372
582334	287381
582329	287384
582313	287397
582307	287400
582301	287403
582291	287406
582251	287414
582227	287417
582190	287420
582156	287426
582124	287435
582115	287438
582109	287441
582103	287445
582098	287449
582094	287454
582084	287466
582068	287487
582061	287498
582031	287542
582013	287568
581997	287588
581977	287612
581960	287627
581951	287635
581944	287640
581920	287654
581911	287660
581903	287668
581865	287710
581860	287720
581847	287747
581840	287761
581837	287766
581830	287775
581822	287783
581802	287798
581775	287822
581753	287846
581746	287851
581700	287888
581683	287905
581678	287911
581665	287929
581661	287937
581658	287944
581657	287951
581653	287975
581647	288007
581647	288028
581647	288033
581645	288038
581642	288044
581639	288050
581629	288061
581624	288065
581601	288082
581555	288118
581511	288146
581498	288155
581443	288197
581429	288208
581417	288219
581399	288232
581374	288249
581351	288261
581351	288261
581339	288266
581333	288268
581326	288270
581322	288270
581307	288270
581299	288271
581296	288272
581291	288275
581281	288285
581278	288287
581274	288289
581269	288290
581263	288291
581236	288291
581224	288291
581214	288289
581209	288288
581177	288279
581165	288277
581134	288273
581125	288271
581108	288267
581086	288260
581068	288254
581060	288251
581054	288247
581048	288242
581044	288237
581032	288220
581011	288194
581005	288188
580988	288177
580982	288171
580976	288163
580956	288129
580942	288109
580929	288093
580919	288084
580905	288076
580901	288074
580898	288071
580888	288059
580870	288031
580859	288018
580856	288014
580849	288008
580843	288003
580825	287991
580815	287986
580803	287980
580769	287966
580766	287964
580760	287960
580752	287954
580737	287939
580730	287931
580724	287922
580720	287914
580716	287897
580709	287870
580704	287863
580697	287854
580689	287847
580682	287842
580664	287833
580644	287824
580631	287816
580605	287798
580599	287793
580596	287788
580593	287782
580590	287776
580589	287767
580587	287759
580587	287741
580586	287736
580581	287715
580580	287711
580580	287708
580581	287705
580585	287695
580585	287693
580584	287689
580582	287686
580578	287684
580569	287679
580562	287678
580545	287678
580501	287675
580495	287676
580490	287677
580487	287678
580483	287682
580476	287690
580474	287692
580472	287693
580466	287693
580463	287691
580460	287689
580451	287680
580446	287676
580432	287670
580411	287663
580401	287661
580392	287660
580385	287660
580332	287664
580319	287664
580311	287664
580298	287662
580279	287655
580261	287648
580250	287642
580245	287637
580234	287625
580208	287592
580197	287576
580184	287555
580178	287542
580164	287512
580155	287497
580148	287490
580145	287487
580138	287484
580122	287479
580098	287470
580079	287462
580064	287457
580058	287454
580055	287453
580054	287450
580053	287446
580053	287443
580055	287440
580056	287438
580059	287436
580080	287423
580098	287414
580104	287410
580108	287406
580113	287400
580116	287394
580117	287389
580117	287386
580116	287376
580111	287355
580105	287341
580102	287334
580093	287319
580068	287287
580042	287260
580000	287209
580000	287209
580000	287209
579974	287177
579956	287222
579953	287227
579950	287233
579948	287235
579944	287239
579936	287246
579925	287252
579919	287255
579915	287256
579911	287256
579907	287256
579904	287255
579895	287248
579891	287247
579885	287245
579878	287245
579873	287245
579869	287247
579859	287253
579856	287253
579854	287253
579852	287251
579850	287250
579849	287247
579850	287243
579855	287230
579856	287225
579857	287207
579856	287200
579855	287189
579850	287158
579847	287148
579844	287141
579842	287136
579838	287132
579835	287128
579831	287126
579826	287123
579818	287120
579810	287118
579800	287118
579779	287120
579767	287120
579725	287115
579715	287112
579705	287109
579697	287104
579691	287100
579685	287090
579672	287066
579669	287060
579668	287053
579667	287044
579667	287032
579668	287006
579667	286991
579665	286980
579665	286980
579662	286974
579660	286970
579655	286964
579649	286959
579645	286957
579630	286950
579619	286947
579609	286945
579600	286945
579579	286948
579545	286951
579508	286956
579488	286957
579477	286957
579469	286956
579461	286954
579441	286948
579431	286946
579424	286945
579405	286946
579398	286947
579387	286950
579371	286954
579363	286957
579336	286968
579326	286971
579312	286974
579287	286977
579269	286979
579239	286980
579229	286979
579222	286977
579214	286974
579207	286971
579195	286962
579188	286955
579177	286939
579174	286935
579163	286927
579143	286912
579121	286892
579117	286890
579110	286885
579103	286881
579059	286860
579049	286857
579038	286856
579015	286856
578988	286859
578959	286860
578945	286860
578929	286859
578916	286857
578906	286855
578889	286850
578877	286845
578861	286834
578857	286832
578846	286827
578815	286816
578799	286812
578791	286811
578781	286811
578771	286811
578764	286811
578740	286816
578732	286819
578721	286823
578712	286827
578706	286831
578697	286836
578682	286847
578642	286886
578626	286899
578626	286899
578619	286907
578592	286919
578567	286920
578542	286918
578504	286912
578481	286907
578457	286904
578454	286918
578452	286961
578452	286976
578462	286992
578467	286998
578474	287003
578482	287005
578489	287008
578499	287015
578504	287017
578510	287018
578517	287017
578534	287015
578538	287016
578543	287020
578550	287027
578560	287038
578565	287042
578567	287045
578568	287047
578567	287051
578564	287055
578563	287059
578560	287071
578558	287080
578558	287098
578557	287106
578557	287116
578556	287129
578548	287148
578544	287153
578541	287159
578538	287165
578535	287170
578528	287178
578514	287190
578506	287199
578501	287201
578492	287205
578473	287215
578449	287220
578449	287220
578396	287216
578355	287210
578293	287203
578293	287203
578289	287237
578289	287249
578289	287252
578286	287258
578282	287264
578277	287270
578270	287275
578263	287278
578257	287280
578251	287281
578246	287282
578239	287282
578227	287280
578210	287275
578203	287273
578197	287271
578188	287271
578180	287272
578163	287277
578155	287279
578151	287280
578149	287280
578146	287279
578143	287277
578141	287273
578138	287269
578137	287264
578136	287259
578136	287254
578139	287243
578143	287233
578144	287230
578144	287228
578143	287225
578140	287221
578130	287209
578118	287192
578111	287182
578106	287172
578103	287164
578100	287154
578098	287145
578096	287124
578088	287087
578104	287071
578122	287057
578151	287038
578165	287031
578169	287029
578192	287023
578196	287021
578208	287014
578225	287000
578238	286992
578247	286986
578263	286978
578267	286972
578267	286968
578266	286966
578259	286958
578257	286954
578257	286951
578257	286948
578261	286937
578262	286934
578261	286931
578260	286928
578257	286926
578253	286924
578239	286923
578234	286922
578224	286915
578206	286898
578200	286891
578193	286883
578187	286874
578156	286823
578154	286820
578115	286769
578099	286750
578089	286740
578086	286737
578076	286732
578061	286724
578041	286715
578028	286711
578015	286707
577921	286690
577912	286687
577908	286685
577905	286683
577892	286672
577889	286670
577850	286655
577845	286653
577842	286653
577836	286653
577831	286656
577816	286665
577785	286681
577710	286722
577702	286725
577686	286731
577673	286734
577655	286737
577607	286739
577578	286742
577565	286745
577550	286750
577475	286779
577462	286786
577449	286796
577427	286820
577401	286854
577396	286862
577388	286873
577365	286913
577351	286936
577350	286938
577350	286941
577351	286944
577353	286945
577355	286946
577366	286946
577368	286947
577370	286949
577371	286950
577376	286961
577378	286966
577383	286972
577387	286977
577390	286979
577393	286980
577395	286979
577403	286977
577405	286977
577407	286977
577408	286979
577409	286981
577411	286992
577412	286996
577418	287008
577421	287017
577424	287043
577424	287047
577423	287051
577421	287055
577419	287058
577414	287061
577411	287063
577407	287063
577345	287059
577334	287058
577211	287061
577171	287059
577139	287055
577115	287054
577105	287055
577092	287056
577068	287061
577049	287064
577038	287063
577023	287059
577017	287059
577013	287059
577007	287061
576981	287075
576971	287079
576966	287080
576957	287079
576947	287078
576921	287073
576907	287069
576898	287068
576892	287070
576889	287073
576880	287082
576871	287089
576864	287094
576854	287099
576844	287103
576826	287107
576812	287108
576805	287108
576797	287107
576785	287103
576758	287095
576745	287094
576743	287095
576738	287100
576728	287113
576706	287134
576686	287154
576672	287166
576667	287170
576657	287176
576649	287181
576632	287188
576621	287192
576611	287194
576592	287198
576581	287199
576518	287201
576500	287203
576484	287203
576482	287203
576469	287199
576446	287188
576424	287175
576399	287157
576386	287151
576355	287139
576322	287126
576307	287123
576289	287122
576278	287123
576267	287125
576255	287128
576239	287135
576208	287154
576204	287156
576198	287159
576192	287160
576186	287159
576177	287157
576164	287152
576157	287148
576141	287136
576137	287134
576125	287129
576092	287121
576035	287110
576009	287104
576003	287103
575988	287103
575981	287101
575976	287100
575968	287096
575951	287086
575927	287067
575903	287050
575886	287041
575881	287036
575876	287030
575876	287028
575876	287025
575882	287014
575885	287001
575886	286993
575885	286990
575884	286985
575881	286980
575878	286976
575870	286966
575861	286959
575842	286948
575832	286943
575817	286937
575805	286933
575783	286927
575751	286912
575738	286934
575719	286924
575705	286918
575672	286907
575658	286900
575648	286897
575639	286896
575627	286896
575601	286898
575584	286901
575584	286901
575532	286918
575516	286921
575497	286924
575471	286925
575465	286926
575442	286931
575434	286932
575416	286931
575411	286931
575407	286932
575403	286933
575385	286943
575380	286945
575371	286947
575309	286957
575288	286962
575273	286964
575263	286964
575249	286961
575230	286955
575196	286945
575125	286922
575095	286915
575054	286905
575000	286896
575000	286896
574940	286887
574920	286886
574910	286886
574900	286887
574888	286889
574875	286893
574862	286897
574848	286903
574782	286940
574726	286980
574690	287005
574609	287039
574590	287044
574584	287045
574568	287047
574555	287047
574487	287043
574444	287023
574391	287047
574378	287048
574372	287047
574353	287042
574345	287041
574337	287041
574329	287041
574317	287044
574279	287056
574263	287033
574186	287095
574114	287159
574067	287225
574051	287242
574034	287257
574021	287267
574009	287275
573993	287284
573982	287289
573970	287292
573959	287295
573947	287296
573933	287296
573929	287296
573850	287283
573798	287280
573720	287296
573698	287297
573687	287297
573680	287296
573658	287293
573643	287289
573579	287260
573505	287218
573454	287195
573405	287162
573370	287148
573358	287141
573343	287131
573333	287122
573326	287114
573323	287110
573320	287103
573318	287096
573316	287087
573306	287052
573304	287038
573309	287010
573309	286999
573308	286992
573307	286985
573305	286977
573284	286922
573267	286882
573259	286868
573249	286856
573244	286850
573235	286842
573228	286837
573211	286827
573196	286821
573127	286802
573078	286797
573038	286795
573031	286794
573021	286791
573004	286781
573004	286781
572994	286777
572989	286774
572981	286769
572975	286764
572971	286760
572966	286753
572961	286746
572898	286649
572891	286640
572886	286636
572881	286633
572876	286630
572869	286627
572855	286624
572840	286621
572827	286620
572817	286619
572801	286620
572728	286630
572707	286635
572696	286638
572686	286641
572665	286649
572529	286716
572431	286725
572336	286740
572288	286750
572278	286751
572270	286753
572263	286755
572257	286758
572249	286763
572243	286769
572235	286779
572207	286827
572161	286921
572155	286929
572143	286942
572134	286949
572119	286958
572106	286964
572095	286967
572085	286969
572076	286970
572056	286971
572045	286969
572036	286968
572028	286966
572013	286961
571998	286956
571977	286947
571958	286937
571949	286932
571931	286919
571921	286910
571908	286897
571899	286887
571883	286864
571873	286848
571862	286822
571859	286814
571853	286794
571844	286721
571842	286662
571842	286644
571842	286630
571840	286617
571837	286599
571834	286586
571831	286577
571825	286560
571821	286552
571815	286543
571807	286531
571794	286515
571702	286419
571649	286373
571641	286367
571631	286360
571622	286356
571613	286353
571601	286350
571591	286349
571585	286348
571573	286350
571563	286353
571552	286359
571544	286365
571456	286428
571419	286459
571409	286466
571396	286474
571382	286481
571367	286486
571352	286491
571318	286495
571247	286518
571164	286570
571156	286575
571143	286581
571134	286585
571125	286588
571112	286591
571099	286594
571089	286595
571081	286595
571071	286593
571063	286592
571055	286589
571048	286586
571040	286582
571031	286576
570990	286523
570956	286470
570932	286452
570909	286445
570878	286449
570807	286462
570721	286490
570659	286524
570595	286555
570558	286572
570543	286576
570529	286578
570515	286580
570502	286580
570491	286580
570469	286578
570374	286547
570245	286512
570227	286508
570152	286508
570105	286515
570071	286521
570064	286524
570059	286525
570054	286525
570048	286525
570041	286523
570011	286510
570000	286505
570000	286505
569983	286485
569925	286384
569898	286335
569890	286322
569882	286309
569866	286290
569862	286285
569747	286194
569741	286191
569735	286187
569728	286185
569716	286182
569709	286182
569699	286182
569690	286183
569674	286188
569661	286193
569601	286226
569601	286226
569566	286245
569555	286249
569547	286251
569540	286252
569533	286252
569526	286252
569519	286251
569507	286247
569377	286227
569294	286225
569219	286230
569106	286223
569010	286211
568994	286207
568983	286203
568976	286200
568967	286196
568950	286186
568904	286161
568850	286137
568799	286130
568781	286129
568770	286127
568756	286125
568731	286119
568720	286115
568709	286111
568702	286108
568695	286103
568685	286096
568671	286085
568596	286005
568568	285977
568553	285966
568547	285963
568533	285957
568519	285953
568507	285952
568498	285954
568492	285955
568482	285960
568472	285966
568468	285970
568464	285974
568459	285980
568385	286055
568379	286063
568373	286069
568366	286073
568359	286075
568354	286076
568350	286076
568344	286075
568335	286074
568327	286071
568319	286068
568306	286060
568224	286000
568217	285995
568201	285987
568186	285982
568172	285978
568163	285977
568153	285976
568143	285977
568133	285978
568115	285982
568067	285990
568010	285999
567992	286000
567982	286001
567959	286000
567945	285999
567934	285996
567918	285990
567905	285982
567780	285895
567751	285939
567749	285946
567748	285968
567608	286004
567453	286042
567237	286097
567154	285908
567101	285843
567084	285837
566848	285967
566841	285956
566821	285969
566795	285988
566758	286023
566748	286036
566732	286058
566726	286067
566717	286085
566697	286135
566623	286137
566593	286123
566590	286121
566588	286117
566572	286032
566568	285980
566566	285915
566542	285938
566529	285947
566510	285959
566504	285961
566430	285990
566385	286013
566296	286077
566288	286069
566273	286006
566269	285957
566268	285946
566265	285934
566263	285927
566258	285914
566249	285898
566244	285890
566236	285881
566229	285872
566225	285868
566176	285835
566169	285833
566124	285817
566100	285810
566076	285804
566044	285800
566028	285797
566021	285794
566015	285791
566007	285787
565997	285780
565990	285775
565977	285763
565920	285694
565875	285630
565874	285627
565872	285619
565873	285612
565874	285604
565876	285600
565894	285583
565907	285567
565913	285558
565918	285548
565931	285520
565940	285494
565942	285484
565940	285456
565917	285396
565886	285325
565874	285316
565841	285304
565770	285289
565723	285282
565715	285280
565699	285275
565693	285272
565686	285268
565635	285233
565569	285170
565514	285123
565507	285116
565500	285110
565495	285107
565485	285104
565480	285103
565470	285102
565426	285094
565389	285069
565356	285048
565346	285000
565341	284975
565335	284954
565330	284944
565323	284930
565317	284918
565306	284903
565277	284875
565250	284844
565244	284838
565239	284830
565236	284823
565236	284823
565216	284841
565169	284840
565162	284853
565139	284892
565126	284908
565099	284962
565094	284974
565095	285000
565091	285033
565060	285121
565000	285278
564975	285342
564936	285425
564898	285502
564887	285512
564887	285512
564858	285497
564826	285507
564801	285496
564762	285488
564737	285491
564701	285497
564631	285499
564588	285512
564567	285515
564557	285523
564537	285538
564508	285558
564505	285579
564501	285606
564491	285629
564493	285663
564480	285666
564452	285670
564432	285671
564412	285668
564394	285672
564383	285677
564351	285686
564320	285696
564298	285688
564261	285664
564243	285663
564243	285663
564188	285684
564188	285684
564173	285689
564152	285697
564140	285710
564128	285738
564125	285774
564114	285797
564094	285830
564077	285862
564056	285901
564024	285935
563981	285979
563947	286013
563919	286027
563919	286027
563885	286030
563837	286033
563810	286035
563771	286037
563740	286040
563732	286040
563726	286041
563712	286045
563680	286056
563646	286065
563586	286084
563514	286105
563480	286115
563381	286143
563311	286161
563272	286172
563132	286210
563086	286222
563051	286234
563034	286241
563027	286244
563023	286250
563009	286304
563009	286340
563008	286355
563008	286360
562999	286398
562997	286412
562999	286420
563007	286438
563020	286464
563023	286478
563027	286499
563030	286511
563030	286524
563026	286554
563025	286591
563027	286615
563031	286658
563035	286682
563043	286706
563049	286722
563050	286736
563048	286747
563042	286767
563037	286787
563026	286811
563014	286849
563008	286871
563006	286890
563000	286938
562998	286978
562997	287008
562994	287025
562994	287046
562995	287056
563005	287076
563014	287098
563036	287147
563030	287154
563030	287154
563050	287191
563057	287220
563061	287244
563068	287257
563077	287270
563078	287290
563090	287315
563104	287338
563115	287357
563114	287370
563107	287376
563107	287376
563098	287384
563078	287388
563077	287388
563070	287391
563061	287395
563049	287400
563038	287401
563029	287402
563020	287404
563003	287410
562999	287411
562992	287411
562984	287411
562955	287411
562941	287415
562921	287423
562882	287436
562860	287444
562842	287450
562823	287457
562810	287462
562799	287471
562786	287484
562764	287505
562756	287512
562756	287512
562747	287498
562736	287478
562666	287533
562647	287548
562648	287552
562624	287570
562599	287588
562578	287603
562553	287620
562529	287639
562511	287651
562497	287663
562481	287674
562462	287689
562434	287712
562415	287726
562389	287748
562362	287768
562334	287789
562291	287823
562257	287851
562229	287872
562208	287887
562201	287892
562201	287892
562179	287891
562165	287894
562140	287897
562073	287901
562053	287911
562039	287910
562008	287912
561986	287918
561971	287933
561966	287954
561967	287992
561967	288012
561961	288021
561953	288032
561951	288048
561954	288077
561954	288105
561956	288146
561950	288159
561928	288168
561908	288176
561900	288191
561901	288208
561906	288221
561909	288236
561904	288254
561898	288271
561888	288285
561875	288291
561853	288307
561840	288323
561831	288347
561823	288377
561820	288391
561822	288451
561824	288474
561817	288495
561800	288513
561772	288532
561765	288548
561767	288568
561768	288581
561764	288595
561746	288601
561746	288601
561735	288615
561690	288648
561669	288657
561633	288665
561605	288669
561579	288681
561551	288689
561538	288691
561514	288691
561502	288698
561476	288707
561460	288715
561443	288728
561434	288743
561420	288757
561415	288768
561411	288778
561399	288777
561389	288776
561368	288793
561351	288821
561331	288838
561313	288855
561287	288861
561275	288858
561256	288860
561234	288884
561209	288908
561190	288915
561173	288931
561160	288949
561161	288963
561169	288987
561169	288987
561232	289095
561232	289095
561439	289445
561439	289445
561038	289630
561038	289630
560984	289654
560967	289676
560967	289719
560949	289762
560941	289838
560940	289842
560940	289842
560888	290009
560824	290190
560774	290272
560701	290290
560619	290310
560570	290357
560573	290567
560546	290727
560497	290841
560429	290923
560304	290967
560164	290995
560120	291017
560104	291035
560104	291035
560113	291046
560162	291100
560208	291146
560230	291170
560258	291203
560289	291245
560312	291284
560335	291322
560348	291343
560364	291364
560396	291392
560422	291406
560474	291431
560504	291444
560530	291461
560558	291484
560574	291505
560592	291531
560600	291549
560602	291590
560600	291627
560597	291656
560583	291679
560558	291680
560558	291680
560496	291655
560460	291634
560438	291623
560407	291623
560382	291643
560369	291652
560353	291695
560345	291709
560337	291719
560334	291722
560324	291728
560322	291729
560302	291733
560298	291735
560293	291737
560286	291743
560281	291750
560278	291758
560267	291801
560258	291822
560254	291826
560252	291828
560249	291829
560244	291830
560238	291829
560200	291810
560176	291806
560142	291812
560080	291826
560055	291824
560000	291809
559965	291810
559935	291820
559888	291846
559862	291853
559799	291886
559770	291879
559750	291876
559710	291864
559675	291858
559617	291838
559593	291835
559566	291842
559558	291847
559554	291850
559547	291859
559543	291864
559531	291887
559495	291933
559483	291941
559476	291944
559470	291946
559457	291949
559454	291949
559410	291930
559378	291923
559372	291923
559344	291914
559314	291906
559270	291891
559244	291905
559218	291918
559188	291937
559168	291957
559141	291967
559094	291983
559040	292020
558996	292071
558982	292090
558975	292119
558947	292150
558933	292174
558910	292199
558887	292225
558854	292229
558837	292266
558795	292320
558774	292342
558734	292366
558728	292374
558715	292393
558704	292403
558604	292472
558569	292492
558536	292515
558523	292529
558504	292540
558483	292554
558455	292576
558409	292614
558388	292627
558358	292641
558287	292689
558220	292686
558140	292678
558081	292648
558066	292639
558019	292612
557997	292598
557909	292565
557886	292550
557849	292539
557800	292521
557776	292515
557735	292512
557706	292512
557691	292509
557681	292507
557671	292504
557646	292495
557634	292493
557609	292493
557598	292494
557588	292495
557552	292503
557472	292501
557435	292497
557423	292513
557414	292538
557407	292575
557395	292606
557393	292616
557393	292622
557395	292633
557399	292647
557404	292659
557411	292673
557418	292683
557434	292712
557423	292737
557414	292766
557413	292800
557420	292827
557423	292846
557420	292880
557417	292891
557408	292920
557417	292952
557417	292962
557417	292968
557415	292973
557413	292978
557410	292984
557385	293011
557373	293029
557349	293087
557347	293090
557344	293092
557341	293094
557337	293095
557311	293095
557265	293070
557249	293059
557245	293055
557241	293054
557238	293052
557231	293051
557197	293055
557157	293068
557097	293090
557060	293097
557055	293098
557005	293089
556998	293089
556993	293089
556985	293092
556956	293108
556929	293116
556881	293118
556858	293124
556830	293122
556824	293124
556820	293126
556818	293128
556807	293141
556754	293123
556634	293090
556536	293061
556365	293015
556181	292965
556070	292936
555702	292836
555567	292802
555523	292789
555472	292775
555278	292707
555196	292676
555116	292650
555053	292628
555000	292609
554946	292589
554854	292554
554760	292518
554747	292513
554740	292511
554732	292510
554723	292511
554698	292511
554605	292515
554265	292528
554150	292533
554083	292532
554051	292536
553881	292486
553760	292452
553726	292443
553726	292443
553713	292458
553723	292523
553730	292560
553719	292625
553688	292675
553659	292703
553645	292727
553623	292748
553562	292779
553518	292788
553496	292788
553468	292765
553421	292727
553386	292693
553342	292683
553342	292683
553331	292685
553286	292695
553170	292716
553165	292723
553140	292732
553111	292749
553101	292758
553084	292780
553067	292800
553004	292874
552987	292889
552977	292891
552973	292898
552961	292923
552929	292990
552915	293018
552902	293056
552895	293085
552895	293114
552896	293131
552897	293146
552904	293158
552918	293180
552938	293199
552956	293203
552965	293211
552975	293223
552986	293239
552996	293247
553004	293253
553011	293260
553017	293267
553024	293275
553031	293281
553040	293287
553040	293287
553060	293287
553069	293288
553075	293321
553086	293372
553097	293438
553101	293468
553099	293492
553096	293516
553084	293540
553068	293559
553048	293570
553011	293582
552970	293594
552908	293620
552874	293639
552859	293652
552794	293701
552741	293751
552711	293778
552704	293783
552699	293790
552688	293809
552669	293884
552644	293969
552622	294034
552597	294096
552581	294146
552574	294172
552560	294229
552557	294250
552557	294260
552559	294280
552565	294290
552581	294307
552601	294317
552601	294317
552618	294320
552646	294329
552678	294336
552707	294345
552751	294362
552783	294378
552805	294394
552828	294418
552846	294440
552858	294462
552866	294496
552874	294533
552876	294542
552878	294551
552880	294566
552877	294582
552864	294610
552844	294638
552802	294689
552745	294755
552582	294923
552508	294993
552423	295068
552367	295118
552315	295161
552279	295183
552246	295201
552208	295220
552175	295230
552142	295238
552096	295241
552066	295240
552044	295237
552004	295225
551975	295212
551950	295200
551936	295186
551928	295173
551921	295148
551923	295121
551925	295101
551942	295034
551954	294997
551960	294977
551963	294959
551964	294941
551961	294909
551950	294861
551935	294817
551907	294760
551879	294719
551861	294697
551852	294689
551836	294680
551815	294669
551795	294660
551785	294659
551776	294658
551764	294659
551752	294660
551736	294662
551720	294662
551695	294659
551680	294660
551660	294666
551642	294676
551625	294689
551618	294697
551608	294719
551598	294744
551581	294807
551568	294842
551537	294912
551508	294962
551475	295018
551436	295073
551379	295134
551351	295155
551319	295174
551306	295183
551229	295243
551172	295281
551098	295323
551073	295332
551059	295336
551038	295335
551021	295328
550974	295305
550951	295287
550933	295272
550908	295246
550890	295234
550867	295224
550843	295219
550822	295218
550796	295219
550774	295224
550750	295232
550708	295255
550693	295261
550693	295261
550694	295264
550644	295289
550640	295293
550631	295313
550606	295378
550601	295413
550599	295428
550593	295498
550599	295531
550599	295549
550605	295611
550608	295625
550611	295632
550617	295641
550626	295651
550639	295664
550650	295671
550745	295725
550827	295770
550853	295785
550890	295825
550890	295825
550897	295831
550914	295852
550930	295868
550943	295879
550957	295897
550979	295926
550987	295946
550991	295953
550991	295963
550992	295987
550991	296007
550985	296023
550972	296052
550940	296076
550915	296095
550865	296122
550853	296129
550814	296150
550779	296167
550762	296170
550730	296177
550701	296189
550681	296199
550661	296206
550624	296228
550579	296262
550560	296282
550555	296289
550541	296330
550532	296380
550530	296413
550530	296465
550526	296516
550520	296553
550509	296588
550478	296666
550461	296702
550449	296721
550419	296763
550381	296812
550352	296837
550332	296853
550297	296870
550275	296881
550250	296885
550250	296885
550233	296883
550220	296880
550205	296874
550194	296869
550186	296864
550172	296855
550144	296830
550110	296796
550080	296767
550051	296747
550000	296716
549993	296712
549977	296702
549970	296697
549963	296692
549958	296684
549948	296676
549905	296649
549899	296646
549888	296640
549880	296637
549873	296636
549865	296636
549857	296637
549851	296638
549840	296643
549805	296652
549765	296656
549744	296662
549693	296684
549679	296690
549663	296699
549646	296710
549619	296732
549612	296738
549606	296746
549600	296754
549596	296762
549584	296787
549564	296841
549558	296862
549552	296888
549550	296903
549548	296975
549546	297062
549547	297078
549552	297169
549553	297207
549553	297237
549561	297316
549567	297410
549567	297433
549565	297449
549565	297459
549566	297479
549567	297482
549571	297492
549579	297499
549582	297503
549587	297514
549589	297520
549590	297527
549590	297535
549596	297555
549606	297581
549609	297587
549613	297593
549619	297599
549625	297605
549638	297614
549643	297617
549650	297620
549656	297621
549661	297622
549666	297622
549674	297621
549700	297612
549880	297597
549944	297591
549982	297586
550000	297582
550032	297581
550049	297584
550093	297597
550104	297603
550115	297610
550129	297621
550198	297673
550239	297713
550259	297738
550267	297756
550344	297894
550364	297925
550384	297965
550391	297984
550394	297996
550395	298006
550397	298020
550398	298036
550398	298053
550399	298092
550396	298125
550396	298169
550395	298177
550393	298183
550391	298189
550385	298197
550381	298201
550376	298206
550371	298209
550366	298212
550360	298215
550346	298219
550339	298220
550325	298220
550304	298218
550234	298190
550141	298191
550138	298191
550112	298197
550100	298201
550087	298206
550077	298210
550060	298220
550051	298226
550034	298240
550000	298278
549987	298292
549944	298336
549906	298369
549859	298406
549853	298409
549844	298414
549806	298420
549789	298422
549764	298427
549753	298430
549748	298433
549738	298439
549705	298460
549693	298467
549687	298471
549674	298482
549672	298484
549656	298506
549641	298524
549637	298531
549629	298547
549599	298635
549596	298650
549594	298660
549592	298683
549592	298698
549594	298706
549597	298715
549606	298737
549609	298745
549613	298759
549616	298770
549617	298776
549621	298814
549627	298836
549635	298877
549637	298886
549643	298898
549646	298904
549651	298910
549656	298917
549661	298921
549666	298925
549689	298939
549749	298961
549760	298964
549841	298980
549960	298997
550000	299006
550025	299011
550058	299023
550135	299048
550164	299065
550228	299107
550290	299155
550352	299217
550396	299265
550428	299312
550430	299316
550434	299324
550438	299334
550442	299344
550444	299354
550445	299365
550446	299381
550441	299465
550435	299506
550430	299529
550424	299557
550419	299572
550412	299587
550406	299595
550400	299604
550389	299614
550379	299623
550375	299625
550362	299633
550312	299664
550249	299712
550238	299714
550215	299736
550208	299744
550198	299756
550191	299766
550183	299781
550178	299793
550172	299810
550168	299823
550165	299837
550162	299864
550157	300000
550157	300000
550156	300057
550158	300091
550173	300170
550179	300184
550183	300193
550187	300200
550187	300200
550197	300215
550233	300262
550231	300262
550231	300262
550238	300272
550257	300311
550261	300332
550256	300353
550238	300372
550191	300391
550126	300417
550095	300443
550064	300477
550040	300502
550009	300522
549993	300530
549959	300535
549872	300533
549809	300531
549776	300538
549733	300556
549666	300602
549604	300642
549568	300667
549525	300715
549506	300737
549494	300757
549481	300784
549465	300833
549457	300859
549445	300883
549433	300903
549423	300935
549418	300953
549417	300976
549417	300997
549419	301014
549428	301034
549442	301063
549454	301081
549479	301111
549503	301133
549551	301170
549578	301201
549593	301250
549599	301288
549600	301305
549597	301320
549589	301374
549574	301425
549564	301471
549563	301498
549562	301520
549564	301548
549564	301574
549567	301604
549574	301626
549580	301661
549595	301737
549615	301810
549681	302014
549739	302154
549775	302230
549802	302269
549863	302337
549893	302373
549925	302431
549987	302523
550067	302611
550102	302645
550141	302673
550180	302695
550232	302724
550266	302731
550329	302736
550403	302742
550433	302746
550473	302754
550515	302771
550540	302790
550565	302816
550598	302856
550626	302894
550655	302930
550704	302987
550742	303032
550767	303061
550790	303083
550843	303122
550945	303191
551031	303255
551055	303281
551114	303359
551175	303448
551234	303569
551275	303657
551287	303696
551295	303717
551306	303737
551314	303763
551315	303795
551306	303853
551294	303932
551289	303966
551271	304026
551250	304097
551238	304147
551207	304288
551197	304321
551176	304364
551122	304457
551096	304510
551073	304554
551050	304584
551028	304608
550947	304696
550929	304719
550913	304741
550888	304763
550870	304771
550847	304774
550812	304762
550773	304739
550725	304699
550700	304682
550678	304667
550664	304662
550653	304661
550644	304661
550630	304669
550613	304685
550605	304718
550602	304778
550599	304804
550605	304849
550628	304974
550635	305009
550640	305049
550638	305073
550620	305100
550600	305112
550576	305116
550516	305107
550430	305085
550383	305071
550383	305071
550359	305040
550316	305009
550294	304990
550262	304986
550242	304989
550228	305012
550201	305051
550192	305067
550185	305089
550179	305112
550162	305151
550162	305151
550081	305232
550081	305232
550040	305269
550000	305296
550000	305296
550000	305296
549981	305307
549882	305373
549826	305412
549826	305412
549821	305448
549802	305476
549781	305514
549747	305592
549708	305683
549691	305719
549674	305757
549658	305789
549648	305809
549639	305821
549624	305833
549637	305849
549645	305885
549646	305929
549656	305947
549675	305967
549704	305979
549747	305987
549774	305988
549829	305969
549878	305954
549909	305950
549931	305956
549944	305966
549955	306008
549962	306049
549957	306102
549951	306146
549944	306185
549926	306249
549878	306367
549845	306451
549838	306488
549821	306518
549785	306572
549770	306594
549743	306621
549720	306646
549702	306670
549663	306764
549641	306822
549624	306881
549611	306943
549589	307027
549557	307034
549498	307045
549463	307050
549421	307049
549342	307070
549316	307075
549280	307077
549221	307080
549188	307079
549165	307075
549142	307065
549126	307042
549113	306994
549110	306968
549110	306946
549114	306924
549124	306882
549135	306856
549159	306838
549173	306834
549195	306818
549229	306796
549294	306759
549325	306737
549340	306724
549355	306707
549371	306681
549387	306647
549388	306622
549376	306596
549366	306581
549344	306570
549324	306560
549307	306561
549291	306570
549281	306589
549263	306611
549239	306636
549226	306653
549211	306683
549196	306698
549174	306709
549135	306724
549108	306723
549087	306727
549072	306712
549025	306669
549014	306653
548998	306631
548968	306589
548943	306552
548914	306510
548867	306452
548832	306415
548774	306368
548745	306351
548704	306337
548678	306334
548630	306340
548553	306362
548456	306392
548424	306403
548407	306396
548362	306381
548321	306358
548283	306379
548214	306424
548202	306439
548128	306580
548126	306597
548126	306614
548128	306626
548154	306653
548179	306680
548184	306689
548167	306741
548163	306759
548163	306759
548158	306770
548154	306776
548145	306787
548111	306834
548063	306894
548024	306945
547987	306992
547970	307010
547961	307018
547952	307026
547937	307037
547824	307107
547811	307114
547807	307115
547797	307117
547774	307122
547774	307122
547792	307148
547794	307184
547784	307236
547813	307254
547919	307291
547946	307289
547946	307289
547979	307290
548003	307287
548033	307289
548055	307294
548093	307310
548098	307327
548123	307354
548146	307378
548163	307394
548180	307414
548189	307422
548193	307444
548196	307465
548192	307492
548185	307509
548175	307526
548153	307547
548134	307559
548113	307594
548103	307605
548027	307625
547931	307624
547870	307627
547783	307623
547783	307623
547769	307607
547725	307603
547686	307589
547631	307568
547627	307570
547622	307562
547588	307540
547588	307540
547570	307526
547553	307471
547500	307409
547465	307403
547413	307363
547392	307341
547392	307341
547349	307384
547333	307403
547325	307413
547304	307448
547292	307469
547292	307469
547300	307523
547301	307556
547284	307604
547268	307654
547248	307694
547234	307721
547216	307736
547186	307741
547148	307757
547123	307774
547123	307774
547122	307775
547091	307805
547064	307832
547053	307847
547047	307857
547044	307863
547039	307874
547024	307896
547017	307911
547009	307923
546992	307943
546939	307996
546907	308032
546897	308046
546893	308053
546889	308063
546884	308075
546877	308098
546873	308127
546871	308159
546871	308230
546864	308283
546861	308306
546861	308306
546859	308320
546894	308319
546894	308319
546863	308431
546846	308493
546845	308499
546843	308508
546843	308515
546844	308522
546846	308530
546851	308542
546858	308579
546866	308611
546871	308644
546873	308653
546878	308717
546881	308794
546879	308831
546877	308848
546874	308861
546869	308876
546869	308876
546868	308876
546723	308872
546690	308961
546665	309013
546632	309077
546592	309151
546551	309220
546551	309220
546521	309271
546489	309331
546480	309357
546452	309441
546436	309501
546419	309568
546441	309571
546448	309578
546492	309600
546515	309592
546528	309594
546539	309601
546565	309630
546583	309652
546602	309668
546623	309697
546638	309721
546646	309750
546647	309787
546647	309787
546658	309816
546676	309844
546689	309841
546738	309825
546802	309799
546851	309764
546885	309759
546944	309769
546979	309778
547011	309770
547011	309770
547055	309788
547140	309814
547182	309828
547192	309829
547198	309831
547204	309834
547209	309839
547213	309844
547216	309848
547218	309851
547225	309877
547227	309902
547225	309912
547225	309912
547142	309999
547132	310014
547107	310030
547084	310041
547058	310059
547047	310068
547041	310083
547036	310098
547036	310114
547046	310177
547047	310198
547045	310212
547042	310224
547034	310232
546988	310236
546937	310240
546908	310247
546885	310257
546849	310271
546812	310283
546803	310288
546799	310301
546791	310325
546790	310335
546791	310345
546796	310349
546820	310357
546869	310379
546955	310411
546974	310435
546990	310454
547004	310490
547004	310490
546988	310527
546972	310555
546948	310578
546930	310593
546906	310608
546880	310616
546848	310647
546837	310668
546837	310699
546853	310764
546861	310796
546869	310822
546878	310857
546896	310873
546896	310873
546892	310911
546889	310978
546887	311008
546876	311046
546861	311096
546837	311144
546818	311178
546812	311190
546801	311207
546801	311207
546790	311202
546787	311210
546759	311222
546737	311229
546714	311242
546698	311258
546671	311292
546661	311303
546661	311303
546640	311283
546630	311277
546596	311268
546554	311266
546514	311288
546453	311319
546433	311343
546433	311367
546434	311388
546438	311413
546441	311448
546438	311474
546432	311486
546422	311509
546408	311523
546386	311546
546372	311559
546356	311565
546339	311558
546326	311529
546318	311501
546289	311471
546267	311476
546219	311503
546193	311514
546167	311514
546134	311506
546124	311496
546115	311471
546103	311440
546099	311400
546092	311381
546092	311381
546061	311354
546038	311342
545998	311325
545971	311310
545971	311310
545927	311291
545927	311291
545909	311286
545876	311283
545844	311282
545820	311302
545787	311305
545778	311307
545781	311373
545729	311372
545704	311368
545668	311381
545617	311407
545603	311411
545585	311409
545581	311404
545583	311340
545577	311314
545565	311301
545546	311291
545524	311285
545513	311267
545491	311280
545472	311293
545459	311314
545459	311314
545454	311319
545438	311340
545420	311358
545414	311369
545404	311394
545390	311444
545394	311449
545390	311468
545386	311501
545383	311526
545383	311526
545346	311589
545322	311623
545305	311656
545298	311673
545293	311699
545291	311718
545293	311729
545311	311758
545335	311790
545353	311829
545363	311868
545366	311913
545367	311930
545367	311944
545363	311960
545348	311985
545322	312015
545278	312073
545253	312061
545253	312061
545239	312102
545218	312176
545201	312238
545200	312287
545202	312333
545204	312365
545201	312402
545198	312441
545191	312474
545187	312504
545181	312536
545170	312611
545162	312650
545144	312743
545134	312796
545142	312813
545142	312813
545146	312831
545158	312866
545168	312900
545169	312915
545168	312922
545166	312929
545163	312940
545131	312993
545113	313019
545103	313044
545091	313079
545128	313091
545159	313097
545171	313101
545184	313107
545201	313119
545208	313126
545211	313130
545216	313139
545218	313144
545220	313152
545221	313182
545214	313207
545210	313213
545207	313219
545202	313224
545197	313228
545189	313232
545180	313236
545173	313239
545166	313240
545156	313241
545106	313240
545058	313236
545058	313236
545028	313238
545018	313265
545002	313306
544996	313330
544992	313341
544978	313373
544969	313393
544953	313427
544939	313454
544933	313457
544930	313463
544947	313474
544988	313500
545000	313497
545118	313574
545118	313574
545116	313593
545108	313639
545101	313657
545083	313680
545060	313696
545008	313714
544990	313720
544969	313735
544946	313760
544942	313770
544942	313775
544943	313782
544946	313794
544953	313814
544961	313827
544994	313839
545005	313841
545016	313839
545026	313837
545091	313807
545101	313805
545115	313805
545131	313810
545136	313812
545139	313816
545148	313833
545172	313872
545182	313891
545193	313934
545197	313948
545197	313963
545195	313970
545190	313980
545146	314042
545134	314070
545132	314085
545130	314105
545132	314110
545134	314116
545137	314123
545140	314129
545148	314137
545157	314138
545176	314137
545197	314132
545274	314126
545290	314128
545315	314136
545324	314140
545327	314148
545324	314160
545309	314205
545308	314216
545306	314228
545303	314241
545301	314253
545299	314264
545299	314276
545301	314284
545304	314292
545310	314299
545337	314324
545357	314346
545376	314370
545382	314379
545387	314389
545394	314412
545394	314426
545394	314441
545394	314467
545393	314482
545393	314496
545390	314505
545378	314536
545372	314548
545357	314572
545338	314583
545303	314582
545278	314586
545247	314592
545226	314599
545205	314607
545190	314617
545168	314636
545156	314650
545149	314660
545143	314669
545137	314680
545135	314691
545133	314725
545133	314736
545135	314746
545137	314755
545140	314763
545147	314772
545162	314776
545173	314773
545199	314761
545220	314755
545250	314755
545284	314760
545301	314767
545320	314779
545333	314791
545355	314815
545364	314824
545370	314830
545373	314839
545374	314847
545373	314856
545368	314876
545364	314906
545364	314913
545365	314923
545372	314932
545392	314956
545415	314995
545432	315026
545445	315054
545458	315083
545472	315113
545479	315156
545480	315178
545480	315178
545474	315188
545467	315192
545444	315195
545405	315194
545378	315193
545353	315199
545303	315208
545276	315216
545257	315222
545240	315230
545227	315239
545207	315257
545172	315296
545168	315304
545167	315311
545168	315326
545168	315368
545165	315396
545161	315413
545157	315435
545153	315454
545150	315472
545147	315481
545139	315499
545126	315525
545116	315535
545101	315547
545094	315555
545090	315565
545090	315576
545091	315584
545100	315601
545120	315624
545141	315647
545157	315665
545166	315676
545175	315691
545186	315707
545192	315719
545195	315731
545199	315747
545199	315759
545196	315811
545195	315834
545190	315874
545185	315888
545178	315903
545172	315911
545159	315918
545151	315922
545139	315926
545126	315926
545115	315924
545100	315920
545094	315918
545090	315919
545084	315924
545073	315949
545065	315959
545050	315973
545037	315988
545032	315997
545030	316010
545029	316018
545030	316029
545030	316029
545026	316055
545029	316080
545034	316105
545048	316149
545057	316176
545057	316176
545065	316191
545070	316200
545077	316214
545079	316221
545085	316239
545089	316258
545097	316276
545105	316293
545118	316312
545126	316322
545139	316331
545157	316343
545176	316357
545188	316363
545204	316370
545236	316393
545261	316416
545282	316430
545310	316446
545351	316468
545381	316481
545419	316493
545448	316500
545457	316498
545465	316486
545502	316453
545537	316426
545590	316389
545641	316367
545655	316370
545669	316384
545681	316394
545689	316395
545709	316389
545746	316380
545762	316382
545772	316387
545790	316407
545799	316409
545815	316404
545835	316395
545860	316393
545879	316395
545901	316396
545924	316394
545939	316397
545956	316404
545965	316412
545973	316429
545979	316452
545987	316463
545999	316470
546024	316476
546056	316493
546085	316504
546133	316520
546214	316548
546265	316565
546279	316571
546302	316582
546327	316600
546346	316603
546373	316604
546422	316609
546448	316607
546460	316583
546494	316526
546517	316480
546517	316480
546543	316438
546543	316438
546575	316383
546588	316361
546588	316361
546619	316310
546619	316310
546628	316295
546666	316230
546688	316201
546737	316220
546751	316226
546777	316249
546787	316268
546801	316289
546846	316321
546860	316336
546890	316347
546920	316362
546941	316383
546967	316400
546999	316402
547007	316405
547010	316407
547015	316412
547018	316418
547023	316443
547038	316479
547047	316494
547056	316508
547084	316529
547089	316531
547095	316533
547101	316534
547107	316533
547113	316531
547117	316529
547120	316527
547123	316523
547126	316519
547127	316516
547128	316512
547124	316490
547107	316462
547100	316453
547097	316446
547095	316440
547094	316435
547093	316430
547093	316424
547095	316417
547097	316410
547101	316404
547106	316398
547112	316393
547118	316390
547125	316388
547131	316388
547137	316388
547143	316389
547148	316390
547158	316395
547167	316401
547172	316406
547178	316413
547183	316420
547188	316429
547197	316469
547200	316477
547206	316485
547212	316490
547242	316506
547257	316512
547260	316494
547260	316494
547266	316497
547295	316522
547330	316552
547358	316574
547394	316597
547418	316615
547450	316637
547476	316653
547487	316662
547489	316671
547490	316680
547491	316699
547491	316731
547494	316741
547502	316753
547516	316759
547533	316761
547545	316767
547561	316788
547570	316832
547576	316859
547588	316896
547592	316911
547592	316924
547590	316938
547593	316945
547639	316996
547706	317070
547730	317093
547740	317100
547748	317107
547753	317116
547753	317131
547756	317141
547767	317147
547804	317162
547836	317187
547841	317206
547837	317217
547834	317235
547839	317241
547863	317262
547880	317288
547888	317312
547891	317335
547894	317351
547899	317374
547899	317394
547902	317405
547903	317418
547900	317439
547898	317457
547888	317468
547883	317476
547878	317496
547876	317511
547877	317526
547880	317551
547882	317584
547881	317593
547878	317611
547866	317639
547856	317663
547856	317663
547888	317692
547970	317763
548062	317848
548103	317885
548004	318004
548004	318004
547881	318039
547541	318135
547541	318135
547617	318222
547695	318321
547899	318569
548011	318701
548074	318793
548143	318894
548208	318995
548357	319220
548483	319412
548578	319559
548635	319641
548700	319746
548756	319826
548905	320049
