1
6408
0
254568	334785
254519	334731
254463	334653
254436	334589
254381	334454
254329	334386
254264	334325
254114	334231
253802	334086
253596	334011
253336	333935
253082	333880
252842	333847
252599	333830
252251	333815
252063	333813
251705	333823
251518	333852
251480	333851
251480	333851
251448	333849
250818	333777
250326	333562
249925	333269
249340	332823
248817	332331
248278	331854
247615	331419
247615	331419
247239	331044
246770	330691
246681	330631
246356	330428
245478	330019
244542	329768
243576	329683
242611	329768
242540	329781
242240	329838
242145	329884
241637	329528
241262	329330
241060	329234
240072	328870
239124	328717
239209	328604
239619	327726
239870	326790
239954	325824
239870	324859
239619	323923
239209	323044
238653	322250
237955	321574
237836	321405
237344	320890
237261	320813
237067	320643
236274	320087
235395	319677
234896	319543
234012	319155
233648	319057
233002	318605
232950	318581
232626	318354
232371	318205
232138	318097
232138	318097
231492	317796
230556	317545
229591	317461
229471	317462
229245	317467
228399	317550
227463	317801
226670	318171
226670	318171
226584	318210
225791	318766
225105	319452
224944	319681
224430	320196
224100	320666
223741	320499
222805	320248
222429	320195
222352	320198
222352	320198
221984	320214
221946	320164
221875	320073
221743	319901
220949	319345
220071	318935
219127	318708
219030	318679
218166	318633
218063	318624
217481	318672
217210	318598
217012	318283
217012	318283
216810	317963
216364	317351
215679	316665
215169	316309
214909	316082
214576	315790
213782	315234
212903	314825
211967	314574
211002	314490
211002	314490
210036	314574
209100	314825
208222	315234
207428	315790
206743	316476
206332	317032
206217	317210
206072	317448
205662	318326
205645	318389
205645	318389
205411	319262
205327	320228
205355	320551
205293	321259
205361	322127
205386	322282
205402	322380
205653	323316
206063	324195
206184	324367
206282	324508
206618	325228
206658	325297
206745	325442
207844	326765
207945	326854
208047	326942
208280	327777
208689	328655
209245	329449
209460	329664
209841	330571
210397	331365
210518	331480
210720	331914
210991	332300
211040	332860
211291	333796
211700	334674
212256	335468
212379	335610
212597	335853
213641	336758
213760	336837
214072	337031
214437	337202
214647	337514
214703	337585
214703	337585
214886	337819
215008	337971
215694	338656
216103	338942
216208	339096
216542	339510
216609	339591
216649	339631
216836	339897
216886	340011
217016	340252
217100	340403
217656	341197
218341	341882
219135	342438
219722	342712
219878	342923
220563	343608
220674	343695
220780	343799
221573	344355
222452	344764
222621	344804
222621	344804
222764	344837
223347	345688
224032	346373
224826	346929
225704	347338
226640	347589
227606	347674
228571	347589
228991	347498
229214	347441
229781	348058
229946	348190
229994	348228
230033	348310
230620	349083
230732	349247
231261	349775
231302	349818
231425	349924
231582	350034
231784	350176
232287	350947
232972	351632
233766	352188
234645	352597
235189	352764
235275	352786
235403	352804
235544	352825
235681	352861
235767	352884
236111	353228
236510	353513
236774	353890
237318	354434
237616	355073
237694	355185
237723	355469
237732	355518
237789	356179
237699	356405
237699	356405
237945	356685
237945	356685
237963	356706
238015	356769
238600	357386
238814	357640
239203	358035
239283	358108
239393	358204
239516	358327
239897	358715
240153	359020
240436	359387
240498	359495
240625	359668
240742	359781
240865	359904
241027	360053
241137	360144
241267	360236
241392	360321
241573	360388
241729	360444
241887	360471
242031	360493
242300	360537
242664	360595
242864	360639
242957	360675
243084	360739
243182	360808
243318	360919
243464	361027
243651	361111
243774	361153
243913	361180
244003	361196
244180	361197
244355	361177
244490	361185
244578	361204
244646	361231
244700	361266
244759	361314
244807	361339
244906	361381
245007	361466
245140	361607
245213	361717
245287	361792
245389	361894
245485	361992
245814	362272
245981	362387
246122	362493
246753	362880
246909	362963
247186	363050
247344	363096
247482	363140
247565	363196
247667	363279
247821	363435
247905	363520
248004	363626
248083	363731
248356	364096
248404	364182
248500	364307
248564	364386
248623	364482
248773	364760
248865	364945
248954	365129
249098	365434
249145	365523
249233	365654
249351	365788
249649	366076
249757	366162
249828	366231
249947	366333
250090	366445
250259	366549
250644	366748
250934	366830
251153	366877
251267	366927
251361	366971
251450	367023
251548	367104
251807	367339
251807	367339
251920	367421
252016	367520
252097	367652
252145	367765
252168	367820
252203	367932
252238	368061
252257	368174
252278	368297
252338	368446
252363	368539
252369	368631
252367	368727
252361	368845
252344	368960
252315	369115
252307	369203
252303	369351
252318	369455
252347	369586
252392	369722
252519	369937
252678	370197
252788	370333
252902	370443
253057	370562
253204	370659
253315	370742
253408	370788
253523	370834
253677	370875
253885	370932
254091	370983
254326	371083
254532	371189
254635	371266
254710	371339
254766	371402
254818	371435
254874	371447
254991	371454
255122	371446
255338	371402
255474	371388
255572	371400
255707	371440
255811	371500
255930	371638
256159	371987
256323	372157
256756	372642
256869	372756
257306	373146
257531	373330
257830	373514
258551	373915
258890	374054
259481	374302
259665	374395
259825	374645
260083	375058
260196	375237
260329	375433
260443	375538
260554	375627
260687	375706
260814	375763
260814	375763
260858	375790
260943	375827
261081	375865
261172	375904
261256	375963
261310	376042
261372	376132
261439	376242
261485	376360
261495	376480
261493	376564
261473	376674
261475	376801
261481	376905
261504	377027
261527	377084
261585	377186
261652	377290
261743	377400
261864	377550
261949	377642
262001	377712
262072	377811
262205	378020
262314	378157
262387	378253
262478	378339
262584	378392
262724	378454
262848	378529
263090	378715
263527	378964
263823	379126
263996	379226
264100	379309
264189	379405
264279	379524
264343	379629
264381	379823
264418	380052
264460	380309
264541	380522
264611	380711
264745	380967
264889	381185
264997	381350
265272	381661
265430	381803
265557	381922
265686	382013
265988	382144
266236	382227
266455	382262
266738	382312
267235	382372
267477	382399
267793	382451
268389	382644
268608	382750
268805	382871
268993	383021
269284	383318
269451	383574
269620	384004
269668	384167
269709	384332
269741	384674
269743	384768
269760	385355
269783	385802
269804	386101
269804	386101
270184	386916
270740	387709
271425	388395
272219	388951
272330	389002
272529	389142
272794	389266
272938	389358
273816	389768
274752	390019
275718	390103
276683	390019
277169	389888
277511	389858
278447	389608
278727	389497
278839	389449
278983	389376
279042	389371
279978	389120
280856	388711
280982	388623
280982	388623
281387	388339
281674	388364
282640	388280
283576	388029
284457	387617
284713	387498
285507	386942
285725	386724
286094	386613
286584	386413
287264	386080
287440	385957
287440	385957
287404	385642
287289	384456
287240	383886
287202	383315
287181	382960
287139	382748
287073	382508
286975	382265
286875	382066
286711	381858
286447	381604
286318	381475
286046	381266
285705	381054
285096	380734
284842	380637
284555	380556
284555	380556
284449	380542
284197	380564
284197	380564
284175	380588
284146	380622
284106	380671
284083	380703
284069	380722
284055	380747
284042	380767
284031	380780
284009	380798
283975	380811
283954	380813
283951	380811
283944	380790
283935	380746
283929	380735
283923	380731
283917	380730
283904	380732
283899	380738
283893	380744
283873	380752
283868	380749
283861	380744
283854	380739
283844	380737
283829	380738
283817	380741
283807	380758
283800	380767
283798	380778
283810	380786
283809	380797
283803	380803
283794	380811
283779	380823
283766	380830
283754	380832
283734	380831
283722	380836
283722	380836
283715	380839
283688	380846
283676	380852
283661	380863
283638	380877
283627	380880
283616	380880
283616	380880
283601	380883
283590	380889
283574	380898
283559	380912
283543	380934
283529	380950
283519	380963
283500	380973
283486	380983
283475	380992
283464	381004
283464	381004
283443	381016
283398	381046
283392	381049
283383	381050
283365	381054
283348	381060
283328	381073
283316	381079
283307	381080
283297	381079
283282	381079
283263	381083
283248	381090
283232	381101
283218	381110
283199	381116
283188	381117
283179	381116
283165	381113
283145	381106
283137	381104
283124	381107
283124	381107
283096	381103
283064	381096
283030	381075
283023	381068
283016	381060
283010	381052
282993	381035
282986	381029
282964	381012
282959	381007
282954	381002
282950	380997
282949	380995
282955	380984
282953	380978
282952	380975
282946	380969
282937	380962
282933	380958
282927	380949
282923	380946
282916	380942
282914	380941
282912	380938
282911	380935
282910	380932
282909	380923
282909	380919
282900	380913
282898	380911
282895	380905
282891	380893
282881	380890
282874	380889
282871	380888
282859	380880
282848	380876
282841	380872
282812	380861
282792	380840
282787	380832
282775	380806
282767	380794
282757	380783
282739	380764
282723	380753
282710	380746
282695	380738
282643	380720
282622	380712
282611	380712
282605	380711
282595	380709
282546	380685
282540	380682
282540	380682
282538	380654
282523	380637
282517	380618
282508	380593
282495	380548
282470	380468
282460	380426
282446	380375
282436	380339
282436	380339
282431	380334
282417	380339
282408	380346
282395	380351
282386	380357
282379	380360
282375	380360
282368	380355
282358	380357
282352	380361
282344	380357
282359	380332
282375	380314
282379	380308
282382	380299
282382	380299
282382	380294
282382	380290
282379	380283
282366	380245
282359	380226
282357	380219
282356	380211
282356	380207
282358	380199
282363	380193
282366	380189
282373	380184
282375	380183
282388	380178
282392	380176
282396	380174
282399	380171
282402	380167
282406	380160
282416	380136
282417	380133
282421	380129
282425	380126
282427	380124
282442	380122
282444	380119
282446	380114
282448	380108
282448	380102
282448	380092
282448	380072
282447	380069
282445	380065
282443	380061
282440	380057
282427	380045
282424	380039
282420	380027
282420	380025
282422	380012
282425	380000
282426	379991
282434	379980
282451	379967
282449	379927
282453	379908
282455	379900
282471	379890
282485	379883
282492	379876
282492	379870
282492	379865
282489	379861
282485	379856
282474	379850
282469	379845
282467	379836
282467	379822
282467	379817
282457	379808
282452	379801
282453	379790
282470	379755
282471	379742
282465	379732
282463	379726
282480	379710
282475	379698
282478	379693
282486	379686
282486	379671
282487	379664
282488	379658
282491	379647
282492	379641
282492	379635
282491	379619
282486	379606
282485	379601
282484	379581
282483	379560
282481	379528
282483	379458
282469	379441
282463	379433
282457	379425
282447	379408
282437	379397
282442	379378
282454	379350
282463	379322
282468	379310
282485	379292
282492	379283
282505	379263
282511	379252
282508	379242
282500	379218
282484	379184
282460	379142
282440	379105
282375	379116
282360	379111
282362	379060
282352	379040
282338	379010
282315	378942
282311	378926
282309	378912
282307	378908
282289	378871
282276	378843
282270	378829
282258	378795
282248	378760
282243	378741
282239	378721
282231	378687
282231	378687
282233	378665
282228	378640
282216	378597
282197	378547
282185	378530
282185	378530
282165	378489
282146	378464
282135	378410
282114	378363
282094	378336
282067	378314
282034	378301
281970	378276
281970	378276
281961	378266
281901	378196
281869	378160
281827	378109
281814	378094
281778	378056
281751	378025
281743	378016
281707	377976
281668	377934
281640	377959
281618	377976
281618	377976
281575	377942
281554	377927
281554	377927
281547	377922
281519	377903
281491	377884
281462	377865
281400	377826
281350	377800
281350	377800
281342	377777
281329	377753
281293	377713
281258	377681
281230	377668
281203	377661
281178	377661
281163	377667
281163	377667
281138	377679
281123	377687
281106	377693
281106	377693
281078	377707
281065	377713
281056	377714
281039	377707
281021	377702
281005	377697
280999	377691
280994	377682
280994	377675
280996	377649
280996	377631
280991	377622
280982	377615
280975	377611
280969	377610
280957	377612
280934	377618
280869	377642
280869	377642
280860	377645
280851	377647
280845	377647
280838	377647
280829	377651
280820	377655
280815	377655
280812	377654
280809	377652
280799	377637
280795	377631
280783	377629
280774	377627
280769	377625
280761	377616
280754	377605
280752	377594
280754	377584
280759	377567
280767	377554
280767	377549
280765	377546
280762	377544
280753	377545
280733	377551
280724	377551
280717	377549
280695	377536
280688	377533
280678	377535
280666	377536
280647	377531
280631	377518
280615	377510
280615	377510
280603	377502
280598	377491
280598	377475
280600	377461
280600	377454
280600	377447
280598	377436
280568	377444
280539	377436
280545	377413
280542	377407
280526	377405
280511	377404
280508	377400
280506	377384
280501	377380
280472	377376
280464	377390
280454	377402
280444	377412
280435	377415
280429	377395
280428	377379
280414	377350
280436	377341
280450	377330
280461	377315
280463	377303
280458	377293
280443	377286
280426	377282
280410	377282
280406	377282
280401	377274
280401	377267
280405	377253
280406	377245
280401	377238
280390	377230
280378	377230
280366	377236
280357	377248
280352	377256
280341	377277
280332	377287
280320	377287
280308	377280
280299	377273
280290	377258
280289	377244
280292	377233
280303	377221
280317	377216
280332	377214
280342	377215
280354	377218
280368	377216
280377	377208
280384	377198
280388	377182
280384	377171
280375	377164
280359	377167
280349	377174
280341	377185
280333	377193
280324	377195
280317	377193
280308	377181
280293	377167
280293	377167
280283	377160
280266	377158
280255	377161
280245	377168
280199	377208
280179	377219
280179	377219
280127	377247
280084	377274
280057	377295
280049	377308
280041	377324
280031	377334
280010	377346
280010	377346
279998	377348
279964	377354
279934	377361
279886	377372
279822	377388
279747	377402
279687	377416
279622	377428
279607	377432
279588	377440
279588	377440
279537	377495
279427	377693
279427	377693
279423	377699
279405	377716
279389	377736
279376	377751
279376	377751
279322	377760
279164	377753
279035	377698
279018	377694
278951	377697
278886	377685
278886	377685
278874	377675
278862	377662
278859	377659
278855	377658
278842	377661
278834	377663
278831	377663
278822	377660
278814	377653
278812	377649
278811	377647
278813	377644
278815	377643
278820	377642
278821	377640
278822	377637
278822	377633
278819	377626
278816	377622
278810	377618
278801	377616
278793	377614
278784	377615
278776	377617
278772	377618
278768	377617
278753	377604
278744	377591
278735	377583
278731	377577
278729	377574
278728	377571
278728	377561
278727	377555
278727	377551
278725	377547
278719	377545
278705	377542
278693	377537
278687	377530
278676	377519
278663	377504
278643	377485
278613	377467
278594	377461
278569	377460
278539	377431
278539	377431
278552	377418
278566	377409
278600	377392
278618	377380
278640	377361
278661	377340
278683	377323
278706	377311
278739	377298
278765	377291
278792	377287
278823	377286
278847	377288
278871	377286
278895	377282
278921	377273
278921	377273
278967	377253
278998	377237
279009	377233
279009	377233
279018	377229
279063	377199
279079	377180
279085	377172
279085	377172
279089	377166
279097	377146
279101	377132
279105	377118
279109	377090
279106	377061
279104	377049
279101	377038
279092	377015
279086	377004
279069	376991
279064	376978
279061	376904
279064	376877
279066	376842
279068	376785
279073	376760
279083	376728
279097	376696
279119	376641
279119	376641
279131	376541
279131	376541
279153	376501
279184	376452
279193	376435
279194	376424
279195	376406
279203	376388
279207	376362
279227	376314
279256	376260
279276	376230
279276	376230
279402	376175
279402	376175
279452	376137
279470	376119
279487	376100
279496	376087
279505	376074
279519	376049
279525	376032
279529	376013
279529	376013
279541	375992
279547	375978
279553	375964
279562	375931
279566	375876
279561	375849
279558	375842
279553	375831
279549	375816
279540	375795
279530	375770
279519	375750
279480	375699
279463	375682
279448	375676
279434	375673
279400	375671
279368	375671
279321	375642
279291	375623
279291	375623
279269	375609
279221	375580
279171	375545
279143	375527
279130	375519
279106	375502
279093	375492
279081	375482
279056	375459
279030	375436
279019	375424
278968	375364
278940	375331
278918	375306
278892	375285
278841	375251
278826	375238
278822	375235
278817	375229
278809	375216
278796	375181
278792	375168
278782	375125
278782	375125
278766	375094
278763	375067
278765	375037
278780	374968
278786	374902
278787	374847
278783	374784
278772	374733
278751	374681
278728	374643
278701	374611
278665	374595
278619	374583
278573	374575
278540	374558
278505	374521
278483	374487
278469	374438
278466	374401
278466	374353
278474	374314
278497	374253
278520	374209
278534	374191
278552	374170
278570	374147
278570	374147
278584	374131
278617	374094
278646	374061
278659	374041
278662	374031
278662	374031
278697	374002
278730	373965
278762	373926
278788	373902
278800	373889
278813	373873
278828	373849
278847	373815
278866	373767
278880	373708
278888	373681
278891	373674
278899	373660
278918	373635
278918	373635
278941	373604
278950	373587
278958	373575
278964	373568
278970	373561
278973	373559
278978	373556
278985	373553
279023	373542
279050	373531
279071	373520
279101	373496
279146	373463
279157	373451
279164	373444
279169	373440
279174	373436
279183	373433
279186	373433
279190	373433
279201	373436
279207	373436
279214	373436
279221	373435
279227	373433
279235	373430
279242	373427
279255	373418
279291	373387
279340	373334
279376	373280
279443	373186
279452	373172
279468	373145
279479	373123
279483	373114
279488	373102
279492	373088
279496	373067
279497	373049
279497	373047
279497	373047
279499	373000
279507	372866
279512	372801
279520	372737
279521	372675
279519	372645
279517	372614
279510	372556
279498	372499
279478	372425
279473	372357
279470	372337
279462	372316
279459	372275
279456	372261
279453	372251
279449	372241
279437	372216
279429	372204
279423	372195
279416	372186
279408	372177
279402	372172
279390	372163
279335	372126
279295	372103
279247	372078
279219	372065
279165	372045
279036	371994
279004	371982
278974	371975
278939	371965
278905	371952
278868	371936
278817	371911
278748	371871
278643	371820
278627	371814
278545	371757
278522	371745
278508	371737
278488	371724
278467	371710
278452	371693
278444	371682
278438	371673
278433	371664
278428	371653
278421	371633
278413	371598
278412	371588
278412	371572
278414	371558
278418	371544
278424	371531
278429	371513
278435	371497
278440	371486
278446	371473
278453	371461
278459	371451
278473	371432
278558	371323
278564	371309
278570	371291
278578	371257
278580	371246
278579	371233
278577	371227
278576	371224
278548	371163
278540	371149
278536	371142
278529	371134
278472	371072
278435	371037
278409	371015
278401	371008
278374	370996
278346	370988
278338	370984
278334	370982
278330	370978
278315	370963
278308	370955
278287	370925
278287	370924
278273	370910
278237	370881
278225	370873
278200	370870
278197	370870
278172	370877
278165	370878
278152	370880
278140	370880
278127	370877
278120	370875
278108	370870
278089	370852
278076	370846
278068	370840
278062	370834
278056	370825
278029	370770
278024	370758
278014	370735
278003	370708
277997	370691
277996	370684
277995	370676
277995	370667
277997	370657
277999	370635
278002	370623
278007	370611
278011	370602
278056	370523
278064	370510
278070	370501
278074	370491
278080	370477
278083	370467
278103	370388
278117	370322
278123	370286
278123	370283
278124	370250
278121	370230
278100	370180
278061	370098
278021	370000
278021	370000
278018	369993
278000	369955
277986	369930
277979	369919
277969	369906
277959	369892
277951	369883
277933	369864
277919	369851
277884	369833
277855	369811
277847	369804
277840	369797
277835	369790
277829	369783
277821	369767
277815	369751
277802	369718
277798	369702
277797	369693
277797	369675
277799	369663
277802	369655
277805	369647
277812	369637
277833	369612
277848	369605
277860	369599
277877	369593
277898	369592
277908	369585
277922	369571
277928	369564
277935	369554
277940	369547
277948	369533
277952	369527
277956	369520
277980	369491
278003	369457
278011	369446
278027	369410
278032	369397
278036	369379
278037	369368
278039	369347
278041	369327
278038	369294
278035	369275
278032	369257
278025	369229
278004	369181
277997	369169
277990	369157
277984	369150
277918	369076
277833	368988
277795	368953
277786	368944
277779	368937
277774	368930
277755	368901
277737	368868
277695	368809
277671	368778
277646	368750
277619	368727
277609	368717
277605	368710
277601	368704
277596	368694
277593	368671
277596	368622
277600	368601
277605	368584
277610	368571
277616	368558
277624	368542
277634	368527
277645	368512
277671	368489
277680	368484
277687	368479
277693	368474
277705	368461
277711	368453
277742	368413
277747	368407
277750	368400
277754	368390
277757	368381
277759	368363
277759	368350
277758	368343
277755	368335
277755	368335
277768	368327
277783	368320
277793	368312
277826	368297
277850	368289
277850	368289
277868	368286
277885	368285
277899	368285
277911	368282
277919	368269
277928	368256
277938	368246
277961	368239
277980	368232
277989	368234
278005	368250
278012	368262
278019	368268
278024	368274
278027	368283
278034	368291
278043	368297
278080	368303
278080	368303
278188	368331
278239	368351
278249	368355
278268	368365
278289	368379
278322	368387
278359	368382
278368	368381
278373	368382
278378	368384
278383	368386
278392	368392
278401	368396
278409	368398
278416	368400
278425	368400
278432	368400
278435	368400
278442	368396
278455	368396
278463	368397
278471	368398
278478	368400
278489	368405
278505	368407
278514	368409
278558	368403
278569	368395
278584	368400
278602	368396
278613	368392
278630	368386
278647	368386
278656	368374
278678	368363
278694	368356
278704	368348
278718	368339
278728	368334
278739	368329
278748	368327
278769	368322
278795	368296
278815	368274
278829	368259
278872	368217
278879	368204
278896	368180
278935	368134
278955	368110
278962	368095
278978	368086
279005	368051
279015	368039
279020	368031
279024	368026
279030	368021
279035	368019
279040	368017
279054	368013
279067	368009
279089	368003
279090	367994
279092	367989
279095	367983
279099	367978
279103	367974
279109	367969
279121	367956
279126	367956
279133	367957
279141	367960
279146	367964
279149	367967
279153	367973
279183	368014
279187	368034
279208	368051
279215	368054
279220	368054
279228	368054
279250	368044
279261	368051
279267	368054
279275	368057
279289	368061
279296	368066
279304	368081
279316	368085
279323	368089
279330	368094
279336	368099
279343	368109
279359	368129
279382	368122
279403	368109
279424	368093
279441	368081
279464	368068
279489	368058
279516	368045
279525	368039
279534	368033
279542	368027
279559	368009
279565	368006
279573	368004
279622	368004
279634	368010
279647	368009
279658	368010
279665	368011
279688	368017
279689	368019
279714	368008
279727	367994
279737	367988
279746	367986
279766	367960
279782	367949
279793	367939
279845	367912
279867	367919
279879	367914
279879	367907
279890	367906
279910	367896
279924	367895
279938	367897
279940	367905
279954	367909
279965	367915
279984	367921
279988	367925
280000	367944
280016	367955
280024	367965
280027	367968
280033	367971
280048	367974
280069	367974
280082	367975
280097	367974
280104	367974
280116	367977
280122	367979
280130	367983
280136	367985
280168	367992
280162	367983
280166	367972
280161	367964
280156	367927
280153	367915
280152	367909
280152	367899
280154	367890
280151	367867
280153	367839
280150	367831
280159	367801
280167	367790
280170	367770
280174	367754
280179	367742
280188	367718
280192	367711
280196	367705
280201	367699
280224	367682
280235	367670
280236	367667
280237	367660
280236	367653
280235	367644
280238	367628
280238	367623
280235	367615
280241	367605
280249	367597
280254	367592
280269	367568
280261	367560
280260	367559
280259	367551
280258	367544
280258	367539
280259	367534
280262	367526
280264	367508
280265	367505
280282	367490
280291	367489
280296	367487
280303	367484
280312	367479
280322	367470
280330	367465
280337	367459
280344	367455
280375	367453
280388	367459
280396	367463
280402	367465
280409	367466
280412	367465
280419	367459
280445	367458
280454	367452
280460	367449
280468	367447
280472	367446
280482	367445
280494	367447
280508	367446
280541	367458
280543	367459
280547	367465
280580	367452
280591	367450
280605	367446
280606	367432
280606	367418
280605	367389
280607	367365
280602	367362
280604	367337
280604	367303
280607	367251
280602	367220
280602	367208
280604	367191
280601	367185
280599	367181
280594	367176
280593	367174
280592	367170
280591	367159
280597	367130
280604	367075
280607	367057
280614	367054
280621	367021
280622	367011
280623	367002
280627	366994
280630	366987
280632	366963
280634	366949
280641	366909
280643	366888
280647	366877
280651	366868
280657	366855
280659	366842
280660	366837
280670	366811
280671	366783
280673	366766
280674	366741
280672	366690
280662	366659
280663	366637
280666	366620
280666	366611
280689	366602
280738	366588
280749	366591
280758	366593
280767	366593
280775	366592
280792	366588
280792	366588
280812	366584
280825	366583
280832	366582
280842	366580
280858	366575
280858	366568
280857	366554
280854	366537
280852	366526
280848	366515
280842	366500
280841	366493
280850	366490
280870	366486
280878	366486
280884	366486
280889	366485
280898	366482
280922	366470
280955	366442
280984	366409
280990	366401
280993	366394
280997	366383
281001	366372
281002	366372
281009	366371
281016	366372
281020	366373
281027	366377
281029	366377
281046	366377
281054	366375
281072	366371
281078	366371
281085	366373
281089	366375
281094	366379
281097	366383
281100	366388
281113	366406
281113	366406
281133	366429
281133	366429
281136	366432
281163	366447
281172	366457
281172	366444
281171	366436
281171	366433
281172	366426
281174	366422
281177	366417
281180	366398
281180	366392
281180	366387
281179	366378
281167	366334
281167	366330
281167	366325
281168	366320
281169	366318
281178	366306
281182	366299
281185	366291
281187	366281
281197	366251
281201	366241
281203	366232
281205	366217
281213	366184
281217	366172
281226	366148
281231	366141
281240	366141
281274	366076
281285	366059
281289	366052
281291	366049
281292	366042
281291	366036
281292	366011
281293	365982
281289	365974
281289	365971
281291	365963
281293	365956
281298	365946
281303	365938
281312	365929
281316	365919
281318	365912
281330	365915
281331	365925
281375	365924
281376	365914
281396	365894
281408	365885
281415	365878
281421	365873
281429	365862
281438	365856
281443	365852
281450	365844
281454	365834
281455	365827
281450	365809
281450	365795
281456	365786
281467	365778
281472	365774
281476	365770
281488	365756
281499	365747
281515	365752
281520	365751
281540	365732
281563	365686
281565	365685
281567	365683
281594	365673
281598	365672
281603	365668
281619	365663
281625	365660
281649	365618
281672	365591
281691	365575
281696	365569
281700	365563
281704	365556
281721	365540
281738	365531
281751	365526
281777	365523
281789	365521
281826	365514
281838	365513
281846	365514
281855	365516
281862	365518
281874	365524
281877	365525
281881	365516
281884	365513
281898	365520
281908	365524
281918	365527
281931	365529
281985	365535
282001	365541
282041	365553
282050	365562
282086	365569
282101	365572
282117	365574
282126	365574
282133	365573
282171	365564
282192	365544
282194	365542
282199	365539
282207	365535
282216	365532
282230	365529
282238	365521
282245	365522
282252	365524
282258	365529
282262	365533
282268	365535
282284	365529
282293	365530
282299	365529
282305	365528
282309	365527
282314	365525
282319	365522
282326	365516
282340	365513
282349	365509
282369	365491
282373	365483
282379	365475
282387	365440
282393	365435
282399	365432
282401	365422
282409	365416
282414	365406
282417	365404
282423	365400
282429	365398
282449	365392
282471	365383
282484	365377
282519	365386
282533	365397
282537	365401
282546	365414
282551	365420
282555	365423
282558	365425
282576	365432
282583	365432
282595	365429
282623	365417
282660	365412
282668	365404
282678	365406
282681	365379
282683	365372
282686	365369
282691	365366
282707	365361
282710	365359
282715	365355
282717	365352
282719	365347
282734	365332
282739	365329
282744	365328
282749	365328
282754	365329
282761	365331
282765	365333
282773	365335
282782	365336
282791	365336
282865	365334
282881	365338
282887	365338
282898	365336
282906	365335
282919	365331
282944	365326
282963	365319
282973	365316
282989	365313
283000	365314
283050	365324
283123	365308
283123	365308
283136	365293
283163	365258
283178	365238
283196	365214
283206	365211
283231	365208
283277	365204
283331	365199
283356	365198
283395	365194
283429	365189
283472	365183
283507	365171
283535	365159
283561	365155
283594	365159
283641	365167
283649	365174
283660	365227
283666	365252
283700	365259
283728	365263
283786	365268
283786	365268
283800	365193
283801	365166
283800	365155
283797	365134
283796	365118
283797	365107
283799	365097
283803	365086
283816	365091
283817	365090
283820	365085
283822	365071
283837	365064
283845	365056
283848	365038
283856	365040
283867	365020
283871	365008
283872	365000
283871	364995
283877	364987
283879	364981
283879	364966
283885	364941
283887	364927
283888	364906
283897	364889
283899	364885
283903	364874
283913	364861
283918	364857
283923	364854
283933	364850
283942	364844
283948	364833
283954	364825
283964	364818
283970	364812
283973	364806
283977	364797
283979	364781
283982	364774
283984	364769
283987	364765
284002	364748
284010	364742
284013	364736
284012	364721
284013	364709
284014	364703
284019	364691
284024	364681
284032	364670
284046	364655
284053	364651
284039	364613
284049	364596
284069	364579
284091	364563
284175	364558
284226	364443
284243	364416
284258	364394
284285	364335
284291	364327
284308	364305
284316	364301
284318	364294
284323	364287
284322	364276
284327	364269
284333	364261
284336	364259
284341	364258
284345	364250
284350	364245
284368	364242
284374	364239
284380	364236
284390	364229
284404	364222
284406	364220
284415	364210
284421	364205
284426	364203
284434	364201
284442	364198
284435	364183
284431	364169
284431	364167
284427	364163
284422	364160
284416	364160
284409	364160
284406	364160
284397	364154
284393	364153
284388	364153
284376	364154
284366	364157
284363	364168
284357	364174
284354	364177
284350	364179
284346	364179
284342	364179
284333	364178
284326	364175
284322	364171
284314	364164
284306	364152
284299	364146
284291	364144
284281	364139
284276	364132
284276	364126
284269	364128
284265	364131
284256	364136
284252	364139
284244	364147
284240	364154
284236	364158
284214	364157
284203	364162
284196	364161
284191	364162
284186	364163
284176	364167
284167	364168
284160	364175
284156	364182
284148	364168
284145	364164
284136	364158
284131	364148
284123	364140
284118	364130
284105	364122
284101	364120
284096	364112
284090	364106
284083	364104
284060	364097
284049	364092
284044	364089
284041	364086
284037	364083
284030	364072
284020	364069
284006	364056
284002	364045
284001	364035
283979	364014
283957	364014
283942	364006
283938	364005
283926	364002
283920	363997
283906	363977
283892	363969
283852	363967
283839	363968
283829	363963
283808	363957
283803	363961
283800	363964
283785	363957
283756	363933
283743	363931
283736	363930
283725	363923
283717	363916
283716	363905
283720	363893
283718	363886
283710	363875
283713	363857
283717	363845
283716	363836
283705	363834
283698	363829
283686	363813
283680	363801
283679	363791
283676	363782
283672	363777
283664	363774
283657	363769
283658	363758
283666	363728
283650	363713
283645	363709
283631	363700
283624	363696
283614	363692
283603	363690
283590	363687
283577	363686
283564	363686
283546	363687
283530	363689
283481	363697
283458	363702
283436	363709
283420	363716
283410	363721
283387	363733
283363	363748
283339	363766
283298	363801
283287	363812
283281	363821
283270	363840
283256	363865
283246	363877
283236	363889
283226	363898
283213	363906
283203	363911
283197	363913
283191	363914
283191	363914
283181	363932
283164	363946
283140	363973
283123	363991
283100	364016
283083	364035
283080	364041
283077	364048
283068	364069
283063	364087
283058	364095
283058	364101
283057	364111
283055	364120
283051	364147
283047	364168
283039	364205
283033	364234
283026	364266
283021	364290
283023	364302
283029	364322
283033	364349
283031	364364
283030	364375
283033	364384
283049	364416
283059	364433
283066	364437
283080	364440
283089	364448
283090	364458
283091	364478
283090	364497
283089	364509
283084	364532
283074	364564
283047	364591
283020	364611
282988	364640
282928	364686
282906	364700
282900	364718
282889	364724
282881	364726
282870	364726
282858	364725
282846	364725
282840	364727
282814	364733
282796	364741
282777	364749
282763	364759
282752	364768
282735	364782
282719	364794
282701	364803
282682	364808
282671	364810
282660	364812
282643	364814
282618	364824
282570	364845
282543	364856
282529	364862
282518	364863
282512	364864
282506	364867
282496	364873
282484	364882
282471	364894
282460	364901
282456	364902
282451	364902
282444	364900
282435	364896
282420	364888
282411	364887
282402	364889
282396	364893
282387	364898
282364	364917
282358	364922
282343	364926
282314	364933
282287	364940
282275	364942
282264	364940
282250	364931
282230	364921
282217	364915
282207	364907
282202	364899
282187	364871
282178	364864
282163	364855
282146	364843
282128	364833
282110	364825
282097	364816
282079	364801
282065	364789
282057	364781
282051	364774
282049	364770
282049	364768
282045	364771
282032	364775
282021	364774
282016	364773
282013	364766
282007	364748
282000	364734
281981	364696
281972	364683
281965	364674
281958	364667
281952	364663
281942	364660
281930	364652
281921	364648
281904	364639
281894	364631
281887	364624
281885	364621
281878	364617
281873	364616
281869	364616
281864	364617
281861	364613
281856	364593
281848	364574
281843	364562
281841	364552
281840	364544
281839	364538
281839	364524
281835	364517
281830	364510
281823	364504
281819	364499
281813	364492
281807	364472
281802	364465
281797	364463
281773	364462
281754	364464
281741	364471
281732	364471
281726	364468
281715	364456
281709	364451
281703	364448
281697	364446
281696	364445
281689	364442
281675	364431
281667	364427
281663	364427
281657	364428
281649	364431
281640	364434
281630	364434
281624	364434
281613	364434
281606	364435
281600	364437
281592	364441
281583	364443
281579	364443
281574	364446
281569	364450
281555	364458
281549	364460
281545	364462
281532	364468
281525	364474
281523	364478
281523	364485
281523	364491
281520	364497
281504	364503
281488	364509
281482	364516
281480	364520
281477	364527
281465	364541
281457	364548
281449	364555
281444	364559
281401	364579
281386	364587
281380	364589
281372	364589
281368	364586
281363	364581
281360	364579
281358	364578
281353	364578
281350	364583
281337	364598
281322	364606
281308	364612
281292	364616
281284	364621
281279	364624
281272	364627
281267	364627
281260	364627
281252	364627
281246	364630
281242	364632
281239	364633
281234	364632
281229	364632
281224	364632
281221	364632
281218	364632
281215	364634
281212	364636
281207	364640
281205	364645
281207	364658
281206	364662
281201	364669
281192	364677
281185	364685
281182	364696
281180	364703
281177	364706
281176	364709
281177	364714
281181	364719
281180	364722
281176	364734
281165	364745
281157	364753
281150	364761
281143	364779
281151	364793
281152	364802
281152	364808
281148	364815
281145	364822
281145	364827
281147	364832
281149	364839
281148	364846
281146	364853
281142	364867
281136	364874
281127	364881
281125	364888
281124	364894
281126	364908
281125	364922
281119	364930
281115	364934
281112	364936
281110	364939
281107	364943
281103	364955
281100	364960
281089	364969
281078	364975
281068	364978
281053	364979
281045	364979
281037	364980
281033	364981
281028	364985
281013	364992
281003	364996
280993	365004
280987	365007
280978	365007
280975	365008
280968	365024
280964	365030
280966	365037
280967	365040
280968	365042
280968	365044
280967	365047
280964	365050
280954	365051
280951	365051
280948	365054
280942	365062
280935	365063
280932	365063
280929	365064
280925	365067
280920	365068
280911	365070
280904	365071
280900	365072
280896	365074
280894	365076
280891	365085
280891	365089
280892	365094
280894	365101
280895	365104
280894	365106
280891	365107
280885	365107
280882	365108
280882	365108
280876	365119
280865	365133
280863	365141
280858	365151
280853	365157
280851	365162
280849	365166
280850	365171
280852	365179
280855	365183
280860	365183
280865	365183
280870	365183
280873	365184
280878	365190
280877	365197
280876	365205
280874	365208
280871	365210
280861	365212
280855	365213
280847	365212
280843	365213
280839	365215
280834	365218
280831	365224
280827	365230
280825	365235
280822	365237
280816	365240
280810	365242
280807	365243
280801	365246
280796	365247
280792	365249
280788	365251
280784	365252
280780	365251
280767	365255
280757	365259
280751	365262
280747	365263
280741	365264
280735	365265
280731	365266
280729	365267
280725	365273
280723	365277
280724	365288
280724	365288
280707	365285
280684	365284
280676	365283
280665	365289
280661	365288
280648	365279
280643	365276
280638	365277
280634	365280
280632	365283
280629	365288
280628	365298
280630	365310
280629	365314
280628	365316
280624	365319
280613	365321
280601	365325
280591	365325
280579	365322
280565	365315
280561	365312
280551	365299
280546	365296
280542	365293
280537	365291
280535	365291
280530	365303
280527	365306
280521	365308
280519	365307
280518	365306
280508	365303
280492	365305
280483	365302
280478	365300
280469	365295
280444	365290
280435	365290
280429	365290
280425	365289
280422	365287
280413	365275
280411	365272
280409	365272
280407	365272
280404	365272
280397	365278
280394	365281
280389	365280
280384	365282
280375	365284
280372	365284
280361	365283
280355	365285
280349	365285
280345	365284
280330	365279
280326	365278
280322	365277
280317	365279
280312	365282
280304	365283
280298	365283
280287	365285
280283	365288
280280	365288
280266	365287
280255	365291
280246	365296
280244	365293
280240	365286
280234	365280
280220	365269
280216	365268
280206	365270
280197	365272
280178	365268
280156	365260
280144	365257
280141	365254
280138	365250
280135	365245
280129	365242
280111	365237
280098	365234
280089	365235
280078	365233
280063	365229
280045	365218
280022	365202
280012	365194
280011	365186
280009	365173
280009	365171
280016	365165
280019	365163
280024	365156
280026	365153
280031	365153
280040	365150
280047	365149
280062	365145
280079	365144
280090	365142
280105	365140
280118	365139
280126	365138
280135	365137
280145	365133
280155	365129
280162	365123
280170	365113
280178	365102
280182	365095
280183	365088
280184	365082
280188	365076
280190	365072
280211	365064
280221	365059
280222	365057
280225	365045
280227	365040
280228	365034
280229	365030
280231	365026
280234	365021
280240	365011
280244	365005
280244	364999
280234	364999
280236	364995
280236	364988
280234	364979
280232	364974
280232	364971
280234	364966
280237	364958
280243	364950
280251	364936
280262	364920
280264	364914
280266	364904
280267	364896
280270	364891
280268	364886
280266	364878
280265	364868
280265	364856
280266	364847
280291	364778
280294	364768
280296	364756
280297	364749
280296	364741
280292	364733
280287	364727
280286	364720
280285	364705
280285	364681
280286	364674
280287	364666
280289	364662
280291	364659
280293	364654
280297	364648
280303	364636
280305	364624
280308	364607
280312	364600
280315	364595
280324	364590
280342	364579
280344	364575
280348	364567
280352	364552
280358	364530
280359	364508
280361	364475
280363	364465
280367	364461
280367	364459
280362	364449
280358	364442
280357	364437
280356	364431
280354	364428
280349	364424
280347	364421
280345	364413
280343	364408
280342	364402
280339	364395
280337	364387
280336	364378
280333	364370
280331	364363
280329	364357
280328	364350
280328	364345
280325	364339
280319	364324
280311	364313
280306	364306
280305	364298
280303	364294
280300	364289
280293	364269
280285	364250
280275	364229
280264	364222
280246	364212
280222	364205
280202	364203
280192	364200
280182	364189
280176	364171
280172	364153
280170	364151
280152	364149
280141	364147
280130	364145
280116	364145
280100	364149
280086	364153
280076	364155
280067	364156
280051	364154
280037	364157
280014	364161
280008	364160
280001	364156
279991	364158
279959	364168
279933	364176
279920	364177
279902	364175
279872	364176
279828	364174
279801	364173
279730	364162
279708	364168
279675	364166
279661	364165
279645	364167
279621	364169
279610	364170
279601	364170
279589	364170
279568	364167
279549	364162
279534	364156
279528	364159
279522	364160
279514	364161
279500	364164
279489	364167
279484	364168
279479	364166
279474	364168
279467	364169
279455	364169
279451	364168
279445	364166
279431	364161
279420	364160
279408	364160
279401	364157
279394	364157
279390	364156
279386	364153
279376	364142
279368	364135
279363	364131
279354	364118
279352	364118
279347	364125
279344	364131
279342	364130
279335	364124
279328	364120
279309	364110
279304	364106
279298	364091
279295	364073
279276	364056
279239	364026
279235	364022
279233	364022
279229	364032
279219	364030
279201	364032
279177	364036
279165	364035
279156	364034
279149	364033
279142	364033
279135	364033
279116	364040
279116	364040
279092	364048
279090	364052
279070	364043
279059	364040
279053	364040
279049	364043
279040	364051
279034	364059
279024	364074
279022	364079
279015	364091
279014	364096
279009	364107
279006	364111
279003	364116
279001	364120
278997	364126
278993	364134
278990	364142
278983	364152
278977	364166
278974	364168
278971	364172
278967	364175
278962	364182
278958	364189
278957	364195
278955	364200
278954	364204
278954	364224
278953	364225
278951	364226
278945	364227
278940	364228
278921	364231
278913	364236
278908	364241
278903	364249
278902	364259
278904	364266
278905	364280
278905	364285
278903	364293
278901	364295
278893	364288
278884	364283
278881	364283
278877	364283
278871	364287
278867	364290
278862	364297
278859	364305
278857	364324
278861	364337
278859	364339
278851	364346
278837	364349
278832	364351
278829	364358
278825	364360
278810	364369
278798	364378
278795	364381
278796	364387
278795	364393
278793	364403
278790	364424
278788	364425
278785	364424
278784	364427
278781	364436
278780	364442
278781	364455
278781	364460
278781	364465
278778	364468
278774	364470
278766	364468
278758	364466
278754	364467
278750	364469
278746	364469
278744	364470
278741	364470
278739	364475
278740	364488
278739	364504
278738	364511
278736	364521
278736	364521
278725	364546
278709	364573
278709	364573
278701	364594
278695	364600
278678	364607
278660	364614
278660	364614
278654	364633
278654	364633
278661	364660
278644	364682
278619	364689
278599	364689
278599	364689
278595	364695
278589	364702
278583	364709
278581	364713
278580	364720
278580	364725
278577	364728
278570	364733
278557	364737
278549	364742
278536	364752
278528	364762
278522	364769
278519	364775
278516	364786
278512	364795
278508	364801
278503	364806
278496	364810
278488	364812
278468	364811
278465	364812
278463	364815
278463	364820
278462	364844
278460	364862
278460	364876
278459	364888
278454	364898
278449	364906
278437	364919
278426	364926
278407	364936
278384	364949
278366	364961
278352	364968
278343	364972
278335	364978
278330	364990
278324	364998
278322	365005
278322	365012
278323	365017
278325	365025
278330	365035
278331	365053
278330	365064
278329	365080
278329	365087
278327	365096
278323	365100
278316	365107
278306	365112
278291	365115
278278	365119
278264	365120
278237	365117
278206	365110
278193	365106
278175	365097
278154	365090
278132	365088
278116	365086
278116	365086
278114	365041
278100	365000
278083	364963
278066	364913
278064	364904
278062	364893
278061	364885
278061	364865
278063	364851
278068	364829
278072	364819
278075	364814
278079	364809
278085	364803
278094	364796
278110	364786
278126	364773
278133	364763
278158	364719
278166	364706
278173	364693
278179	364679
278199	364626
278203	364613
278209	364590
278213	364570
278215	364551
278216	364537
278215	364513
278214	364506
278212	364491
278208	364474
278175	364368
278166	364334
278150	364225
278146	364160
278137	364108
278129	364052
278129	364030
278129	364030
278180	363999
278205	363986
278205	363986
278209	363988
278214	363986
278219	363982
278222	363980
278228	363979
278236	363977
278243	363976
278253	363973
278259	363968
278263	363966
278268	363966
278278	363966
278293	363966
278304	363966
278308	363967
278308	363967
278327	363983
278336	363991
278373	363999
278381	364000
278381	364000
278389	363983
278391	363975
278392	363963
278394	363948
278397	363931
278399	363920
278404	363901
278406	363892
278406	363892
278407	363879
278394	363860
278370	363848
278344	363837
278325	363816
278304	363802
278286	363788
278286	363788
278200	363764
278158	363739
278136	363716
278126	363695
278125	363677
278128	363661
278143	363639
278162	363621
278196	363621
278238	363646
278260	363662
278260	363662
278274	363666
278312	363672
278336	363683
278336	363683
278349	363678
278368	363669
278397	363656
278403	363653
278421	363641
278457	363612
278484	363589
278505	363572
278510	363569
278510	363569
278505	363551
278504	363546
278504	363546
278458	363500
278453	363497
278416	363486
278401	363482
278388	363481
278375	363481
278341	363489
278303	363500
278258	363518
278232	363530
278209	363541
278188	363554
278173	363555
278146	363553
278131	363536
278131	363536
278118	363514
278117	363507
278117	363503
278115	363493
278112	363481
278108	363474
278106	363469
278107	363456
278111	363447
278114	363441
278120	363434
278129	363428
278137	363424
278137	363424
278152	363425
278165	363432
278182	363429
278214	363413
278238	363403
278261	363386
278280	363362
278280	363362
278304	363347
278330	363337
278357	363339
278390	363351
278413	363373
278413	363373
278440	363392
278482	363431
278521	363470
278552	363505
278563	363518
278571	363529
278571	363529
278596	363514
278623	363493
278634	363479
278658	363438
278666	363421
278677	363405
278698	363373
278719	363344
278757	363301
278762	363297
278767	363292
278772	363289
278779	363287
278786	363284
278791	363283
278802	363283
278813	363284
278823	363288
278838	363294
278848	363300
278857	363308
278861	363313
278864	363317
278868	363327
278870	363333
278870	363338
278871	363348
278869	363356
278872	363392
278876	363420
278883	363453
278893	363470
278901	363480
278909	363495
278913	363505
278922	363518
278929	363523
278938	363530
278944	363533
278951	363535
278961	363537
278971	363537
278999	363526
279004	363520
279007	363517
279017	363510
279025	363496
279050	363458
279080	363425
279114	363382
279157	363325
279178	363283
279206	363234
279214	363220
279219	363207
279223	363195
279227	363184
279231	363168
279240	363112
279244	363080
279245	363040
279253	362964
279264	362879
279264	362879
279282	362754
279305	362594
279310	362573
279326	362518
279331	362496
279336	362461
279338	362446
279338	362435
279338	362427
279337	362418
279333	362397
279320	362350
279311	362325
279289	362271
279274	362240
279261	362216
279251	362201
279241	362187
279214	362152
279201	362137
279194	362125
279188	362111
279188	362111
279170	362094
279166	362091
279157	362080
279151	362071
279148	362065
279145	362057
279145	362042
279145	362035
279143	362027
279138	362019
279131	362011
279127	362004
279127	361998
279127	361990
279128	361976
279129	361965
279123	361958
279114	361953
279107	361946
279098	361942
279092	361935
279085	361929
279084	361923
279078	361908
279084	361898
279080	361894
279085	361886
279092	361876
279097	361869
279102	361863
279110	361855
279120	361846
279127	361837
279133	361833
279132	361828
279133	361825
279140	361823
279143	361818
279147	361814
279151	361814
279156	361814
279167	361817
279173	361815
279187	361815
279193	361802
279200	361799
279219	361790
279240	361782
279263	361772
279284	361763
279297	361757
279308	361753
279312	361752
279320	361750
279334	361743
279352	361737
279369	361728
279385	361717
279409	361702
279427	361691
279431	361687
279438	361676
279442	361669
279447	361663
279455	361656
279465	361651
279474	361647
279486	361642
279514	361636
279538	361632
279543	361631
279557	361624
279567	361614
279580	361605
279595	361596
279606	361585
279616	361579
279628	361576
279628	361576
279675	361580
279718	361563
279718	361563
279721	361562
279748	361554
279771	361543
279806	361522
279841	361497
279849	361493
279849	361493
279895	361448
279927	361401
279951	361357
279976	361303
279990	361248
279989	361212
279989	361212
279988	361184
279966	361105
279952	361069
279945	361051
279937	361033
279918	361000
279913	360984
279910	360971
279908	360955
279907	360936
279907	360923
279908	360909
279910	360894
279915	360873
279919	360859
279926	360837
279951	360779
279954	360764
279955	360757
279956	360730
279956	360706
279950	360608
279950	360562
279951	360536
279953	360511
279958	360489
279962	360471
279980	360418
279989	360397
280000	360380
280016	360337
280025	360308
280034	360283
280081	360000
280092	359948
280100	359897
280099	359865
280090	359750
280085	359672
280080	359603
280080	359566
280080	359560
280083	359550
280098	359537
280112	359527
280146	359510
280191	359492
280223	359482
280249	359472
280294	359448
280347	359418
280376	359402
280401	359391
280423	359382
280434	359376
280441	359371
280446	359367
280452	359362
280462	359349
280477	359326
280477	359326
280489	359305
280496	359290
280501	359272
280503	359264
280504	359253
280505	359240
280505	359231
280504	359215
280503	359143
280496	359085
280491	359053
280489	359043
280446	358960
280398	358874
280388	358845
280369	358777
280364	358753
280363	358738
280362	358722
280365	358693
280368	358642
280372	358626
280380	358607
280383	358600
280397	358580
280400	358574
280408	358555
280412	358542
280413	358533
280414	358519
280412	358488
280409	358474
280405	358455
280402	358443
280379	358390
280359	358339
280349	358320
280343	358310
280338	358303
280331	358295
280307	358271
280270	358230
280237	358184
280188	358118
280132	358008
280122	357985
280100	357927
280090	357902
280072	357865
280059	357841
280051	357830
280017	357782
280007	357770
280000	357759
279940	357697
279925	357688
279906	357677
279873	357647
279853	357624
279814	357584
279799	357568
279791	357560
279776	357548
279773	357545
279763	357531
279752	357512
279737	357481
279732	357471
279724	357449
279722	357439
279722	357433
279723	357427
279725	357420
279728	357413
279731	357407
279739	357397
279744	357392
279750	357387
279763	357380
279786	357369
279790	357365
279798	357354
279804	357349
279807	357346
279814	357342
279820	357339
279840	357335
279852	357331
279864	357327
279872	357323
279877	357320
279883	357315
279888	357310
279894	357303
279899	357295
279902	357287
279905	357280
279908	357273
279909	357265
279910	357257
279911	357244
279911	357223
279903	357163
279894	357107
279894	357100
279894	357095
279897	357086
279902	357076
279910	357067
279918	357060
279925	357055
279948	357032
279981	356995
280000	356974
280005	356967
280009	356962
280012	356958
280014	356952
280016	356946
280018	356929
280018	356919
280016	356904
280008	356871
280004	356852
280000	356836
279988	356815
279974	356799
279970	356795
279962	356790
279953	356784
279944	356780
279937	356778
279930	356776
279923	356776
279915	356775
279891	356778
279867	356783
279848	356785
279832	356786
279822	356785
279812	356783
279796	356777
279783	356771
279777	356767
279771	356762
279762	356754
279739	356730
279726	356713
279690	356662
279664	356621
279653	356601
279646	356584
279639	356568
279634	356554
279620	356509
279616	356489
279615	356466
279615	356452
279614	356401
279611	356354
279611	356343
279612	356334
279615	356317
279618	356309
279622	356298
279629	356284
279629	356284
279647	356249
279692	356171
279714	356122
279739	356055
279769	355979
279801	355910
279808	355894
279814	355878
279824	355847
279854	355735
279858	355720
279868	355694
279870	355682
279871	355670
279870	355658
279869	355650
279866	355636
279862	355621
279857	355607
279853	355597
279842	355578
279838	355571
279825	355552
279820	355545
279817	355539
279814	355531
279807	355512
279806	355503
279804	355491
279798	355351
279804	355314
279806	355305
279813	355279
279815	355261
279815	355248
279815	355236
279813	355226
279808	355208
279805	355201
279798	355188
279791	355178
279778	355165
279748	355129
279727	355109
279712	355096
279704	355092
279699	355087
279695	355081
279692	355075
279690	355068
279690	355061
279690	355054
279691	355049
279703	355010
279709	355000
279709	355000
279713	354986
279725	354976
279737	354968
279746	354958
279754	354942
279768	354922
279789	354887
279805	354851
279812	354838
279815	354832
279820	354819
279822	354812
279820	354794
279817	354776
279816	354770
279816	354758
279817	354749
279820	354733
279821	354728
279820	354706
279819	354694
279818	354683
279814	354664
279801	354600
279800	354583
279799	354572
279800	354547
279806	354508
279808	354496
279809	354476
279809	354457
279809	354441
279807	354426
279806	354415
279805	354411
279797	354388
279794	354376
279792	354357
279792	354346
279792	354332
279795	354315
279798	354304
279802	354294
279805	354288
279812	354278
279816	354273
279830	354266
279841	354261
279841	354261
279868	354254
279882	354250
279908	354237
279922	354232
279937	354229
279957	354228
279963	354228
279968	354229
279973	354231
279979	354235
279988	354243
280000	354261
280000	354261
280016	354291
280020	354300
280026	354308
280030	354313
280035	354317
280044	354322
280053	354325
280062	354326
280067	354325
280078	354323
280081	354321
280086	354319
280091	354314
280095	354308
280098	354304
280103	354278
280108	354250
280116	354221
280120	354202
280125	354184
280132	354148
280150	354079
280163	354038
280167	354024
280170	354011
280172	353999
280174	353988
280173	353975
280163	353945
280161	353942
280161	353939
280161	353937
280162	353935
280163	353933
280168	353931
280170	353931
280173	353931
280206	353923
280246	353915
280254	353913
280264	353909
280272	353904
280286	353895
280325	353856
280352	353836
280379	353820
280408	353800
280440	353780
280470	353766
280502	353760
280524	353762
280530	353767
280535	353770
280541	353772
280548	353773
280554	353774
280558	353773
280572	353770
280578	353767
280587	353763
280636	353741
280636	353741
280672	353725
280701	353705
280702	353703
280706	353696
280712	353687
280716	353677
280723	353652
280726	353644
280731	353635
280738	353627
280745	353620
280754	353614
280761	353610
280766	353608
280773	353607
280780	353606
280787	353606
280800	353607
280843	353606
280851	353608
280855	353608
280859	353607
280864	353606
280868	353604
280872	353602
280875	353598
280878	353594
280881	353588
280884	353582
280886	353576
280888	353571
280888	353566
280888	353557
280887	353552
280885	353547
280880	353539
280877	353536
280867	353526
280863	353521
280861	353517
280860	353512
280860	353507
280860	353502
280861	353499
280863	353496
280866	353494
280869	353492
280874	353491
280885	353492
280890	353492
280894	353491
280898	353489
280903	353486
280907	353483
280908	353481
280910	353478
280912	353472
280912	353468
280911	353462
280904	353446
280890	353422
280886	353417
280884	353413
280881	353405
280880	353397
280880	353393
280881	353390
280884	353385
280886	353383
280890	353380
280893	353379
280896	353378
280901	353379
280929	353387
280967	353392
280997	353388
281003	353384
281009	353382
281012	353381
281020	353382
281025	353384
281036	353392
281044	353399
281061	353414
281082	353423
281091	353426
281097	353426
281102	353426
281110	353424
281118	353420
281132	353412
281140	353408
281149	353406
281156	353404
281175	353403
281199	353403
281207	353403
281216	353401
281224	353399
281233	353395
281240	353391
281251	353382
281313	353309
281364	353241
281369	353235
281375	353229
281383	353223
281392	353217
281405	353211
281455	353181
281480	353169
281519	353158
281620	353145
281651	353142
281656	353143
281659	353142
281663	353141
281666	353139
281669	353136
281681	353116
281697	353102
281719	353090
281728	353087
281740	353081
281753	353073
281765	353062
281774	353052
281800	353016
281846	352971
281878	352937
281901	352901
281912	352872
281912	352859
281911	352840
281912	352834
281913	352828
281914	352822
281916	352818
281919	352814
281923	352808
281928	352804
281932	352801
281937	352799
281947	352796
282012	352790
282049	352786
282065	352777
282076	352773
282084	352771
282090	352770
282098	352770
282127	352771
282138	352772
282157	352775
282185	352786
282192	352791
282197	352793
282202	352794
282206	352794
282210	352794
282215	352793
282220	352792
282227	352789
282233	352786
282240	352781
282275	352746
282304	352701
282313	352689
282325	352675
282338	352662
282353	352649
282369	352638
282390	352625
282409	352605
282419	352590
282422	352578
282424	352573
282427	352568
282432	352562
282439	352555
282444	352551
282449	352549
282455	352547
282466	352544
282512	352525
282518	352521
282524	352516
282527	352512
282530	352506
282538	352483
282543	352464
282544	352416
282546	352394
282554	352369
282555	352362
282557	352358
282560	352354
282563	352351
282569	352347
282575	352346
282578	352346
282584	352347
282588	352348
282596	352352
282602	352357
282606	352362
282652	352398
282682	352416
282691	352419
282708	352422
282723	352423
282740	352422
282747	352422
282754	352423
282760	352425
282765	352427
282772	352430
282789	352434
282798	352433
282802	352432
282807	352430
282811	352427
282814	352425
282817	352421
282821	352414
282824	352407
282827	352397
282840	352371
282844	352367
282850	352364
282854	352363
282859	352363
282863	352363
282870	352366
282873	352369
282913	352378
282923	352380
282932	352382
282949	352383
282964	352382
282972	352381
282981	352378
282992	352374
283003	352369
283012	352365
283025	352356
283106	352297
283114	352289
283121	352282
283127	352275
283133	352265
283138	352258
283145	352244
283151	352225
283157	352184
283156	352146
283155	352083
283156	352064
283156	352052
283155	352042
283151	352023
283148	352012
283144	352002
283140	351993
283130	351979
283124	351974
283120	351969
283117	351965
283115	351960
283114	351955
283114	351949
283115	351944
283117	351940
283120	351937
283123	351934
283126	351931
283129	351930
283160	351922
283217	351930
283279	351948
283388	351982
283396	351983
283402	351982
283408	351980
283412	351977
283416	351973
283420	351968
283422	351964
283423	351960
283423	351953
283417	351919
283417	351912
283417	351904
283419	351897
283421	351888
283425	351879
283429	351871
283433	351864
283441	351854
283472	351795
283530	351689
283536	351680
283540	351676
283545	351672
283551	351669
283557	351667
283565	351665
283572	351663
283580	351663
283592	351663
283618	351657
283668	351631
283685	351623
283723	351610
283776	351595
283786	351592
283800	351586
283815	351577
283833	351564
283872	351530
283890	351508
283914	351490
283971	351482
283994	351471
284010	351465
284018	351461
284032	351457
284041	351456
284090	351450
284139	351443
284162	351444
284184	351445
284194	351447
284199	351449
284207	351454
284212	351459
284221	351471
284227	351476
284234	351483
284242	351488
284251	351493
284259	351497
284268	351501
284286	351505
284317	351507
284351	351507
284368	351504
284424	351492
284447	351485
284466	351487
284484	351488
284490	351488
284501	351486
284508	351484
284569	351457
284597	351440
284635	351419
284684	351399
284724	351389
284789	351378
284824	351374
284842	351374
284854	351377
284865	351380
284876	351385
284928	351412
284962	351432
284962	351432
285000	351456
285024	351469
285031	351470
285034	351470
285054	351464
285057	351463
285062	351461
285071	351454
285076	351450
285080	351445
285087	351436
285101	351413
285106	351407
285109	351405
285114	351403
285120	351402
285128	351400
285142	351400
285168	351397
285190	351395
285268	351395
285325	351406
285331	351407
285339	351408
285346	351406
285350	351404
285365	351395
285406	351366
285446	351344
285498	351323
285528	351314
285533	351312
285537	351310
285543	351304
285549	351296
285552	351292
285556	351283
285578	351241
285616	351198
285631	351177
285631	351177
285634	351164
285637	351146
285639	351125
285633	351108
285609	351074
285596	351060
285599	351047
285604	351033
285615	351013
285626	350998
285648	350983
285676	350974
285711	350969
285767	350965
285810	350953
285839	350938
285863	350925
285875	350908
285881	350891
285882	350858
285868	350820
285839	350780
285804	350734
285765	350690
285708	350649
285687	350638
285673	350621
285643	350542
285627	350483
285615	350442
285586	350408
285572	350396
285556	350400
285548	350401
285536	350396
285525	350387
285510	350373
285471	350313
285451	350282
285432	350220
285417	350154
285387	350120
285373	350104
285350	350084
285311	350052
285286	350044
285261	350016
285236	349979
285226	349948
285212	349879
285205	349860
285191	349843
285142	349816
285111	349802
285060	349762
285034	349748
285020	349734
285017	349706
285021	349682
285021	349658
285003	349635
284962	349586
284915	349556
284878	349539
284861	349521
284838	349495
284811	349463
284783	349449
284669	349379
284639	349367
284635	349356
284644	349311
284654	349238
284657	349121
284649	349108
284640	349097
284628	349090
284588	349076
284533	349060
284501	349054
284449	349051
284410	349039
284359	349015
284321	348997
284297	348982
284283	348963
284256	348924
284232	348863
284222	348822
284222	348763
284230	348743
284244	348712
284262	348689
284265	348672
284264	348643
284258	348607
284233	348578
284212	348544
284186	348510
284169	348494
284152	348478
284132	348460
284097	348431
284082	348422
284069	348415
284051	348411
284024	348413
283991	348401
283953	348391
283934	348378
283927	348365
283923	348352
283918	348336
283909	348312
283904	348283
283905	348260
283895	348235
283890	348222
283882	348213
283864	348200
283855	348190
283848	348181
283843	348173
283836	348150
283833	348136
283828	348120
283821	348108
283810	348100
283796	348082
283788	348061
283785	348046
283781	348029
283779	348017
283779	348001
283780	347985
283771	347966
283737	347939
283717	347925
283708	347915
283704	347901
283714	347844
283715	347810
283713	347799
283703	347777
283664	347711
283642	347693
283622	347679
283590	347656
283574	347642
283554	347635
283527	347635
283502	347634
283489	347631
283475	347626
283461	347617
283438	347585
283411	347557
283386	347538
283372	347519
283359	347496
283350	347480
283334	347463
283296	347447
283250	347436
283234	347429
283218	347413
283209	347397
283204	347375
283197	347360
283192	347351
283186	347345
283182	347341
283170	347341
283159	347343
283116	347369
283098	347378
283082	347384
283070	347385
283057	347384
283041	347380
283004	347366
282985	347356
282949	347342
282932	347324
282915	347308
282880	347289
282870	347269
282874	347231
282872	347201
282863	347178
282832	347138
282819	347118
282802	347104
282775	347086
282753	347060
282723	347024
282700	346994
282684	346959
282673	346946
282662	346936
282633	346937
282563	346947
282522	346949
282501	346945
282482	346935
282465	346920
282439	346886
282410	346845
282378	346805
282344	346772
282313	346735
282272	346686
282258	346668
282239	346645
282228	346628
282224	346598
282224	346584
282220	346559
282221	346530
282231	346461
282231	346444
282230	346418
282226	346406
282218	346391
282210	346380
282198	346357
282179	346308
282166	346289
282156	346275
282147	346265
282118	346242
282091	346224
282071	346208
282064	346194
282060	346184
282060	346149
282055	346140
282049	346132
282039	346123
282024	346113
282011	346106
281992	346096
281979	346084
281960	346064
281954	346051
281945	346039
281930	346024
281918	346013
281909	345996
281909	345979
281916	345950
281916	345944
281899	345932
281877	345914
281859	345894
281847	345879
281820	345837
281806	345813
281776	345796
281752	345774
281702	345747
281651	345720
281625	345701
281611	345686
281604	345673
281602	345663
281603	345649
281614	345616
281614	345606
281614	345596
281609	345585
281602	345579
281589	345567
281580	345553
281576	345538
281569	345526
281557	345514
281545	345502
281539	345497
281535	345487
281537	345470
281533	345459
281529	345452
281522	345442
281511	345434
281502	345431
281492	345428
281485	345427
281479	345424
281461	345417
281439	345397
281420	345379
281413	345373
281408	345372
281403	345372
281393	345376
281384	345384
281375	345387
281369	345387
281365	345385
281361	345379
281352	345359
281336	345348
281325	345341
281314	345337
281306	345336
281300	345337
281281	345352
281273	345361
281268	345366
281259	345371
281250	345373
281241	345372
281232	345367
281224	345360
281216	345358
281206	345358
281175	345361
281163	345362
281154	345366
281144	345366
281130	345360
281103	345337
281096	345331
281088	345331
281077	345331
281044	345330
281033	345329
281011	345327
280997	345324
280973	345322
280954	345317
280928	345311
280914	345306
280903	345303
280896	345299
280887	345296
280880	345292
280868	345284
280853	345271
280844	345269
280839	345269
280830	345272
280820	345274
280813	345275
280808	345274
280793	345270
280788	345266
280781	345264
280775	345263
280770	345263
280764	345263
280760	345262
280755	345257
280750	345250
280743	345250
280731	345250
280723	345244
280716	345239
280710	345237
280698	345239
280689	345242
280676	345246
280667	345248
280657	345246
280649	345242
280620	345227
280604	345215
280582	345189
280558	345167
280558	345167
280550	345162
280540	345161
280523	345171
280510	345180
280504	345179
280496	345171
280476	345170
280465	345167
280447	345158
280440	345145
280435	345106
280421	345088
280410	345080
280383	345077
280363	345074
280332	345061
280298	345063
280289	345060
280277	345050
280270	345039
280263	344992
280259	344978
280253	344964
280240	344948
280213	344932
280189	344906
280169	344861
280162	344851
280154	344848
280124	344855
280100	344862
280083	344861
280073	344857
280052	344845
280013	344823
279994	344815
279976	344816
279944	344822
279904	344838
279822	344870
279752	344894
279706	344905
279692	344908
279670	344906
279637	344894
279602	344896
279548	344894
279531	344899
279513	344898
279493	344892
279480	344885
279469	344865
279466	344854
279469	344846
279475	344833
279473	344825
279466	344817
279419	344784
279372	344762
279299	344742
279256	344729
279238	344725
279231	344718
279228	344711
279228	344688
279230	344651
279217	344620
279207	344601
279198	344591
279187	344594
279175	344610
279170	344627
279165	344631
279159	344629
279154	344626
279136	344610
279127	344595
279126	344575
279123	344553
279118	344548
279099	344540
279085	344537
279077	344539
279071	344549
279064	344559
279052	344563
279038	344566
279017	344562
278999	344550
278987	344536
278981	344522
278979	344515
278979	344506
278982	344501
278987	344496
279004	344494
279009	344488
279007	344482
279004	344476
278991	344467
278973	344464
278952	344465
278927	344472
278912	344482
278906	344490
278902	344502
278905	344522
278900	344532
278891	344538
278883	344539
278872	344532
278852	344516
278824	344501
278818	344490
278818	344484
278829	344462
278847	344433
278851	344417
278847	344401
278834	344379
278807	344360
278784	344338
278756	344337
278743	344336
278732	344330
278730	344325
278730	344317
278741	344306
278743	344295
278742	344286
278736	344276
278712	344263
278689	344247
278666	344222
278654	344215
278646	344217
278638	344220
278635	344230
278638	344241
278655	344272
278655	344282
278651	344287
278641	344288
278626	344275
278616	344273
278587	344289
278565	344308
278549	344332
278542	344340
278533	344343
278501	344344
278475	344357
278450	344361
278419	344369
278380	344382
278338	344401
278318	344407
278300	344408
278261	344404
278236	344408
278208	344420
278185	344435
278168	344451
278153	344467
278137	344468
278097	344466
278085	344463
278080	344455
278075	344435
278065	344406
278055	344365
278032	344271
278013	344183
277996	344096
277984	344049
277956	343929
277943	343852
277924	343759
277929	343636
277932	343572
277925	343539
277911	343518
277893	343501
277867	343477
277819	343437
277772	343402
277690	343324
277654	343285
277603	343239
277584	343220
277540	343177
277494	343128
277463	343089
277390	343002
277325	342920
277272	342850
277225	342772
277181	342690
277156	342633
277081	342512
277026	342430
277015	342409
276992	342369
276977	342339
276968	342306
276959	342266
276951	342204
276938	342132
276928	342095
276928	342095
276598	342121
276439	342132
276439	342133
276415	342206
276392	342296
276418	342434
276392	342621
276183	342988
276183	342988
276170	343002
276123	343056
276063	343122
275994	343200
275954	343254
275902	343327
275878	343365
275885	343408
275900	343480
275901	343492
275891	343539
275876	343614
275855	343705
275851	343730
275852	343740
275857	343751
275874	343776
275942	343834
275981	343869
276017	343897
276050	343926
276062	343938
276066	343942
276078	343992
276083	344015
276086	344036
276091	344078
276089	344093
276088	344124
276085	344140
276083	344154
276083	344166
276084	344180
276087	344191
276095	344209
276109	344253
276117	344279
276118	344297
276117	344314
276113	344342
276107	344378
276093	344413
276081	344432
276067	344449
276043	344469
275989	344514
275951	344544
275843	344624
275840	344685
275780	344709
275738	344723
275728	344725
275718	344724
275705	344716
275665	344681
275630	344658
275596	344649
275576	344646
275556	344646
275540	344649
275503	344662
275488	344667
275471	344670
275448	344667
275407	344662
275383	344659
275367	344659
275337	344665
275317	344667
275267	344670
275217	344670
275178	344673
275133	344680
275099	344684
275088	344687
275083	344697
275081	344709
275073	344722
275059	344737
275045	344750
275033	344756
275024	344760
275008	344761
275001	344761
275001	344761
274991	344760
274981	344763
274949	344779
274905	344797
274896	344803
274896	344807
274896	344811
274898	344813
274904	344815
274913	344816
274919	344817
274924	344820
274926	344824
274925	344829
274921	344837
274916	344846
274914	344853
274915	344861
274917	344868
274921	344876
274958	344911
274996	344943
275007	344963
275036	344994
275055	345018
275066	345030
275078	345050
275079	345057
275075	345066
275064	345076
275055	345080
275043	345083
275028	345083
275016	345081
275007	345079
274991	345073
274923	345046
274778	344993
274633	344946
274564	344927
274525	344919
274488	344914
274404	344908
274367	344905
274367	344905
274351	344916
274317	344942
274271	344973
274255	344982
274245	344989
274236	345000
274236	345000
274098	345098
274055	345123
273935	345200
273882	345244
273722	345382
273721	345383
273721	345383
273691	345401
273648	345449
273632	345464
273615	345479
273575	345512
273558	345526
273548	345527
273535	345526
273500	345511
273460	345579
273431	345628
273414	345669
273402	345681
273386	345705
273386	345705
273373	345707
273365	345711
273365	345711
273360	345714
273351	345724
273340	345744
273337	345751
273335	345752
273288	345781
273288	345781
273256	345791
273226	345798
273203	345799
273100	345806
273021	345812
272964	345820
272915	345831
272850	345844
272806	345855
272806	345855
272806	345887
272834	345957
272836	345995
272843	346026
272845	346068
272877	346138
272884	346156
272893	346176
272922	346227
272938	346256
272957	346289
272992	346357
273018	346413
273030	346443
273031	346448
273033	346455
273038	346461
273048	346471
273059	346490
273087	346504
273116	346551
273099	346590
273074	346684
273072	346729
273068	346737
273068	346737
273073	346775
273079	346811
273082	346833
273091	346924
273108	347090
273140	347148
273152	347172
273157	347185
273164	347204
273213	347326
273284	347425
273285	347426
273285	347426
273299	347457
273308	347490
273328	347551
273346	347643
273251	347663
273184	347681
273093	347729
273009	347784
273009	347784
273007	347785
272952	347820
272846	347887
272796	347918
272787	347962
272786	347999
272784	348012
272774	348028
272734	348063
272732	348069
272731	348081
272736	348093
272789	348155
272672	348150
272642	348154
272573	348166
272509	348172
272467	348186
272385	348213
272297	348237
272241	348250
272205	348255
272175	348256
272129	348251
272089	348245
272073	348245
272063	348248
272040	348270
272018	348306
272011	348311
271973	348307
271913	348297
271845	348277
271797	348263
271752	348256
271717	348254
271695	348255
271679	348263
271663	348281
271649	348299
271641	348305
271624	348310
271614	348314
271612	348319
271615	348334
271622	348372
271616	348423
271620	348481
271625	348533
271628	348552
271639	348598
271658	348685
271678	348767
271684	348840
271683	348881
271683	348899
271677	348920
271666	348939
271643	348954
271643	348954
271579	348827
271558	348790
271555	348783
271552	348778
271547	348772
271543	348767
271514	348740
271506	348725
271502	348716
271493	348696
271449	348701
271394	348725
271363	348726
271245	348715
271171	348715
271142	348719
271087	348724
271015	348725
271003	348721
270923	348685
270870	348670
270828	348654
270757	348607
270714	348581
270702	348572
270636	348501
270593	348470
270567	348448
270551	348431
270547	348424
270536	348409
270536	348409
270511	348399
270491	348395
270468	348392
270458	348389
270444	348385
270406	348366
270387	348355
270376	348354
270365	348357
270344	348366
270328	348370
270320	348370
270307	348366
270289	348387
270279	348397
270261	348406
270240	348417
270212	348428
270212	348428
270207	348428
270202	348431
270189	348440
270178	348455
270160	348471
270157	348481
270155	348487
270150	348495
270133	348509
270088	348528
270058	348533
270045	348532
270012	348533
270000	348526
269999	348526
269999	348526
269972	348506
269927	348549
269904	348513
269904	348513
269902	348515
269849	348542
269818	348558
269801	348559
269783	348560
269745	348578
269705	348554
269676	348563
269655	348568
269642	348577
269613	348576
269588	348599
269554	348604
269524	348633
269468	348632
269345	348633
269327	348630
269256	348615
269253	348606
269250	348591
269248	348583
269249	348576
269251	348559
269251	348552
269249	348547
269242	348542
269231	348539
269211	348536
269192	348533
269186	348532
269177	348526
269155	348509
269132	348496
269123	348489
269115	348483
269108	348481
269077	348474
269051	348466
269043	348463
269031	348450
269023	348444
269020	348438
269015	348429
269013	348424
269012	348414
268995	348392
268975	348364
268965	348358
268943	348343
268931	348336
268931	348336
268928	348330
268927	348318
268924	348306
268899	348280
268898	348271
268891	348261
268870	348248
268854	348238
268854	348238
268840	348229
268827	348220
268794	348198
268772	348185
268746	348168
268730	348156
268722	348145
268718	348135
268714	348120
268710	348087
268710	348087
268711	348074
268712	348050
268703	348035
268700	348021
268696	348006
268683	347996
268666	347991
268649	347991
268619	347988
268606	347981
268573	347957
268536	347936
268485	347904
268436	347885
268411	347883
268384	347874
268330	347845
268309	347827
268306	347816
268307	347801
268304	347770
268292	347759
268283	347753
268283	347733
268281	347711
268263	347683
268251	347664
268249	347644
268246	347622
268237	347607
268216	347590
268179	347552
268139	347537
268129	347528
268126	347513
268127	347504
268140	347490
268168	347459
268167	347454
268137	347448
268112	347439
268103	347432
268095	347420
268087	347405
268077	347397
268059	347394
268022	347397
268019	347403
268020	347427
268022	347461
268019	347474
268012	347492
268002	347509
267986	347520
267937	347538
267894	347552
267878	347556
267865	347544
267849	347530
267835	347525
267815	347523
267800	347525
267784	347534
267745	347563
267698	347594
267666	347615
267653	347619
267638	347619
267627	347614
267620	347612
267605	347608
267587	347603
267575	347603
267564	347606
267546	347603
267531	347603
267514	347607
267488	347610
267471	347610
267455	347611
267441	347613
267426	347623
267413	347628
267387	347632
267354	347641
267339	347642
267321	347641
267302	347646
267284	347651
267260	347652
267229	347650
267202	347645
267171	347637
267141	347630
267132	347634
267121	347647
267107	347668
267094	347667
267085	347675
267077	347688
267070	347710
267065	347726
267058	347736
267048	347743
267031	347752
267008	347762
266992	347776
266985	347779
266975	347780
266969	347777
266963	347777
266955	347781
266942	347792
266937	347801
266927	347808
266911	347829
266911	347829
266849	347927
266849	347927
266840	347956
266816	348038
266746	348049
266680	348063
266654	348071
266571	348111
266571	348111
266485	348154
266459	348230
266448	348264
266386	348458
266396	348525
266398	348556
266404	348648
266409	348713
266409	348792
266404	348810
266388	348874
266381	348930
266379	348988
266399	349018
266416	349046
266433	349074
266458	349115
266525	349230
266601	349364
266610	349402
266621	349447
266632	349487
266636	349505
266639	349524
266645	349582
266604	349629
266574	349663
266574	349663
266597	349683
266627	349705
266651	349723
266672	349738
266678	349746
266681	349758
266686	349782
266688	349828
266684	349851
266678	349861
266662	349865
266641	349871
266623	349879
266590	349906
266567	349930
266550	349949
266545	349957
266543	349966
266538	349973
266521	349978
266498	349979
266478	349979
266437	349983
266422	349979
266396	349959
266396	349959
266380	349946
266363	349934
266346	349918
266336	349914
266327	349911
266313	349898
266300	349885
266282	349874
266267	349860
266249	349850
266234	349843
266226	349836
266216	349835
266209	349830
266198	349814
266187	349799
266177	349788
266147	349763
266137	349756
266128	349749
266120	349740
266115	349730
266114	349723
266115	349707
266112	349700
266108	349693
266108	349688
266108	349688
266097	349659
266068	349605
266068	349605
266067	349604
266066	349599
266063	349594
266056	349591
266053	349589
266051	349582
266048	349581
266040	349580
266024	349559
266024	349555
266022	349550
266019	349541
266011	349535
266004	349526
266001	349526
265997	349532
265993	349535
265984	349536
265976	349541
265970	349541
265963	349541
265961	349543
265959	349547
265960	349551
265960	349555
265958	349558
265948	349564
265938	349571
265934	349572
265928	349566
265924	349564
265906	349563
265891	349566
265880	349568
265873	349568
265869	349566
265864	349566
265847	349570
265843	349571
265837	349576
265823	349583
265801	349593
265789	349594
265780	349599
265777	349602
265776	349607
265773	349610
265766	349614
265760	349618
265755	349629
265749	349631
265743	349636
265731	349647
265717	349656
265698	349665
265687	349669
265664	349668
265648	349671
265644	349672
265632	349688
265627	349691
265619	349692
265610	349693
265608	349695
265600	349705
265592	349716
265592	349721
265592	349725
265594	349732
265592	349738
265589	349742
265590	349748
265586	349761
265582	349767
265581	349771
265581	349777
265580	349784
265578	349788
265570	349793
265566	349801
265561	349807
265554	349809
265548	349812
265546	349818
265546	349822
265544	349824
265534	349825
265533	349823
265535	349818
265534	349815
265529	349812
265524	349812
265513	349813
265498	349809
265495	349811
265490	349816
265487	349816
265462	349804
265454	349805
265450	349809
265443	349816
265437	349822
265433	349829
265430	349835
265424	349840
265410	349846
265402	349850
265393	349851
265389	349853
265383	349858
265375	349868
265370	349872
265363	349875
265355	349876
265346	349874
265326	349875
265313	349876
265309	349879
265300	349884
265295	349886
265283	349886
265262	349884
265257	349886
265243	349894
265228	349903
265223	349904
265220	349902
265215	349899
265204	349886
265197	349878
265192	349874
265172	349870
265163	349866
265152	349860
265148	349860
265141	349862
265130	349866
265118	349869
265115	349870
265109	349875
265104	349877
265100	349879
265079	349876
265074	349876
265069	349878
265061	349885
265048	349898
265042	349902
265036	349902
265028	349902
265003	349898
265003	349898
264990	349898
264985	349899
264973	349905
264966	349906
264958	349905
264955	349903
264952	349900
264948	349902
264943	349903
264933	349902
264930	349906
264925	349914
264919	349916
264911	349918
264902	349918
264894	349912
264888	349908
264885	349909
264874	349915
264858	349924
264846	349932
264841	349935
264837	349944
264833	349951
264830	349953
264821	349955
264813	349958
264804	349953
264793	349948
264784	349944
264773	349940
264758	349939
264754	349936
264746	349930
264738	349918
264728	349907
264722	349900
264719	349898
264715	349895
264710	349893
264698	349883
264691	349877
264685	349874
264679	349872
264674	349870
264669	349866
264661	349857
264659	349853
264654	349851
264650	349850
264646	349849
264642	349842
264632	349829
264626	349824
264620	349820
264613	349816
264604	349812
264596	349809
264582	349803
264572	349795
264564	349788
264554	349776
264540	349762
264536	349757
264531	349752
264527	349752
264517	349749
264502	349746
264483	349738
264467	349729
264453	349716
264443	349706
264433	349703
264415	349699
264405	349698
264391	349699
264382	349698
264370	349694
264344	349688
264323	349682
264303	349677
264279	349670
264272	349669
264264	349671
264259	349673
264255	349672
264247	349666
264240	349660
264236	349652
264229	349646
264225	349644
264220	349642
264213	349642
264210	349644
264204	349643
264199	349642
264194	349644
264185	349630
264185	349630
264159	349601
263789	349439
263576	349367
263229	349280
263037	349232
262722	349173
262603	349155
262521	349139
262456	349113
262156	348979
261962	348917
261784	348862
261597	348810
261486	348786
261324	348751
261324	348751
261330	348758
261339	348774
261347	348791
261350	348794
261359	348796
261367	348798
261371	348800
261375	348803
261379	348811
261382	348815
261384	348816
261395	348815
261397	348816
261399	348820
261400	348825
261401	348829
261408	348837
261409	348839
261409	348843
261410	348852
261409	348860
261410	348865
261414	348870
261422	348881
261428	348890
261431	348896
261433	348901
261435	348907
261435	348937
261436	348950
261434	348963
261433	348984
261433	348993
261433	349022
261433	349035
261434	349049
261434	349049
261429	349101
261429	349112
261427	349116
261421	349125
261413	349137
261410	349145
261410	349154
261409	349158
261403	349168
261386	349184
261381	349187
261366	349191
261354	349193
261349	349193
261339	349183
261331	349180
261325	349181
261299	349188
261281	349197
261248	349215
261230	349223
261225	349227
261221	349231
261215	349239
261210	349245
261202	349249
261180	349247
261169	349247
261107	349232
261073	349225
261048	349225
261026	349226
261005	349226
260975	349221
260931	349213
260899	349209
260878	349203
260862	349194
260849	349184
260836	349173
260819	349156
260805	349141
260787	349118
260774	349084
260765	349064
260751	349042
260743	349033
260721	349021
260679	348998
260664	348992
260647	348987
260633	348984
260614	348984
260587	348989
260571	348991
260562	348990
260549	348987
260531	348982
260514	348981
260482	348979
260466	348975
260451	348970
260436	348966
260422	348964
260366	348967
260330	348971
260296	348974
260266	348976
260246	348975
260230	348974
260215	348969
260200	348963
260180	348953
260165	348942
260150	348929
260141	348919
260124	348893
260120	348885
260094	348840
260074	348807
260067	348796
260067	348796
260055	348781
260045	348773
260031	348768
260017	348765
260001	348766
259987	348769
259981	348773
259976	348782
259974	348789
259973	348800
259975	348825
259979	348858
259977	348870
259967	348881
259952	348888
259936	348891
259905	348889
259870	348882
259848	348874
259824	348863
259804	348850
259789	348836
259782	348825
259766	348801
259746	348766
259724	348723
259716	348700
259698	348671
259648	348613
259619	348581
259587	348557
259555	348532
259533	348505
259520	348493
259510	348491
259498	348492
259483	348496
259465	348503
259442	348516
259412	348526
259401	348527
259391	348520
259386	348510
259370	348462
259357	348430
259346	348412
259322	348385
259307	348354
259287	348312
259267	348256
259259	348235
259253	348225
259242	348216
259207	348190
259171	348152
259151	348125
259144	348108
259143	348087
259154	348006
259167	347917
259169	347857
259172	347825
259180	347784
259191	347748
259207	347714
259211	347698
259211	347680
259191	347578
259192	347539
259186	347489
259165	347406
259159	347377
259162	347358
259166	347345
259174	347330
259187	347319
259202	347313
259213	347309
259223	347299
259229	347282
259229	347268
259212	347236
259195	347209
259191	347191
259180	347122
259169	347064
259169	347041
259172	347023
259187	346990
259196	346976
259205	346970
259214	346969
259235	346965
259245	346960
259251	346953
259257	346940
259260	346921
259266	346895
259284	346858
259295	346843
259317	346828
259356	346796
259419	346734
259438	346709
259470	346668
259492	346646
259511	346613
259532	346563
259539	346546
259542	346531
259542	346512
259538	346486
259533	346452
259526	346412
259521	346390
259511	346367
259489	346340
259455	346303
259438	346278
259437	346260
259437	346248
259448	346221
259473	346185
259494	346167
259505	346166
259515	346146
259518	346126
259499	346099
259464	346064
259455	346050
259450	346009
259452	345991
259463	345975
259475	345966
259493	345948
259497	345934
259496	345907
259492	345880
259487	345868
259463	345829
259455	345818
259455	345803
259461	345789
259479	345756
259495	345736
259509	345726
259521	345713
259538	345687
259562	345638
259592	345566
259606	345514
259622	345454
259638	345400
259656	345364
259687	345332
259747	345274
259781	345247
259801	345217
259805	345200
259803	345184
259797	345173
259766	345146
259694	345088
259664	345061
259619	345013
259560	344978
259534	344971
259521	344974
259507	344986
259485	345012
259461	345024
259443	345025
259429	345022
259408	345009
259390	344984
259375	344947
259351	344851
259337	344777
259335	344742
259337	344670
259335	344623
259335	344623
259333	344527
259328	344457
259322	344384
259320	344321
259321	344302
259321	344284
259331	344260
259335	344248
259337	344200
259338	344132
259344	344056
259350	344022
259352	343996
259365	343956
259386	343916
259426	343879
259447	343862
259499	343833
259505	343826
259512	343820
259520	343804
259525	343773
259514	343694
259486	343617
259482	343607
259477	343599
259436	343533
259401	343497
259372	343472
259336	343444
259268	343399
259250	343389
259232	343375
259213	343338
259204	343297
259202	343267
259202	343267
259185	343190
259173	343116
259174	343097
259175	343088
259176	343079
259184	343042
259184	343036
259184	343031
259164	343005
259166	342998
259175	342977
259175	342943
259171	342892
259152	342796
259104	342605
259079	342490
259068	342463
259054	342423
259039	342370
259017	342301
258988	342222
258981	342183
258978	342128
258979	342057
258983	342005
258992	341976
259026	341915
259091	341773
259128	341695
259168	341619
259211	341523
259250	341459
259283	341403
259306	341361
259326	341343
259364	341318
259422	341294
259545	341240
259635	341220
259714	341207
259764	341195
259782	341187
259803	341175
259834	341143
259835	341135
259835	341127
259831	341103
259818	341055
259768	340999
259717	340962
259678	340945
259635	340940
259572	340930
259468	340904
259363	340870
259299	340833
259245	340780
259225	340758
259155	340680
259144	340662
259135	340638
259123	340592
259129	340568
259137	340552
259171	340534
259181	340535
259192	340536
259219	340551
259263	340573
259279	340572
259297	340562
259308	340550
259316	340531
259316	340514
259312	340451
259313	340404
259325	340382
259352	340360
259396	340328
259409	340320
259409	340320
259448	340312
259482	340313
259553	340334
259558	340329
259563	340323
259573	340301
259592	340265
259631	340180
259659	340112
259666	340084
259669	340069
259671	340055
259676	340000
259676	340000
259677	339958
259677	339925
259674	339917
259671	339912
259668	339909
259664	339907
259660	339905
259655	339904
259649	339904
259563	339889
259485	339866
259459	339851
259432	339839
259419	339833
259387	339821
259372	339815
259358	339808
259327	339793
259316	339786
259297	339773
259287	339761
259281	339753
259277	339745
259274	339738
259272	339730
259271	339721
259270	339710
259270	339699
259271	339687
259274	339671
259319	339554
259325	339532
259331	339503
259332	339495
259336	339458
259336	339443
259336	339430
259334	339417
259331	339403
259327	339390
259325	339384
259297	339361
259253	339329
259192	339278
259172	339265
259134	339232
259087	339189
259051	339158
259019	339134
258992	339109
258959	339082
258917	339052
258898	339042
258880	339031
258876	339019
258876	339019
258871	338999
258864	338989
258841	338956
258817	338907
258782	338832
258768	338807
258752	338775
258736	338751
258718	338724
258700	338703
258655	338660
258628	338637
258581	338597
258562	338582
258543	338562
258541	338560
258541	338560
258534	338539
258503	338481
258472	338424
258466	338402
258467	338384
258473	338362
258479	338344
258477	338331
258471	338316
258455	338305
258439	338301
258422	338303
258399	338308
258372	338311
258357	338308
258325	338289
258316	338279
258312	338269
258304	338249
258290	338228
258271	338213
258253	338205
258236	338206
258225	338213
258218	338228
258208	338245
258196	338258
258162	338273
258124	338285
258084	338284
258070	338273
258055	338255
258025	338224
257991	338207
257960	338205
257934	338206
257868	338217
257816	338229
257744	338248
257722	338258
257722	338258
257716	338263
257704	338274
257688	338287
257675	338301
257662	338307
257647	338318
257628	338330
257599	338305
257551	338261
257551	338261
257544	338255
257526	338238
257526	338238
257421	338138
257099	337827
256943	337676
256796	337537
256796	337537
256763	337512
256736	337489
256706	337458
256689	337435
256686	337410
256684	337384
256668	337351
256646	337315
256627	337277
256611	337260
256587	337240
256555	337223
256533	337205
256533	337205
256493	337156
256452	337115
256416	337081
256381	337040
256328	336966
256309	336941
256275	336898
256243	336863
256205	336827
256172	336789
256158	336770
256087	336665
256066	336627
256057	336598
256045	336554
256033	336507
256009	336432
255990	336391
255958	336330
255915	336263
255871	336201
255833	336140
255808	336096
255763	336008
255731	335946
255716	335923
255677	335866
255594	335773
255579	335757
255490	335662
255422	335587
255331	335485
255276	335419
255200	335344
255145	335310
255079	335275
255047	335267
255011	335261
255011	335261
254991	335256
254958	335245
254935	335233
254895	335207
254839	335157
254788	335114
254725	335033
254661	334917
254614	334852
254568	334785
