1
5879
0
299649	373917
299451	373980
299445	373974
299444	373971
299442	373967
299441	373955
299405	373958
299259	373939
299157	373923
299120	373916
299119	373916
299119	373916
299089	373910
299039	373913
299016	373911
298996	373908
298964	373905
298932	373903
298885	373906
298860	373912
298830	373922
298791	373925
298765	373925
298691	373921
298661	373921
298630	373924
298586	373930
298443	373917
298404	373912
298312	373936
298248	373955
298079	373992
298079	373992
298099	374020
298250	374205
298266	374216
298369	374261
298498	374319
298486	374382
298455	374544
298452	374570
298458	374620
298457	374642
298445	374682
298436	374706
298399	374744
298355	374791
298304	374845
298282	374882
298229	374995
298229	375001
298229	375001
298186	375107
298163	375184
298163	375239
298176	375304
298204	375417
298204	375417
298222	375490
298254	375628
298254	375628
298271	375663
298272	375677
298293	375770
298297	375777
298297	375777
298297	375780
298298	375784
298301	375790
298307	375807
298380	376033
298396	376089
298396	376089
298346	376208
298346	376208
298346	376209
298346	376217
298345	376221
298344	376226
298342	376230
298319	376261
298345	376335
298360	376362
298375	376402
298379	376418
298387	376440
298394	376466
298398	376476
298406	376491
298419	376531
298438	376577
298442	376589
298445	376601
298448	376627
298455	376642
298451	376663
298453	376687
298459	376710
298452	376725
298458	376742
298459	376746
298460	376766
298461	376774
298465	376782
298471	376791
298476	376799
298479	376807
298481	376815
298482	376823
298483	376841
298487	376854
298490	376861
298496	376870
298517	376895
298521	376902
298525	376911
298528	376919
298535	376954
298540	376973
298540	376973
298575	377018
298604	377062
298612	377093
298614	377128
298604	377148
298582	377223
298586	377244
298615	377265
298615	377265
298640	377349
298640	377349
298663	377413
298679	377449
298693	377467
298723	377467
298754	377458
298777	377455
298796	377459
298814	377466
298841	377479
298867	377500
298887	377516
298915	377519
298945	377509
298966	377497
298998	377504
299023	377503
299047	377491
299068	377481
299094	377482
299098	377493
299100	377520
299110	377534
299163	377547
299214	377549
299232	377551
299249	377567
299258	377589
299275	377626
299313	377654
299327	377676
299325	377711
299329	377732
299352	377762
299376	377791
299399	377805
299399	377805
299445	377807
299550	377818
299564	377820
299564	377820
299578	377828
299632	377838
299680	377842
299716	377845
299747	377852
299781	377865
299809	377869
299855	377881
299893	377889
299910	377896
299915	377908
299904	377921
299876	377936
299871	377944
299873	377953
299888	377966
299922	377993
299922	377993
299835	378108
299835	378108
299835	378122
299843	378145
299854	378164
299888	378154
299904	378128
299927	378108
299947	378116
299959	378135
299969	378151
299982	378154
299994	378141
300017	378135
300031	378153
300034	378172
300028	378192
300023	378208
300000	378227
299981	378235
299960	378234
299936	378228
299876	378226
299784	378256
299711	378279
299711	378279
299708	378282
299709	378307
299707	378327
299704	378340
299701	378349
299693	378365
299690	378375
299686	378387
299685	378392
299685	378403
299688	378415
299697	378448
299699	378456
299701	378461
299708	378474
299716	378485
299718	378487
299738	378493
299742	378495
299751	378499
299763	378506
299769	378510
299778	378518
299782	378526
299786	378537
299793	378583
299794	378588
299799	378596
299805	378610
299814	378627
299833	378694
299830	378714
299826	378717
299823	378719
299819	378719
299817	378718
299802	378711
299794	378709
299788	378708
299776	378707
299767	378708
299753	378713
299727	378726
299719	378730
299708	378741
299704	378748
299701	378758
299700	378762
299700	378771
299701	378778
299703	378781
299710	378787
299735	378802
299740	378807
299744	378812
299746	378817
299747	378825
299745	378841
299742	378848
299739	378855
299729	378865
299716	378876
299692	378881
299686	378884
299683	378887
299679	378891
299675	378908
299681	378931
299691	378966
299680	379004
299680	379011
299682	379017
299684	379023
299688	379029
299714	379061
299722	379068
299726	379071
299735	379075
299804	379099
299807	379101
299812	379105
299815	379109
299826	379121
299841	379141
299847	379148
299851	379152
299862	379160
299875	379166
299881	379167
299890	379169
299900	379170
299907	379170
299922	379167
299926	379165
299931	379162
299936	379158
299943	379150
299952	379134
299955	379126
299956	379120
299966	379044
299968	379036
299972	379027
299975	379023
299980	379017
300000	379000
300012	379000
300020	379000
300027	379001
300040	379003
300050	379006
300056	379007
300082	379019
300102	379029
300112	379034
300146	379040
300201	379048
300214	379051
300223	379054
300240	379061
300247	379066
300250	379069
300255	379075
300259	379080
300272	379102
300278	379118
300280	379125
300282	379133
300284	379157
300283	379188
300284	379212
300286	379231
300288	379241
300289	379247
300292	379255
300303	379282
300343	379390
300347	379398
300351	379405
300351	379405
300349	379425
300368	379498
300379	379531
300348	379559
300309	379601
300225	379673
300200	379697
300192	379716
300192	379716
300191	379718
300160	379799
300148	379834
300149	379853
300148	379876
300128	379917
300096	379972
300082	379989
300082	379989
300095	380017
300113	380053
300141	380099
300162	380129
300193	380165
300217	380184
300217	380184
300325	380258
300325	380258
300337	380269
300340	380291
300335	380322
300291	380414
300276	380443
300270	380468
300269	380486
300265	380521
300265	380546
300266	380565
300266	380565
300226	380609
300188	380648
300188	380648
300177	380652
300147	380662
300127	380668
300113	380674
300099	380683
300099	380683
300051	380730
300039	380739
300030	380739
300013	380738
299971	380719
299933	380705
299859	380688
299835	380684
299835	380684
299825	380686
299813	380687
299797	380692
299781	380693
299775	380697
299775	380697
299769	380703
299694	380786
299694	380786
299687	380794
299678	380815
299672	380828
299665	380850
299665	380850
299691	380867
299703	380872
299737	380890
299752	380902
299760	380911
299806	380965
299833	380993
299866	381025
299867	381027
299867	381027
299881	381057
299886	381068
299891	381083
299892	381088
299893	381095
299891	381119
299892	381158
299892	381205
299893	381217
299896	381234
299904	381264
299904	381264
299931	381307
299988	381416
300030	381600
300033	381723
300024	381825
299997	381955
299955	382052
299916	382187
299928	382254
299912	382304
299868	382372
299824	382408
299824	382408
299822	382422
299823	382442
299837	382480
299864	382530
299892	382569
299919	382646
299937	382696
299947	382758
299956	382928
299940	383026
299918	383097
299809	383428
299702	383676
299655	383773
299536	384054
299517	384119
299397	384392
299376	384451
299234	384786
299095	385122
298964	385445
298832	385758
298685	386112
298406	386778
298135	387435
297978	387810
297978	387810
298185	387906
298820	388096
299252	388197
299553	388258
300519	388343
301061	388295
301117	388290
301672	388453
301895	388513
302696	388804
303194	389078
303611	389284
304779	389804
306093	390203
306274	390232
306334	390252
307289	390596
307579	390691
308331	390917
308794	391034
308868	391049
308996	391074
309509	391168
309980	391222
309980	391222
310260	391254
312210	391343
312463	391348
313429	391264
313563	391228
313841	391625
314004	392599
314012	392649
314032	392722
314032	392722
314061	392623
314251	392020
314265	391931
314478	391336
314517	391236
314736	390641
314779	390501
314999	390000
315044	389875
315304	389268
315567	388588
315591	388521
315852	387895
315900	387777
316109	387353
316196	387206
316223	387173
316223	387173
316293	387035
316373	386877
316455	386718
316537	386560
316619	386401
316705	386242
316794	386083
316886	385924
316983	385763
317080	385603
317186	385441
317291	385280
317402	385116
317519	384949
317634	384788
317652	384763
317763	384616
317777	384597
317890	384443
317905	384423
318025	384270
318044	384249
318163	384097
318179	384077
318296	383925
318349	383857
318421	383764
318434	383761
318576	383602
318719	383442
318735	383426
318881	383271
318963	383183
319036	383108
319067	383067
319067	383067
319322	382801
319591	382536
319972	382158
319999	382131
319999	382131
320041	382033
320310	381720
320676	381395
321043	381054
321103	381012
321441	380729
321523	380675
321881	380396
322000	380302
322266	380057
322538	379722
322565	379689
322812	379374
323097	379052
323384	378724
323678	378396
323983	378066
324304	377737
324624	377406
324953	377061
325211	376826
325374	376684
325485	376603
325485	376603
325497	376591
325584	376496
325619	376454
325666	376404
325696	376364
325768	376289
325835	376213
325846	376196
325852	376187
325852	376187
325893	376120
325952	376024
325967	376000
325991	375964
326038	375891
326068	375847
326108	375787
326133	375752
326170	375695
326183	375679
326234	375602
326237	375596
326237	375596
326249	375579
326287	375523
326356	375420
326410	375339
326491	375220
326551	375131
326551	375131
326579	375089
326606	375049
326640	375000
326640	375000
326759	374824
326759	374824
326885	374645
326901	374624
326901	374624
326989	374508
327042	374436
327042	374436
327049	374426
327049	374426
327055	374422
327055	374422
327114	374350
327165	374292
327165	374292
327177	374278
327177	374278
327240	374217
327240	374217
327263	374193
327263	374193
327357	374097
327408	374053
327477	373994
327511	373965
327511	373965
327645	373859
327754	373786
327760	373782
327837	373737
327884	373711
327884	373711
327962	373669
328009	373647
328078	373620
328181	373580
328211	373568
328307	373536
328391	373509
328408	373505
328408	373505
328448	373493
328448	373493
328558	373462
328650	373442
328766	373420
328801	373416
328879	373411
329263	373382
329300	373380
329300	373380
329444	373371
329600	373357
329741	373348
329870	373335
329999	373322
329999	373322
330000	373322
330130	373311
330130	373311
330179	373307
330385	373293
330622	373280
330770	373269
330970	373254
330970	373254
330973	373254
331164	373146
331396	373013
331569	372914
331645	372870
331645	372870
331672	372855
331818	372737
331845	372714
331866	372697
331947	372634
332012	372579
332017	372583
332050	372556
332081	372531
332112	372506
332174	372458
332264	372384
332269	372380
332269	372380
332333	372327
332501	372193
332548	372158
332545	372149
332781	371958
332810	371935
332913	371856
333019	371777
333019	371777
333070	371741
333164	371669
333248	371607
333350	371527
333460	371444
333508	371401
333508	371401
333651	371284
333765	371186
333816	371145
333816	371145
333844	371122
333893	371075
333983	370984
334086	370876
334253	370705
334310	370648
334347	370610
334423	370553
334594	370424
334715	370334
334815	370261
334889	370188
334959	370122
334999	370079
334999	370079
335000	370079
335046	370030
335077	370000
335084	369994
335084	369994
335176	369908
335255	369832
335337	369748
335438	369650
335502	369584
335550	369534
335584	369504
335837	369310
335948	369222
336079	369120
336127	369084
336175	369049
336270	368981
336373	368913
336434	368871
336480	368835
336534	368790
336618	368723
336685	368665
336705	368642
336748	368545
336809	368407
336864	368268
336910	368163
336902	368160
336925	368116
336951	368061
336999	367965
337064	367853
337064	367853
337061	367851
337147	367708
337187	367634
337214	367587
337214	367587
337284	367467
337367	367329
337463	367162
337482	367136
337577	367024
337589	367008
337597	366999
337608	366989
337619	366979
337629	366972
337646	366961
337757	366904
337792	366886
337792	366886
337865	366843
337944	366797
338015	366757
338026	366746
338037	366734
338054	366715
338070	366696
338100	366657
338153	366595
338221	366509
338282	366393
338363	366309
338411	366261
338471	366195
338557	365733
338569	365624
338577	365583
338594	365529
338592	365488
338592	365488
338591	365475
338589	365446
338589	365446
338588	365444
338584	365402
338584	365402
338586	365353
338588	365318
338594	365220
338593	365136
338589	365097
338589	365097
338588	365086
338583	365039
338577	365000
338577	365000
338567	364940
338555	364888
338547	364848
338543	364836
338462	364709
338433	364666
338414	364638
338357	364589
338279	364524
338203	364464
338161	364426
338141	364352
338110	364251
338089	364231
338078	364218
338078	364218
337998	364177
337908	364127
337811	364073
337729	364026
337667	363991
337616	363958
337562	363920
337489	363876
337449	363848
337401	363811
337348	363774
337235	363702
337235	363702
337209	363686
337173	363666
337079	363610
337039	363580
336997	363555
336986	363545
336983	363540
336983	363540
336969	363549
336959	363564
336942	363580
336936	363603
336933	363610
336917	363622
336897	363640
336889	363651
336874	363677
336861	363695
336848	363712
336818	363749
336760	363705
336702	363665
336659	363628
336517	363624
336489	363607
336458	363588
336425	363573
336352	363559
336317	363539
336304	363530
336275	363509
336249	363487
336177	363417
336165	363398
336157	363387
336129	363390
336073	363368
335936	363317
335831	363277
335812	363264
335786	363247
335753	363230
335741	363221
335723	363196
335711	363184
335685	363154
335638	363109
335575	363044
335551	363024
335527	363001
335489	362961
335489	362961
335458	362979
335418	363003
335379	363028
335370	363034
335361	363038
335350	363043
335327	363050
335281	363060
335222	363071
335215	363066
335192	363067
335182	363067
335182	363067
335179	363067
335168	363038
335142	362991
335127	362971
335084	362916
335016	362840
335000	362824
334999	362824
334999	362824
334923	362751
334897	362707
334892	362701
334888	362697
334883	362694
334878	362691
334870	362689
334863	362688
334853	362688
334843	362689
334818	362694
334796	362697
334779	362699
334762	362699
334753	362699
334735	362696
334689	362687
334674	362683
334639	362674
334623	362668
334586	362650
334569	362640
334559	362632
334534	362611
334530	362608
334525	362605
334509	362598
334480	362583
334466	362577
334452	362593
334414	362620
334401	362630
334373	362662
334340	362698
334316	362725
334314	362728
334326	362774
334296	362799
334273	362823
334259	362836
334213	362799
334205	362794
334198	362790
334186	362786
334166	362784
334140	362779
334128	362773
334122	362769
334116	362762
334087	362728
334066	362695
334058	362684
334023	362654
333991	362672
333969	362698
333953	362696
333931	362716
333927	362718
333922	362720
333916	362723
333910	362724
333902	362724
333867	362702
333852	362688
333864	362659
333826	362649
333768	362636
333745	362628
333744	362610
333749	362584
333738	362566
333739	362558
333739	362551
333739	362546
333737	362541
333731	362530
333707	362498
333701	362489
333697	362482
333695	362478
333694	362473
333693	362444
333692	362440
333690	362436
333686	362431
333680	362424
333675	362419
333663	362411
333647	362404
333640	362402
333622	362397
333610	362392
333600	362386
333587	362375
333582	362372
333574	362370
333553	362356
333557	362337
333572	362330
333582	362326
333586	362316
333595	362309
333603	362299
333608	362291
333619	362283
333627	362279
333681	362253
333696	362253
333696	362253
333714	362253
333727	362244
333734	362242
333754	362245
333797	362238
333835	362232
333863	362225
333921	362201
333971	362178
333985	362169
334000	362145
334010	362130
334018	362127
334027	362126
334044	362116
334051	362096
334051	362082
334049	362058
334056	362042
334063	362015
334068	362001
334075	361989
334089	361969
334107	361952
334129	361925
334128	361909
334130	361894
334119	361885
334112	361870
334122	361857
334126	361849
334127	361822
334140	361811
334155	361789
334164	361761
334174	361746
334190	361753
334202	361754
334216	361749
334221	361746
334221	361722
334231	361700
334236	361684
334237	361654
334241	361639
334243	361635
334247	361633
334250	361633
334252	361633
334255	361634
334270	361652
334286	361667
334307	361693
334365	361744
334377	361752
334388	361755
334394	361756
334408	361756
334411	361757
334416	361759
334424	361764
334430	361767
334447	361780
334457	361786
334466	361789
334469	361789
334487	361788
334495	361788
334501	361789
334507	361791
334515	361794
334522	361798
334527	361802
334531	361807
334532	361809
334529	361844
334531	361871
334531	361897
334525	361928
334521	361949
334517	361963
334527	361969
334557	361936
334566	361929
334590	361944
334610	361910
334637	361870
334648	361845
334720	361708
334773	361604
334811	361526
334916	361319
334963	361222
334998	361148
334999	361143
335000	361141
335000	361139
335000	361139
335063	361023
335129	360889
335268	360616
335354	360439
335418	360315
335576	360000
335607	359944
335613	359943
335613	359943
335592	359946
335567	359949
335510	359955
335499	359956
335451	359966
335400	359974
335371	359977
335334	359984
335299	359987
335257	359993
335211	359993
335205	359994
335201	359995
335197	359997
335197	360000
335192	360005
335168	360017
335152	360029
335140	360041
335121	360056
335113	360063
335106	360070
335092	360084
335084	360092
335075	360098
335059	360110
335047	360113
335042	360113
335031	360112
335017	360108
335000	360102
334977	360093
334965	360086
334957	360081
334946	360076
334931	360071
334914	360064
334837	360021
334824	360012
334800	360000
334773	359983
334760	359972
334749	359976
334742	359980
334731	359973
334720	359962
334696	359948
334680	359937
334676	359934
334665	359930
334649	359922
334629	359915
334602	359901
334572	359894
334562	359892
334553	359889
334539	359882
334514	359877
334509	359876
334505	359873
334496	359862
334494	359859
334489	359846
334481	359842
334476	359841
334471	359840
334459	359842
334449	359847
334438	359855
334432	359863
334415	359875
334409	359876
334402	359885
334392	359892
334385	359895
334371	359900
334364	359902
334351	359904
334343	359902
334321	359897
334313	359892
334310	359889
334308	359885
334307	359876
334304	359875
334295	359874
334287	359866
334283	359863
334272	359857
334265	359855
334256	359853
334247	359852
334232	359852
334222	359850
334212	359847
334194	359840
334174	359830
334167	359827
334153	359824
334140	359822
334127	359818
334116	359815
334111	359808
334106	359799
334099	359796
334081	359796
334069	359795
334060	359796
334042	359790
334028	359786
334004	359787
333998	359787
333989	359783
333982	359783
333975	359783
333947	359783
333931	359783
333918	359784
333906	359779
333901	359779
333896	359779
333886	359783
333866	359802
333855	359803
333829	359804
333817	359805
333814	359805
333804	359793
333801	359789
333798	359775
333774	359748
333769	359743
333762	359737
333754	359732
333743	359731
333730	359723
333726	359722
333711	359719
333703	359716
333684	359705
333674	359699
333663	359701
333653	359707
333643	359705
333631	359707
333622	359712
333614	359718
333605	359720
333599	359725
333592	359731
333585	359733
333561	359726
333548	359724
333524	359732
333513	359732
333505	359730
333500	359727
333488	359717
333469	359706
333462	359701
333445	359687
333436	359675
333407	359658
333400	359650
333390	359636
333372	359613
333361	359600
333354	359588
333349	359582
333342	359580
333339	359574
333334	359555
333323	359550
333321	359543
333319	359536
333318	359528
333318	359519
333320	359508
333320	359486
333318	359473
333322	359456
333322	359450
333317	359441
333305	359431
333295	359422
333289	359404
333285	359385
333279	359369
333269	359356
333257	359347
333242	359340
333232	359334
333226	359327
333223	359319
333223	359314
333223	359301
333222	359291
333216	359283
333210	359268
333208	359263
333189	359252
333179	359243
333149	359213
333144	359207
333136	359194
333124	359172
333117	359166
333108	359163
333097	359156
333091	359148
333081	359138
333067	359132
333040	359124
333010	359117
332999	359111
332986	359105
332960	359088
332946	359081
332920	359069
332901	359054
332890	359049
332878	359035
332869	359028
332859	359023
332837	359025
332828	359021
332822	359014
332822	359008
332828	358998
332830	358989
332833	358980
332837	358951
332845	358925
332852	358895
332855	358884
332857	358876
332860	358868
332864	358861
332879	358843
332882	358809
332883	358802
332889	358781
332884	358762
332882	358756
332885	358743
332906	358694
332948	358590
332939	358586
332907	358573
332892	358564
332882	358561
332851	358552
332832	358544
332823	358539
332818	358536
332807	358521
332802	358517
332796	358514
332785	358508
332779	358504
332783	358491
332792	358475
332794	358466
332799	358437
332804	358419
332810	358386
332813	358378
332810	358374
332789	358351
332780	358342
332770	358330
332765	358322
332760	358313
332753	358294
332747	358281
332744	358268
332743	358257
332744	358243
332746	358240
332764	358218
332769	358207
332770	358200
332770	358193
332767	358175
332766	358158
332760	358136
332758	358120
332759	358096
332759	358087
332754	358075
332750	358069
332739	358059
332731	358048
332724	358031
332715	358018
332663	357948
332662	357938
332660	357933
332657	357927
332649	357917
332628	357897
332612	357887
332573	357866
332568	357860
332554	357842
332550	357838
332537	357827
332528	357817
332517	357801
332513	357791
332511	357788
332508	357784
332504	357781
332483	357767
332467	357755
332459	357738
332447	357712
332440	357691
332430	357678
332428	357674
332432	357668
332433	357658
332431	357651
332428	357638
332425	357632
332417	357620
332405	357614
332388	357616
332366	357620
332349	357620
332339	357610
332332	357595
332330	357589
332328	357577
332327	357559
332320	357546
332312	357530
332307	357510
332306	357490
332304	357477
332291	357458
332281	357443
332238	357392
332202	357354
332186	357335
332174	357324
332163	357318
332144	357322
332132	357327
332108	357338
332096	357344
332059	357367
332046	357376
332026	357380
331989	357383
331977	357379
331957	357354
331936	357322
331938	357288
331938	357269
331936	357260
331934	357252
331926	357237
331919	357217
331908	357203
331902	357188
331893	357179
331872	357157
331854	357136
331806	357099
331792	357087
331765	357066
331738	357038
331730	357031
331706	357013
331684	356994
331676	356988
331667	356983
331651	356975
331636	356969
331613	356961
331598	356959
331575	356965
331569	356965
331563	356964
331548	356960
331539	356949
331537	356928
331536	356922
331532	356910
331510	356888
331501	356874
331493	356857
331490	356837
331485	356821
331478	356810
331464	356802
331427	356783
331410	356772
331390	356760
331383	356757
331377	356755
331371	356754
331357	356755
331332	356761
331325	356762
331290	356775
331284	356777
331270	356780
331255	356776
331250	356773
331234	356762
331227	356759
331220	356756
331212	356754
331205	356752
331195	356751
331202	356722
331208	356672
331210	356661
331213	356650
331233	356596
331235	356584
331236	356579
331236	356568
331235	356563
331233	356549
331232	356520
331231	356470
331234	356441
331234	356423
331232	356406
331231	356397
331227	356382
331224	356357
331224	356352
331238	356304
331251	356282
331256	356263
331260	356255
331269	356236
331279	356209
331284	356179
331286	356166
331294	356131
331301	356095
331302	356076
331302	356057
331305	356017
331308	355993
331312	355933
331313	355906
331316	355884
331317	355874
331316	355854
331314	355824
331311	355801
331312	355785
331312	355785
331313	355764
331312	355753
331311	355743
331306	355729
331294	355703
331290	355665
331287	355645
331286	355637
331286	355622
331286	355593
331286	355587
331284	355576
331241	355592
331229	355599
331220	355611
331195	355655
331189	355671
331187	355678
331187	355685
331187	355688
331190	355693
331196	355702
331204	355712
331217	355725
331224	355735
331226	355741
331234	355761
331236	355784
331236	355784
331236	355789
331236	355792
331233	355799
331228	355800
331215	355802
331208	355805
331209	355820
331208	355831
331207	355854
331204	355878
331200	355891
331199	355901
331184	355912
331174	355936
331166	355949
331155	355962
331140	355974
331113	355990
331088	356008
331077	356012
331065	356011
331050	356011
331039	356014
331036	356017
331033	356020
331038	356055
331038	356061
331037	356064
331033	356069
331024	356070
331013	356071
330997	356066
330979	356056
330963	356050
330934	356046
330925	356042
330918	356033
330912	356019
330904	356004
330897	355998
330887	355994
330881	355996
330863	356001
330848	356001
330826	356002
330810	356005
330804	356006
330796	356005
330790	355998
330790	355991
330810	355967
330812	355961
330810	355956
330802	355950
330785	355952
330772	355956
330758	355958
330747	355959
330735	355957
330729	355955
330718	355950
330707	355944
330702	355940
330695	355932
330689	355906
330687	355900
330683	355890
330678	355883
330675	355879
330664	355873
330633	355864
330617	355857
330605	355849
330587	355840
330580	355836
330574	355832
330565	355823
330556	355805
330554	355796
330552	355788
330552	355788
330550	355768
330543	355743
330543	355732
330544	355703
330543	355688
330549	355660
330554	355631
330558	355614
330562	355599
330563	355590
330566	355582
330577	355577
330589	355575
330600	355571
330603	355568
330607	355563
330609	355560
330607	355553
330596	355545
330586	355531
330577	355514
330572	355503
330560	355471
330553	355454
330538	355429
330527	355416
330508	355401
330487	355382
330481	355376
330468	355366
330461	355362
330446	355355
330439	355350
330433	355346
330418	355333
330410	355328
330402	355322
330386	355314
330373	355309
330356	355308
330344	355308
330332	355308
330301	355313
330290	355315
330290	355315
330257	355323
330241	355323
330235	355321
330232	355307
330231	355282
330221	355262
330201	355250
330180	355244
330168	355248
330163	355260
330163	355260
330147	355270
330126	355280
330094	355287
330078	355292
330070	355292
330067	355289
330063	355283
330054	355272
330047	355266
330037	355260
330021	355255
330002	355252
329983	355252
329962	355255
329954	355249
329939	355228
329933	355222
329924	355222
329908	355223
329876	355226
329842	355220
329825	355208
329812	355166
329808	355155
329795	355149
329782	355141
329775	355138
329741	355148
329736	355149
329725	355149
329709	355147
329696	355143
329681	355138
329662	355144
329651	355155
329639	355162
329629	355164
329614	355156
329581	355120
329569	355107
329566	355100
329569	355077
329567	355070
329564	355066
329554	355066
329544	355072
329527	355103
329512	355123
329505	355124
329490	355122
329464	355112
329407	355071
329383	355057
329364	355039
329318	355004
329310	354994
329279	354970
329273	354968
329267	354965
329253	354963
329247	354963
329236	354968
329226	354974
329221	354977
329217	354981
329214	354986
329211	354993
329209	355000
329205	355004
329202	355006
329189	355007
329183	355007
329179	355006
329175	355005
329170	355002
329162	354997
329155	354994
329145	354989
329139	354989
329134	354989
329130	354990
329128	354989
329127	354988
329127	354984
329128	354973
329130	354966
329129	354959
329129	354952
329128	354942
329127	354935
329126	354929
329129	354919
329131	354914
329131	354909
329128	354896
329123	354879
329120	354871
329117	354863
329107	354856
329101	354852
329095	354851
329090	354852
329084	354854
329078	354858
329072	354864
329064	354874
329058	354885
329051	354893
329044	354900
329034	354906
329025	354914
329012	354925
328996	354940
328987	354941
328981	354942
328968	354943
328951	354945
328929	354952
328913	354960
328907	354965
328902	354972
328897	354984
328894	354986
328890	354986
328887	354985
328880	354978
328863	354961
328847	354945
328840	354942
328831	354939
328824	354939
328820	354940
328808	354943
328798	354949
328789	354957
328783	354974
328784	354996
328784	355022
328783	355051
328784	355080
328778	355103
328773	355126
328761	355143
328755	355157
328748	355181
328752	355204
328752	355215
328750	355222
328745	355230
328726	355253
328700	355274
328691	355280
328684	355282
328678	355282
328674	355280
328673	355270
328671	355262
328672	355255
328674	355248
328673	355246
328655	355240
328641	355230
328636	355229
328624	355234
328606	355243
328599	355246
328589	355248
328583	355237
328576	355232
328568	355235
328563	355239
328558	355242
328553	355243
328549	355242
328533	355230
328506	355211
328499	355208
328495	355207
328487	355211
328483	355214
328476	355219
328470	355224
328463	355227
328455	355226
328443	355224
328434	355225
328429	355223
328427	355215
328424	355211
328388	355209
328388	355209
328379	355217
328377	355220
328373	355225
328369	355237
328367	355239
328364	355241
328361	355242
328351	355240
328347	355245
328341	355243
328326	355237
328281	355204
328263	355194
328255	355194
328251	355194
328240	355199
328234	355201
328227	355200
328224	355199
328217	355193
328201	355182
328191	355174
328186	355174
328163	355182
328151	355181
328147	355181
328134	355174
328127	355168
328125	355165
328118	355155
328113	355150
328110	355148
328103	355144
328099	355143
328096	355142
328087	355141
328061	355149
328052	355148
328021	355139
327976	355120
327950	355103
327936	355098
327926	355093
327920	355082
327914	355074
327877	355045
327872	355040
327869	355037
327867	355035
327865	355035
327860	355035
327842	355045
327836	355048
327831	355048
327825	355044
327822	355041
327818	355036
327816	355030
327813	355019
327812	355000
327808	354984
327803	354981
327794	354984
327790	354981
327772	354960
327770	354957
327767	354948
327766	354941
327757	354932
327751	354928
327746	354924
327740	354921
327730	354919
327715	354913
327700	354908
327677	354897
327663	354879
327658	354874
327649	354873
327644	354871
327632	354857
327624	354851
327620	354847
327601	354835
327583	354830
327575	354826
327552	354800
327547	354795
327544	354789
327539	354780
327536	354776
327526	354770
327514	354765
327507	354766
327500	354768
327495	354767
327491	354764
327488	354761
327477	354745
327473	354740
327468	354736
327454	354725
327445	354722
327429	354719
327425	354718
327419	354716
327416	354713
327413	354711
327412	354706
327412	354700
327413	354693
327414	354690
327417	354685
327418	354681
327419	354677
327419	354673
327419	354669
327418	354663
327414	354656
327412	354654
327403	354648
327392	354638
327379	354621
327369	354610
327364	354605
327354	354598
327346	354584
327341	354577
327321	354556
327299	354541
327284	354535
327275	354530
327257	354517
327252	354515
327248	354513
327239	354510
327222	354506
327183	354488
327167	354481
327159	354476
327144	354461
327138	354459
327120	354454
327113	354451
327101	354444
327095	354439
327082	354429
327068	354429
327049	354422
327029	354418
327021	354415
327018	354413
327011	354406
326990	354401
326955	354397
326949	354396
326936	354392
326931	354388
326925	354381
326914	354362
326894	354339
326878	354343
326870	354344
326868	354343
326863	354341
326859	354338
326855	354333
326851	354327
326850	354324
326847	354315
326838	354295
326836	354285
326836	354282
326838	354267
326837	354261
326836	354257
326823	354234
326821	354232
326815	354228
326811	354221
326806	354216
326803	354215
326795	354212
326783	354209
326780	354208
326778	354206
326777	354204
326775	354201
326773	354195
326771	354185
326769	354181
326766	354174
326762	354168
326760	354166
326750	354160
326743	354146
326738	354138
326736	354137
326732	354135
326714	354135
326699	354132
326695	354130
326692	354125
326680	354116
326675	354114
326669	354112
326648	354106
326644	354105
326638	354105
326635	354104
326628	354099
326622	354098
326618	354093
326611	354079
326601	354067
326596	354063
326593	354061
326590	354060
326582	354059
326570	354060
326564	354067
326557	354076
326555	354076
326551	354074
326542	354067
326507	354066
326492	354066
326482	354067
326479	354067
326463	354063
326457	354059
326422	354036
326399	354010
326374	354000
326364	353995
326350	353984
326312	353988
326291	353987
326278	353984
326274	353983
326259	353984
326256	353984
326249	353982
326214	353965
326208	353963
326202	353961
326177	353959
326168	353959
326161	353956
326156	353951
326150	353943
326139	353923
326135	353911
326133	353908
326129	353905
326114	353900
326109	353897
326090	353881
326085	353877
326076	353873
326064	353866
326060	353861
326053	353847
326050	353843
326045	353838
326040	353834
326031	353832
326008	353827
325987	353822
325974	353819
325958	353814
325952	353810
325951	353806
325947	353797
325946	353792
325944	353771
325942	353765
325936	353755
325924	353744
325920	353738
325913	353722
325911	353719
325906	353714
325894	353704
325890	353700
325887	353695
325885	353693
325883	353690
325876	353687
325873	353687
325863	353689
325854	353690
325845	353695
325840	353685
325841	353673
325838	353666
325830	353650
325824	353643
325823	353640
325822	353638
325822	353625
325821	353622
325820	353620
325817	353617
325815	353616
325806	353616
325802	353615
325799	353613
325792	353610
325779	353595
325774	353586
325771	353583
325765	353577
325762	353574
325740	353566
325737	353563
325732	353557
325730	353553
325727	353544
325727	353535
325728	353530
325730	353519
325730	353514
325728	353509
325724	353505
325721	353501
325713	353495
325697	353488
325681	353483
325676	353481
325616	353454
325613	353452
325606	353447
325604	353447
325598	353446
325595	353447
325583	353452
325579	353452
325571	353451
325567	353450
325561	353447
325557	353443
325556	353439
325553	353432
325547	353426
325542	353423
325538	353421
325528	353418
325507	353415
325501	353411
325492	353410
325489	353411
325483	353413
325480	353415
325470	353425
325466	353427
325453	353427
325450	353427
325437	353421
325427	353413
325423	353411
325416	353408
325411	353408
325403	353408
325389	353408
325386	353409
325379	353414
325374	353417
325369	353419
325366	353419
325358	353416
325345	353406
325309	353386
325297	353379
325290	353375
325270	353366
325261	353361
325253	353358
325237	353354
325216	353349
325211	353350
325189	353366
325170	353376
325166	353378
325161	353379
325157	353379
325143	353378
325137	353379
325131	353380
325126	353382
325105	353394
325102	353395
325094	353394
325076	353391
325072	353393
325055	353401
325046	353408
325039	353411
325035	353412
325031	353412
325019	353412
325014	353410
325006	353399
325000	353393
324992	353394
324970	353407
324950	353424
324939	353425
324931	353427
324929	353436
324930	353455
324907	353478
324882	353499
324867	353503
324862	353507
324857	353511
324851	353534
324831	353545
324824	353550
324816	353556
324804	353569
324790	353579
324770	353572
324763	353571
324749	353572
324733	353570
324727	353564
324719	353553
324709	353550
324704	353548
324699	353545
324693	353541
324682	353525
324672	353508
324660	353505
324654	353497
324648	353487
324640	353481
324626	353478
324616	353475
324593	353473
324541	353466
324528	353466
324523	353465
324519	353464
324508	353458
324494	353450
324477	353442
324453	353449
324444	353447
324438	353441
324432	353432
324431	353423
324431	353423
324414	353387
324398	353393
324379	353394
324368	353398
324362	353400
324355	353404
324337	353419
324329	353429
324324	353433
324307	353444
324288	353442
324276	353451
324239	353476
324191	353494
324180	353501
324164	353506
324139	353502
324120	353494
324107	353484
324086	353480
324069	353483
324045	353494
324039	353495
324032	353497
324006	353500
323977	353505
323949	353508
323933	353514
323915	353524
323905	353533
323843	353598
323763	353693
323727	353732
323639	353856
323639	353856
323628	353833
323596	353769
323548	353672
323513	353612
323499	353575
323485	353544
323484	353541
323470	353524
323452	353508
323421	353478
323410	353460
323393	353434
323388	353404
323386	353370
323393	353323
323394	353303
323391	353289
323384	353275
323371	353248
323356	353231
323319	353195
323273	353152
323239	353116
323169	353061
323035	352968
322941	352903
322927	352893
322926	352888
322976	352780
322985	352763
322997	352734
322998	352721
322998	352721
323004	352691
323007	352677
323002	352665
322991	352643
322982	352623
322973	352605
322966	352591
322960	352558
322955	352530
322953	352513
322952	352508
322963	352509
322966	352509
322967	352509
322976	352506
322995	352503
322995	352503
322999	352497
323012	352475
323022	352447
323026	352433
323033	352418
323032	352388
323027	352363
323023	352352
323010	352330
322998	352311
322982	352296
322946	352274
322873	352247
322846	352243
322833	352236
322810	352224
322770	352198
322770	352198
322764	352194
322760	352195
322754	352199
322749	352200
322742	352199
322736	352196
322728	352194
322720	352192
322706	352189
322696	352185
322684	352176
322674	352172
322664	352168
322655	352162
322651	352159
322646	352147
322640	352135
322634	352116
322631	352109
322622	352102
322605	352092
322595	352082
322585	352071
322581	352065
322580	352062
322580	352059
322586	352044
322587	352039
322585	352037
322574	352031
322513	352000
322481	351981
322469	351974
322463	351971
322459	351971
322457	351971
322451	351973
322445	351972
322439	351970
322435	351969
322431	351969
322427	351971
322424	351971
322420	351969
322415	351966
322411	351967
322402	351972
322398	351974
322395	351973
322390	351970
322381	351966
322373	351964
322371	351960
322370	351953
322369	351947
322367	351943
322363	351943
322363	351943
322357	351955
322348	351958
322342	351951
322338	351951
322332	351965
322323	351970
322312	351967
322313	351950
322304	351941
322279	351929
322266	351929
322255	351923
322242	351921
322233	351921
322229	351904
322238	351896
322246	351886
322234	351878
322214	351870
322214	351870
322206	351869
322189	351863
322176	351857
322161	351850
322150	351845
322139	351846
322125	351842
322106	351837
322093	351835
322073	351835
321989	351846
321939	351852
321931	351856
321921	351864
321915	351867
321906	351867
321888	351858
321873	351851
321867	351849
321867	351849
321863	351847
321860	351848
321857	351848
321854	351851
321849	351853
321847	351854
321842	351853
321839	351852
321837	351852
321829	351856
321826	351858
321824	351858
321822	351858
321820	351856
321817	351854
321813	351849
321797	351835
321792	351830
321775	351814
321771	351807
321763	351788
321763	351788
321732	351776
321685	351755
321635	351735
321578	351711
321543	351694
321466	351662
321417	351641
321417	351641
321407	351639
321372	351632
321366	351633
321361	351640
321354	351648
321349	351652
321337	351654
321314	351660
321311	351664
321323	351671
321321	351677
321318	351696
321320	351723
321320	351742
321323	351754
321328	351774
321331	351784
321343	351789
321349	351799
321349	351809
321355	351825
321364	351841
321381	351850
321390	351850
321407	351856
321422	351867
321428	351871
321428	351871
321429	351885
321431	351899
321440	351924
321448	351949
321462	351993
321465	352006
321480	352022
321494	352035
321505	352040
321506	352047
321508	352054
321520	352069
321523	352090
321533	352099
321533	352126
321522	352152
321512	352165
321512	352165
321471	352145
321313	352064
321233	352026
321135	352044
321106	352050
321106	352050
321060	352038
321042	352035
321001	352063
320957	352105
320957	352105
320800	352253
320732	352315
320689	352321
320613	352329
320594	352330
320594	352330
320561	352321
320539	352318
320519	352316
320506	352309
320493	352300
320493	352300
320485	352296
320475	352294
320466	352293
320456	352293
320432	352294
320425	352295
320416	352297
320408	352301
320401	352304
320401	352304
320391	352316
320386	352317
320369	352334
320359	352333
320354	352339
320354	352339
320346	352346
320332	352354
320306	352369
320285	352377
320267	352374
320246	352367
320224	352367
320206	352370
320193	352371
320175	352380
320154	352383
320154	352383
320131	352384
320121	352377
320118	352386
320125	352403
320137	352435
320139	352439
320156	352454
320159	352460
320164	352477
320171	352497
320173	352509
320173	352534
320170	352560
320168	352566
320155	352577
320136	352592
320118	352607
320095	352627
320092	352628
320089	352629
320065	352631
320050	352636
320041	352642
320025	352660
319998	352706
319994	352716
319994	352718
319996	352719
320004	352720
320018	352719
320027	352721
320048	352722
320084	352724
320097	352724
320113	352724
320128	352725
320132	352726
320153	352731
320153	352731
320178	352751
320215	352811
320215	352811
320269	352871
320318	352902
320373	352915
320457	352921
320512	352919
320578	352920
320675	352913
320759	352903
320863	352889
320936	352882
320968	352889
320989	352899
321013	352922
321022	352946
321017	352977
321009	353009
320993	353035
320929	353098
320879	353142
320853	353191
320840	353222
320832	353258
320832	353287
320832	353287
320843	353298
320855	353310
320855	353310
320868	353319
320899	353340
320918	353345
320945	353355
320967	353361
320979	353367
320981	353372
320987	353382
321003	353386
321018	353388
321027	353387
321037	353383
321070	353383
321082	353383
321101	353376
321108	353375
321113	353376
321119	353381
321124	353386
321136	353387
321160	353384
321179	353382
321217	353385
321275	353398
321298	353400
321315	353404
321372	353414
321420	353433
321444	353442
321443	353451
321454	353461
321472	353491
321488	353522
321490	353538
321483	353558
321476	353577
321466	353591
321444	353587
321424	353581
321387	353573
321338	353561
321325	353557
321325	353557
321275	353566
321275	353566
321272	353567
321198	353586
321090	353639
321038	353669
320995	353696
320934	353783
320889	353813
320864	353818
320820	353803
320763	353758
320697	353696
320642	353631
320568	353533
320517	353455
320466	353390
320408	353338
320287	353253
320192	353176
320085	353109
319993	353081
319943	353082
319913	353096
319904	353122
319899	353148
319898	353172
319895	353216
319891	353254
319878	353276
319859	353282
319836	353280
319799	353275
319728	353267
319620	353277
319504	353306
319504	353306
319496	353307
319484	353306
319477	353308
319468	353314
319460	353318
319437	353328
319417	353335
319388	353340
319372	353343
319357	353339
319344	353332
319323	353327
319310	353323
319293	353320
319282	353318
319269	353316
319266	353313
319258	353309
319252	353307
319247	353306
319244	353307
319232	353313
319222	353321
319215	353326
319204	353333
319202	353336
319201	353340
319201	353346
319200	353359
319194	353376
319190	353387
319186	353402
319179	353415
319171	353427
319163	353437
319147	353449
319138	353459
319125	353480
319105	353503
319098	353512
319094	353524
319093	353532
319096	353546
319099	353551
319101	353561
319102	353585
319103	353595
319111	353616
319118	353629
319118	353634
319118	353643
319120	353651
319125	353663
319125	353663
319136	353686
319143	353696
319145	353703
319145	353713
319148	353718
319155	353728
319158	353734
319156	353740
319152	353750
319155	353755
319160	353759
319160	353767
319171	353775
319174	353781
319175	353783
319176	353786
319178	353790
319183	353794
319188	353797
319190	353801
319191	353808
319193	353814
319197	353817
319200	353820
319201	353825
319202	353829
319208	353830
319213	353826
319217	353829
319216	353836
319216	353840
319219	353842
319222	353843
319225	353844
319225	353849
319225	353857
319231	353862
319233	353864
319238	353871
319246	353882
319251	353886
319255	353889
319255	353893
319252	353894
319249	353897
319249	353904
319249	353913
319254	353917
319257	353920
319261	353928
319264	353933
319270	353934
319274	353937
319274	353944
319271	353951
319268	353959
319270	353964
319279	353977
319285	353993
319288	354001
319303	354001
319307	354006
319308	354013
319303	354022
319301	354029
319304	354032
319314	354033
319318	354035
319318	354039
319316	354043
319307	354052
319298	354056
319295	354060
319296	354070
319300	354077
319306	354080
319314	354082
319330	354084
319345	354085
319345	354085
319396	354089
319427	354135
319452	354176
319476	354207
319497	354226
319526	354238
319556	354263
319572	354278
319582	354279
319597	354277
319616	354277
319625	354272
319643	354291
319649	354326
319679	354319
319711	354327
319726	354334
319751	354356
319770	354378
319787	354393
319808	354406
319829	354417
319854	354454
319886	354506
319908	354537
319939	354566
320000	354616
320000	354616
320007	354626
320029	354631
320047	354643
320065	354659
320081	354665
320087	354665
320092	354665
320100	354661
320104	354657
320112	354649
320116	354644
320125	354629
320136	354614
320153	354614
320206	354602
320226	354600
320310	354601
320321	354595
320328	354612
320330	354619
320334	354645
320332	354659
320329	354672
320330	354692
320340	354710
320362	354736
320413	354796
320435	354820
320441	354827
320462	354843
320476	354856
320490	354869
320509	354887
320529	354889
320556	354891
320563	354890
320567	354887
320570	354884
320575	354877
320591	354885
320596	354886
320600	354885
320611	354882
320640	354880
320659	354880
320664	354879
320698	354873
320729	354869
320745	354869
320754	354872
320768	354863
320774	354861
320780	354859
320795	354856
320827	354861
320836	354862
320844	354862
320855	354861
320865	354860
320889	354854
320943	354845
320950	354843
320976	354831
320978	354826
321007	354827
321056	354831
321100	354833
321109	354834
321117	354835
321128	354838
321138	354839
321148	354841
321157	354844
321174	354853
321191	354858
321200	354858
321205	354858
321209	354857
321221	354853
321238	354863
321277	354889
321292	354901
321292	354901
321332	354892
321439	354888
321745	354882
321987	354906
322310	354930
322610	354972
323070	355047
323225	355097
323225	355097
323225	355098
323237	355108
323243	355116
323247	355125
323252	355158
323256	355167
323266	355177
323285	355199
323287	355202
323289	355209
323284	355215
323282	355221
323276	355226
323259	355229
323240	355249
323228	355258
323214	355273
323213	355284
323210	355292
323195	355330
323193	355345
323194	355352
323199	355373
323198	355390
323196	355407
323199	355424
323205	355436
323211	355456
323204	355495
323198	355511
323194	355517
323187	355528
323183	355533
323180	355537
323177	355540
323155	355552
323147	355558
323138	355564
323122	355580
323114	355584
323101	355587
323093	355588
323082	355592
323076	355596
323056	355613
323027	355630
323025	355646
323026	355668
323025	355670
323018	355678
323008	355683
322973	355694
322971	355696
322969	355698
322968	355704
322970	355713
322966	355719
322963	355727
322973	355771
322981	355796
323020	355823
323030	355835
323032	355839
323030	355856
323029	355857
323029	355857
323022	355876
323020	355888
323021	355895
323023	355902
323030	355909
323049	355924
323055	355932
323055	355932
323060	355938
323061	355939
323052	355964
323061	355978
323064	355981
323067	355982
323080	355984
323083	355985
323081	355999
323077	356009
323069	356016
323063	356023
323071	356039
323073	356042
323088	356046
323092	356048
323101	356057
323104	356066
323092	356077
323091	356079
323093	356086
323095	356093
323102	356109
323113	356120
323128	356141
323123	356151
323111	356156
323107	356168
323115	356181
323139	356182
323148	356192
323153	356200
323150	356233
323152	356241
323158	356245
323174	356250
323178	356252
323181	356257
323184	356263
323192	356287
323207	356325
323213	356337
323223	356355
323236	356383
323243	356398
323248	356412
323251	356435
323252	356455
323236	356481
323223	356508
323223	356513
323224	356519
323237	356525
323244	356528
323247	356531
323252	356537
323281	356546
323292	356548
323302	356557
323306	356568
323308	356577
323293	356594
323286	356599
323280	356598
323264	356592
323258	356594
323257	356601
323256	356613
323256	356619
323259	356626
323288	356642
323289	356644
323302	356678
323303	356691
323298	356703
323288	356718
323283	356726
323284	356736
323299	356762
323303	356769
323313	356782
323319	356788
323334	356802
323344	356803
323352	356810
323358	356831
323359	356840
323354	356848
323354	356856
323368	356889
323378	356918
323344	356924
323332	356929
323328	356929
323309	356927
323297	356930
323287	356937
323274	356940
323251	356940
323241	356945
323237	356950
323228	356946
323213	356960
323192	356960
323174	356963
323146	356966
323135	356952
323117	356949
323106	356946
323092	356955
323075	356968
323068	356973
323061	356977
323050	356982
323027	356999
323013	357006
323004	357010
322985	357015
322976	357017
322958	357018
322934	357020
322927	357021
322921	357023
322901	357036
322894	357040
322857	357043
322846	357047
322824	357049
322800	357061
322784	357057
322775	357056
322768	357060
322755	357054
322685	357043
322649	357033
322639	357033
322632	357039
322628	357047
322620	357056
322615	357058
322608	357059
322588	357062
322524	357075
322297	357125
322223	357140
322195	357161
322078	357230
321968	357299
321867	357367
321781	357424
321775	357424
321742	357468
321699	357541
321681	357574
321674	357573
321652	357616
321630	357657
321617	357688
321605	357730
321591	357770
321584	357791
321575	357829
321569	357849
321545	357932
321533	357968
321526	357993
321516	358018
321498	358052
321470	358103
321443	358145
321421	358178
321408	358199
321399	358211
321375	358244
321362	358265
321353	358277
321345	358285
321329	358300
321334	358350
321361	358505
321370	358554
321387	358619
321392	358640
321399	358750
321403	358779
321401	358799
321404	358865
321403	358884
321407	358905
321406	358931
321406	358947
321408	358994
321407	359012
321406	359052
321405	359068
321411	359070
321411	359110
321410	359120
321396	359148
321378	359183
321366	359210
321357	359232
321353	359240
321348	359249
321345	359254
321331	359273
321320	359290
321306	359321
321228	359465
321196	359528
321193	359619
321190	359653
321189	359698
321189	359735
321186	359765
321187	359791
321186	359815
321187	359836
321079	359958
321066	359974
321060	360000
321052	360030
321020	360161
321025	360177
321005	360257
320997	360259
320979	360337
320984	360341
320984	360341
320974	360383
320957	360453
320957	360453
320908	360612
320846	360860
320803	361039
320809	361045
320774	361188
320838	361246
320943	361345
320998	361394
320995	361399
321017	361419
321016	361426
321016	361426
321027	361457
321041	361514
321040	361551
321046	361566
321061	361595
321060	361612
321062	361633
321062	361633
321071	361643
321082	361659
321056	361693
321050	361693
321042	361704
321044	361711
321009	361752
320982	361786
320955	361818
320936	361845
320922	361866
320915	361865
320907	361879
320899	361901
320894	361920
320893	361935
320895	361961
320901	361986
320934	362064
320962	362084
320974	362093
320955	362171
320940	362220
320932	362252
320950	362260
320947	362295
320951	362352
320958	362352
320962	362394
320971	362414
320998	362461
320987	362467
320996	362482
321014	362508
321028	362531
321011	362540
320980	362560
320831	362607
320695	362646
320604	362673
320573	362679
320536	362679
320536	362679
320530	362679
320495	362682
320467	362683
320453	362686
320437	362685
320420	362684
320385	362681
320350	362673
320315	362663
320310	362678
320310	362678
320279	362671
320271	362668
320271	362668
320262	362666
320239	362663
320235	362662
320232	362664
320212	362676
320171	362697
320139	362713
320132	362722
320132	362722
320116	362749
320102	362773
320072	362783
320072	362783
320040	362802
320019	362819
319999	362825
319966	362831
319932	362837
319906	362843
319892	362843
319872	362864
319872	362864
319850	362892
319825	362901
319791	362919
319768	362936
319752	362965
319730	363002
319730	363002
319723	363022
319702	363051
319684	363053
319613	363074
319580	363084
319580	363084
319577	363082
319563	363088
319548	363091
319533	363099
319525	363105
319514	363110
319503	363111
319490	363116
319465	363136
319453	363132
319453	363146
319458	363175
319458	363183
319445	363186
319440	363184
319440	363184
319424	363178
319382	363167
319376	363175
319372	363178
319345	363193
319315	363202
319315	363202
319301	363182
319290	363172
319287	363169
319271	363164
319262	363163
319258	363161
319254	363159
319248	363154
319246	363150
319241	363138
319236	363132
319234	363130
319231	363117
319226	363104
319219	363092
319212	363081
319198	363060
319189	363050
319182	363042
319179	363039
319177	363036
319177	363032
319179	363018
319180	363014
319176	363007
319172	362995
319166	362959
319156	362933
319154	362927
319152	362920
319149	362903
319148	362898
319137	362880
319126	362864
319115	362849
319107	362839
319103	362835
319094	362827
319085	362821
319079	362814
319069	362790
319033	362776
319014	362769
319000	362763
318986	362755
318978	362751
318957	362734
318942	362727
318937	362724
318933	362721
318929	362718
318922	362703
318904	362700
318880	362702
318861	362701
318854	362700
318840	362696
318818	362695
318806	362693
318801	362692
318796	362690
318790	362686
318784	362682
318775	362675
318756	362666
318747	362662
318743	362660
318728	362647
318712	362636
318699	362629
318692	362627
318686	362626
318656	362627
318638	362621
318632	362620
318619	362619
318588	362625
318582	362626
318567	362626
318551	362626
318545	362626
318539	362623
318519	362612
318515	362611
318510	362610
318497	362604
318484	362601
318481	362599
318474	362593
318462	362582
318452	362580
318432	362583
318427	362583
318389	362574
318385	362572
318383	362569
318378	362556
318371	362542
318363	362538
318359	362536
318336	362530
318309	362522
318298	362524
318289	362528
318280	362530
318271	362530
318256	362526
318246	362521
318230	362509
318223	362507
318211	362503
318196	362499
318189	362496
318179	362488
318168	362483
318139	362479
318130	362481
318126	362484
318122	362487
318105	362507
318101	362511
318096	362515
318065	362535
318056	362541
318051	362548
318044	362566
318033	362583
318027	362589
318017	362596
317987	362602
317959	362605
317950	362610
317941	362617
317929	362623
317899	362629
317880	362637
317874	362641
317860	362650
317846	362658
317837	362659
317823	362664
317810	362665
317804	362665
317788	362660
317772	362662
317767	362662
317764	362661
317758	362654
317751	362647
317746	362645
317735	362640
317728	362638
317707	362638
317703	362637
317698	362636
317694	362634
317690	362631
317687	362627
317676	362614
317660	362608
317650	362602
317636	362602
317605	362610
317599	362610
317592	362611
317562	362609
317555	362609
317549	362610
317533	362614
317522	362614
317516	362615
317510	362617
317494	362621
317489	362622
317483	362622
317454	362621
317434	362619
317424	362617
317403	362610
317360	362598
317352	362596
317326	362590
317321	362589
317311	362588
317301	362584
317293	362579
317278	362578
317243	362582
317231	362581
317217	362577
317197	362571
317191	362569
317183	362565
317176	362558
317164	362531
317161	362526
317159	362522
317151	362513
317147	362510
317137	362504
317113	362493
317095	362482
317089	362479
317083	362477
317068	362475
317038	362474
317022	362470
317010	362465
316995	362456
316980	362445
316976	362442
316958	362437
316944	362436
316926	362432
316913	362415
316906	362410
316889	362409
316865	362411
316829	362408
316808	362406
316781	362404
316763	362406
316724	362414
316689	362420
316674	362427
316649	362448
316617	362469
316603	362481
316600	362485
316597	362490
316592	362510
316590	362513
316585	362518
316582	362520
316572	362522
316539	362522
316513	362524
316465	362534
316431	362545
316371	362567
316296	362592
316228	362616
316173	362635
316173	362635
316109	362661
316109	362661
316102	362665
316081	362675
316065	362686
316008	362725
315971	362751
315958	362760
315937	362777
315929	362780
315922	362782
315841	362803
315800	362815
315774	362821
315747	362830
315720	362839
315596	362892
315550	362864
315503	362835
315502	362835
315491	362840
315391	362889
315346	362911
315314	362925
315252	362956
315229	362964
315191	362980
315092	363017
315100	363040
315109	363062
315126	363237
315074	363294
315078	363318
315084	363360
315103	363460
315098	363475
315089	363499
315054	363575
315046	363594
315022	363651
315010	363682
315000	363686
315000	363686
314968	363698
314896	363732
314859	363756
314850	363763
314842	363769
314831	363779
314791	363877
314774	363916
314756	363962
314745	363973
314717	363999
314674	364041
314657	364056
314596	364105
314566	364131
314554	364140
314550	364142
314545	364144
314515	364153
314508	364156
314502	364167
314481	364217
314476	364227
314464	364263
314476	364271
314491	364282
314511	364301
314537	364329
314547	364355
314554	364375
314572	364424
314581	364452
314590	364481
314608	364524
314627	364562
314638	364592
314649	364626
314665	364667
314663	364675
314608	364770
314618	364846
314615	364871
314606	364917
314597	364974
314595	364986
314593	365000
314593	365000
314594	365020
314596	365068
314597	365084
314597	365112
314608	365121
314673	365161
314689	365170
314720	365186
314754	365206
314809	365237
314800	365293
314809	365307
314841	365359
314864	365404
314874	365420
314877	365456
314855	365494
314802	365581
314770	365622
314729	365680
314693	365729
314678	365754
314678	365754
314655	365787
314637	365816
314605	365872
314550	365962
314550	365962
314544	365978
314560	365984
314576	365993
314588	366017
314591	366036
314583	366084
314609	366106
314609	366106
314731	366183
314891	366287
314984	366349
314984	366349
315077	366406
315259	366536
315388	366680
315499	366802
315557	366864
315573	366902
315583	366924
315554	366970
315550	366982
315550	366982
315534	367015
315484	367105
315424	367220
315366	367326
315349	367358
315340	367377
315340	367377
315370	367387
315398	367392
315466	367411
315508	367423
315508	367423
315515	367425
315589	367429
315641	367455
315695	367483
315695	367483
315697	367484
315709	367520
315721	367552
315721	367553
315721	367553
315756	367645
315778	367682
315796	367707
315814	367723
315843	367740
315867	367752
315867	367752
315879	367756
315928	367762
316024	367775
316066	367780
316085	367790
316109	367804
316134	367805
316141	367804
316154	367801
316189	367800
316198	367800
316209	367803
316220	367806
316232	367808
316245	367811
316252	367811
316269	367805
316278	367807
316295	367810
316316	367816
316327	367820
316335	367823
316343	367824
316354	367824
316363	367824
316369	367825
316393	367836
316412	367844
316436	367855
316445	367858
316463	367858
316473	367861
316483	367865
316494	367868
316508	367873
316519	367873
316523	367874
316529	367879
316536	367885
316543	367889
316562	367897
316578	367901
316598	367904
316612	367907
316621	367910
316624	367911
316629	367914
316683	367936
316709	367949
316723	367959
316733	367969
316738	367975
316752	368001
316761	368008
316770	368014
316781	368016
316803	368020
316823	368022
316845	368025
316860	368026
316877	368024
316898	368022
316918	368021
316933	368023
316948	368029
316993	368041
317004	368044
317014	368045
317019	368045
317038	368066
317054	368087
317065	368095
317080	368102
317099	368113
317116	368120
317125	368125
317133	368135
317139	368146
317147	368158
317156	368170
317161	368175
317161	368175
317167	368183
317157	368212
317147	368255
317139	368317
317132	368376
317129	368400
317127	368410
317121	368444
317097	368511
317083	368551
317062	368614
317035	368683
317007	368746
316965	368858
316952	368890
316921	368941
316897	368977
316897	368977
316886	368991
316866	369017
316851	369038
316844	369043
316836	369049
316807	369081
316778	369112
316769	369123
316769	369123
316744	369119
316723	369114
316723	369114
316675	369120
316561	369126
316461	369161
316407	369193
316380	369218
316363	369241
316336	369268
316317	369293
316298	369312
316290	369314
316244	369314
316202	369308
316113	369295
316048	369285
315985	369285
315925	369301
315804	369316
315693	369318
315631	369314
315591	369306
315556	369289
315522	369272
315495	369245
315478	369214
315462	369176
315449	369134
315439	369099
315416	369078
315360	369049
315289	369015
315215	368969
315162	368909
315162	368909
315124	368838
315099	368756
315091	368675
315089	368595
315091	368502
315093	368382
315093	368299
315089	368211
315084	368142
315064	368040
315038	367959
315004	367886
315004	367886
314998	367856
314984	367781
314971	367730
314971	367730
314950	367699
314912	367657
314868	367618
314815	367514
314803	367500
314774	367471
314752	367445
314746	367440
314742	367434
314742	367434
314748	367402
314739	367342
314717	367323
314710	367309
314686	367256
314661	367199
314661	367199
314631	367168
314590	367119
314535	367079
314366	366943
314319	366894
314246	366827
314175	366751
314112	366650
314075	366566
314075	366566
313999	366672
313975	366702
313957	366725
313945	366737
313939	366741
313933	366745
313918	366752
313912	366764
313904	366786
313893	366812
313875	366860
313763	366876
313556	366908
313474	366914
313458	366926
313436	366947
313405	366970
313378	366992
313349	367014
313322	367037
313260	367081
313216	367111
313200	367119
313174	367133
313146	367138
313127	367181
313117	367210
313106	367228
313088	367234
313068	367243
313049	367253
313031	367265
313023	367272
312996	367296
312965	367324
312941	367337
312932	367343
312915	367356
312905	367369
312898	367383
312889	367398
312875	367414
312869	367419
312847	367435
312825	367449
312793	367470
312778	367483
312757	367510
312738	367534
312731	367542
312726	367551
312726	367551
312711	367578
312695	367614
312692	367625
312692	367625
312695	367632
312726	367653
312742	367669
312750	367685
312755	367706
312750	367744
312735	367867
312731	367922
312725	368023
312723	368106
312712	368147
312701	368199
312688	368228
312659	368269
312624	368326
312608	368351
312593	368391
312585	368411
312572	368438
312522	368483
312504	368498
312448	368548
312434	368564
312415	368597
312415	368597
312384	368630
312384	368630
312342	368676
312289	368737
312179	368860
312153	368891
312141	368908
312141	368908
312167	368946
312103	368966
312103	368966
312105	368975
312106	368984
312102	368995
312101	369000
312098	369005
312091	369013
312090	369031
312084	369076
312076	369113
312073	369139
312062	369232
312053	369342
312044	369436
312041	369478
312035	369548
312031	369575
312022	369619
312011	369667
311996	369706
311985	369730
311980	369744
311957	369796
311926	369867
311911	369898
311900	369926
311892	369941
311870	369978
311865	369986
311856	370000
311831	370036
311805	370078
311808	370087
311847	370147
311854	370155
311863	370157
311879	370155
311917	370147
311946	370140
311973	370131
311992	370123
312008	370122
312047	370124
312099	370148
312152	370177
312168	370188
312176	370201
312185	370221
312206	370252
312223	370281
312278	370365
312297	370392
312317	370423
312342	370458
312400	370537
312467	370623
312480	370636
312509	370666
312546	370708
312557	370717
312590	370753
312627	370787
312650	370806
312671	370836
312684	370863
312697	370882
312699	370884
312699	370884
312710	370916
312741	370961
312777	370987
312803	371053
312816	371091
312816	371091
312815	371103
312817	371115
312825	371134
312833	371145
312846	371148
312866	371146
312868	371159
312868	371180
312874	371195
312901	371214
312935	371235
312956	371253
312963	371266
312970	371293
312969	371310
312977	371326
312994	371355
313003	371377
313008	371390
313013	371410
313027	371446
313020	371448
313013	371449
312981	371448
312958	371450
312930	371454
312890	371456
312854	371442
312843	371439
312819	371432
312806	371429
312785	371427
312770	371432
312734	371440
312724	371443
312699	371442
312681	371447
312668	371447
312649	371446
312636	371454
312628	371455
312619	371455
312609	371454
312599	371452
312579	371448
312582	371471
312572	371481
312573	371507
312571	371516
312565	371546
312555	371579
312553	371614
312553	371626
312558	371676
312562	371694
312564	371709
312564	371709
312558	371723
312556	371726
312554	371737
312561	371754
312551	371758
312542	371760
312547	371775
312550	371786
312536	371804
312526	371820
312525	371835
312533	371854
312544	371874
312560	371889
312586	371907
312597	371924
312610	371956
312614	371978
312613	372020
312618	372054
312626	372085
312584	372123
312584	372123
312564	372151
312520	372193
312469	372199
312421	372213
312357	372240
312291	372253
312193	372290
312142	372304
312091	372330
312045	372351
311968	372382
311900	372408
311877	372415
311877	372415
311884	372435
311893	372451
311897	372457
311902	372463
311907	372468
311912	372474
311920	372485
311930	372501
311941	372518
311949	372536
311960	372552
311965	372557
311971	372560
311981	372562
312001	372561
312012	372560
312022	372558
312033	372550
312041	372541
312048	372530
312054	372527
312062	372529
312074	372534
312103	372548
312121	372558
312135	372569
312140	372578
312142	372581
312146	372583
312151	372585
312164	372594
312174	372605
312188	372624
312197	372637
312201	372646
312202	372654
312203	372664
312205	372675
312210	372685
312211	372694
312210	372703
312222	372745
312225	372758
312228	372773
312237	372782
312236	372788
312236	372796
312237	372802
312245	372811
312249	372815
312256	372817
312260	372820
312268	372834
312280	372857
312281	372866
312281	372880
312282	372901
312282	372907
312285	372914
312285	372918
312285	372918
312307	372943
312324	372978
312330	373010
312345	373037
312345	373074
312347	373108
312351	373129
312351	373129
312373	373152
312380	373166
312385	373181
312389	373197
312392	373226
312394	373244
312400	373264
312404	373272
312411	373281
312426	373288
312445	373295
312462	373299
312467	373304
312469	373310
312467	373323
312447	373371
312428	373419
312422	373433
312412	373460
312398	373493
312391	373501
312374	373513
312366	373516
312361	373519
312347	373524
312342	373526
312335	373528
312322	373530
312307	373535
312293	373541
312284	373546
312276	373560
312267	373588
312263	373605
312256	373622
312247	373648
312222	373686
312206	373699
312197	373705
312196	373713
312182	373709
312129	373696
312071	373684
312010	373676
311949	373665
311915	373657
311869	373648
311819	373639
311786	373632
311736	373622
311723	373619
311689	373613
311674	373611
311655	373607
311640	373604
311624	373599
311615	373597
311604	373596
311567	373593
311562	373600
311555	373599
311550	373598
311545	373598
311526	373597
311503	373591
311467	373583
311460	373578
311448	373575
311434	373571
311414	373566
311393	373562
311368	373557
311335	373553
311315	373549
311291	373545
311271	373542
311249	373539
311225	373540
311191	373539
311160	373535
311121	373525
311084	373516
311042	373506
311019	373501
310994	373493
310975	373485
310956	373475
310941	373471
310927	373467
310922	373465
310890	373451
310860	373434
310838	373427
310824	373426
310803	373418
310775	373405
310767	373399
310755	373389
310720	373370
310691	373350
310654	373329
310636	373323
310596	373300
310577	373293
310577	373293
310520	373315
310468	373319
310456	373311
310439	373258
310404	373196
310358	373123
310380	373108
310385	373094
310406	373078
310406	373078
310420	373075
310436	373063
310454	373051
310460	373047
310467	373044
310478	373043
310488	373029
310503	372994
310517	372983
310521	372979
310527	372969
310537	372943
310536	372925
310549	372914
310553	372895
310561	372885
310564	372865
310566	372845
310583	372839
310592	372835
310600	372830
310605	372825
310610	372820
310624	372790
310633	372779
310669	372781
310679	372774
310695	372760
310729	372718
310738	372705
310745	372685
310752	372658
310758	372639
310760	372633
310763	372627
310775	372618
310781	372610
310787	372602
310796	372587
310798	372580
310788	372577
310784	372573
310788	372562
310804	372542
310811	372528
310823	372502
310834	372486
310850	372468
310863	372457
310877	372455
310885	372452
310888	372447
310898	372420
310904	372407
310914	372405
310922	372406
310930	372413
310935	372414
310937	372403
310937	372388
310940	372370
310947	372363
310957	372358
310963	372349
310988	372331
311000	372325
311003	372317
311000	372305
310999	372301
311006	372293
311018	372290
311029	372281
311043	372261
311056	372249
311060	372236
311064	372229
311075	372226
311085	372227
311089	372219
311087	372209
311089	372203
311097	372201
311107	372203
311136	372174
311139	372152
311143	372131
311139	372116
311148	372095
311152	372081
311151	372076
311149	372071
311139	372056
311124	372009
311119	372000
311114	371992
311093	371974
311082	371962
311078	371957
311075	371950
311072	371943
311074	371898
311074	371898
311077	371889
311071	371867
311052	371835
311040	371825
311034	371822
311034	371807
311015	371800
311012	371791
310992	371780
310974	371768
310954	371761
310943	371755
310923	371743
310905	371731
310899	371732
310878	371736
310870	371737
310849	371735
310838	371736
310829	371739
310829	371739
310826	371740
310810	371738
310796	371732
310777	371719
310765	371706
310750	371686
310750	371686
310746	371681
310741	371675
310726	371661
310724	371656
310730	371640
310731	371636
310724	371630
310718	371627
310713	371626
310707	371635
310700	371639
310667	371637
310651	371639
310638	371645
310630	371653
310622	371660
310608	371647
310601	371640
310593	371632
310586	371623
310579	371613
310572	371590
310570	371554
310569	371546
310566	371539
310563	371531
310557	371521
310550	371511
310535	371489
310524	371472
310521	371456
310522	371444
310525	371435
310524	371426
310505	371414
310488	371396
310485	371391
310493	371372
310491	371365
310485	371359
310486	371348
310494	371338
310508	371328
310515	371323
310522	371317
310536	371303
310550	371306
310559	371308
310564	371300
310564	371287
310566	371279
310572	371267
310570	371255
310561	371246
310536	371251
310530	371243
310520	371232
310502	371225
310457	371202
310451	371198
310445	371193
310441	371177
310425	371162
310410	371144
310395	371130
310379	371113
310368	371104
310361	371103
310355	371104
310341	371116
310323	371126
310298	371136
310278	371145
310264	371147
310257	371147
310251	371147
310255	371138
310243	371126
310237	371118
310235	371115
310239	371102
310239	371094
310231	371087
310221	371085
310208	371093
310205	371095
310195	371092
310187	371099
310174	371092
310173	371083
310177	371075
310179	371066
310172	371060
310162	371055
310157	371048
310163	371043
310175	371041
310184	371029
310191	371017
310191	371008
310174	371007
310162	371004
310161	370990
310167	370984
310162	370929
310161	370926
310149	370925
310141	370922
310130	370898
310121	370888
310124	370876
310126	370861
310126	370851
310119	370849
310105	370849
310092	370849
310089	370842
310087	370835
310085	370828
310084	370806
310075	370768
310073	370748
310056	370695
310042	370665
310030	370618
310025	370599
310024	370590
310022	370573
310019	370560
310007	370546
310000	370537
309991	370530
309973	370505
309971	370501
309965	370484
309961	370469
309955	370454
309950	370445
309949	370414
309944	370402
309944	370402
309952	370392
309971	370357
309990	370317
310016	370269
310028	370235
310031	370204
310031	370204
310026	370181
310018	370164
310004	370133
309993	370114
309976	370105
309976	370105
309930	370096
309915	370069
309889	370065
309870	370049
309844	370025
309791	370008
309776	369990
309776	369990
309775	369987
309762	369983
309740	369982
309732	369990
309726	369990
309710	369962
309701	369943
309706	369922
309703	369910
309701	369908
309701	369908
309699	369906
309691	369893
309689	369878
309686	369871
309678	369880
309675	369887
309668	369890
309667	369890
309651	369875
309645	369881
309641	369886
309633	369887
309626	369871
309621	369848
309622	369841
309628	369837
309641	369837
309644	369834
309644	369831
309644	369829
309628	369813
309621	369806
309614	369801
309605	369805
309600	369814
309600	369827
309592	369829
309572	369819
309571	369802
309562	369792
309545	369800
309536	369788
309544	369777
309545	369772
309527	369764
309516	369773
309505	369771
309494	369761
309479	369757
309471	369751
309474	369738
309487	369717
309486	369710
309473	369703
309467	369689
309458	369681
309447	369673
309438	369656
309424	369647
309417	369637
309395	369630
309351	369608
309329	369590
309328	369574
309324	369555
309309	369546
309270	369553
309253	369537
309203	369522
309183	369517
309174	369513
309156	369494
309151	369488
309140	369487
309135	369489
309131	369492
309121	369506
309111	369508
309106	369494
309102	369485
309082	369479
309070	369480
309066	369489
309059	369501
309041	369509
309031	369525
309023	369531
309014	369536
308992	369543
308978	369543
308962	369533
308935	369523
308914	369523
308894	369506
308862	369480
308823	369456
308784	369437
308759	369428
308738	369427
308727	369420
308670	369425
308638	369428
308616	369425
308602	369426
308587	369428
308566	369432
308553	369427
308538	369423
308508	369435
308493	369439
308480	369437
308457	369441
308427	369448
308408	369435
308406	369435
308394	369437
308380	369449
308366	369453
308347	369441
308293	369423
308273	369416
308239	369413
308236	369430
308232	369447
308196	369445
308173	369442
308142	369431
308056	369396
308026	369392
307997	369391
307973	369402
307958	369420
307956	369424
307956	369424
307935	369474
307921	369515
307916	369534
307916	369548
307924	369568
307937	369587
307938	369603
307934	369624
307923	369652
307920	369675
307920	369710
307918	369737
307909	369763
307900	369791
307896	369810
307895	369822
307897	369833
307909	369849
307915	369858
307920	369868
307926	369884
307923	369900
307905	369931
307894	369955
307885	369968
307874	369978
307858	369989
307843	370000
307823	370006
307795	370012
307789	370015
307783	370018
307778	370022
307773	370027
307763	370037
307760	370045
307762	370051
307766	370058
307777	370069
307781	370080
307777	370107
307774	370116
307769	370121
307759	370126
307747	370130
307732	370130
307718	370127
307680	370102
307630	370065
307611	370051
307604	370047
307600	370046
307590	370045
307584	370045
307571	370047
307543	370059
307537	370062
307530	370068
307518	370075
307510	370082
307497	370089
307493	370090
307489	370091
307485	370092
307474	370092
307469	370091
307454	370089
307438	370088
307403	370091
307386	370095
307382	370097
307378	370100
307374	370108
307373	370112
307373	370121
307373	370125
307375	370129
307379	370137
307390	370155
307393	370162
307393	370169
307391	370176
307387	370178
307378	370181
307373	370183
307369	370185
307361	370192
307358	370196
307354	370205
307352	370210
307353	370217
307355	370221
307358	370225
307367	370230
307376	370232
307400	370231
307420	370233
307453	370231
307508	370232
307511	370237
307516	370269
307518	370278
307536	370309
307541	370318
307545	370328
307550	370351
307549	370359
307550	370373
307545	370419
307536	370438
307527	370451
307524	370455
307512	370467
307502	370475
307480	370543
307474	370552
307470	370561
307472	370568
307476	370576
307505	370585
307517	370590
307525	370594
307532	370598
307539	370603
307546	370609
307558	370619
307567	370631
307577	370646
307584	370659
307588	370665
307606	370687
307630	370719
307646	370736
307651	370742
307659	370757
307662	370772
307661	370785
307659	370792
307657	370799
307652	370812
307639	370835
307629	370847
307611	370852
307605	370854
307592	370856
307575	370860
307557	370869
307548	370881
307535	370901
307527	370916
307524	370920
307514	370926
307481	370939
307461	370930
307448	370920
307438	370915
307420	370915
307413	370915
307408	370912
307402	370908
307389	370893
307378	370879
307369	370869
307348	370841
307341	370841
307323	370840
307319	370842
307308	370850
307301	370860
307295	370872
307281	370888
307262	370905
307241	370913
307213	370919
307195	370925
307181	370937
307175	370946
307160	370951
307095	370956
307067	370959
307030	370967
307004	370972
306979	370974
306958	370976
306924	370986
306911	370991
306904	370995
306891	371006
306885	371012
306869	371033
306859	371042
306854	371043
306849	371044
306837	371042
306813	371019
306804	371013
306794	371013
306779	371019
306774	371024
306765	371035
306760	371041
306758	371065
306755	371089
306754	371106
306758	371122
306767	371145
306769	371151
306769	371156
306769	371161
306768	371167
306763	371179
306760	371186
306751	371195
306713	371228
306697	371233
306680	371239
306664	371238
306643	371242
306636	371244
306623	371252
306607	371269
306603	371275
306600	371281
306598	371289
306596	371297
306595	371309
306590	371325
306585	371332
306574	371341
306559	371349
306544	371353
306531	371352
306525	371351
306519	371349
306506	371342
306501	371337
306485	371319
306478	371314
306461	371311
306440	371311
306399	371313
306393	371314
306382	371320
306372	371343
306370	371361
306377	371374
306383	371381
306399	371382
306416	371404
306426	371420
306429	371427
306431	371434
306433	371453
306436	371464
306434	371475
306431	371480
306428	371484
306419	371489
306406	371486
306380	371471
306372	371472
306365	371472
306358	371474
306348	371479
306339	371489
306336	371495
306334	371501
306334	371513
306334	371528
306335	371538
306330	371550
306330	371555
306330	371582
306333	371620
306334	371625
306339	371637
306346	371654
306348	371667
306348	371671
306343	371677
306336	371681
306326	371680
306321	371676
306306	371664
306291	371656
306269	371649
306259	371653
306248	371659
306238	371670
306231	371681
306231	371693
306233	371724
306232	371739
306230	371750
306224	371761
306216	371770
306200	371773
306182	371767
306179	371762
306168	371745
306154	371709
306145	371695
306137	371687
306134	371686
306123	371685
306100	371705
306085	371716
306082	371727
306083	371737
306087	371742
306091	371748
306114	371775
306126	371788
306110	371806
306101	371814
306097	371819
306092	371825
306085	371838
306077	371848
306070	371853
306064	371859
306061	371866
306049	371880
306034	371896
306017	371910
305999	371926
305979	371941
305968	371947
305962	371950
305949	371951
305933	371949
305912	371942
305904	371948
305900	371953
305900	371953
305915	371970
305942	372004
305964	372027
305964	372027
305966	372043
305966	372067
305958	372082
305942	372091
305932	372090
305909	372086
305878	372073
305842	372066
305842	372066
305840	372077
305832	372101
305821	372124
305810	372144
305800	372159
305792	372170
305778	372192
305770	372209
305766	372223
305763	372231
305760	372239
305754	372249
305741	372267
305741	372267
305740	372269
305717	372298
305711	372305
305704	372311
305689	372323
305681	372329
305665	372339
305652	372349
305646	372358
305644	372362
305642	372370
305643	372379
305662	372429
305667	372446
305675	372460
305686	372470
305702	372478
305717	372480
305729	372485
305738	372490
305749	372501
305764	372521
305770	372557
305768	372565
305759	372572
305748	372578
305731	372588
305708	372615
305705	372624
305691	372637
305668	372656
305648	372675
305644	372682
305634	372705
305631	372720
305629	372735
305631	372768
305630	372778
305628	372782
305623	372792
305617	372800
305614	372803
305610	372802
305597	372801
305574	372812
305570	372813
305561	372815
305547	372821
305524	372835
305484	372856
305474	372864
305454	372884
305449	372888
305442	372889
305436	372890
305412	372892
305381	372895
305345	372896
305310	372892
305293	372885
305279	372879
305273	372876
305266	372874
305255	372872
305245	372881
305240	372890
305242	372902
305251	372930
305255	372940
305256	372945
305256	372948
305251	372954
305241	372960
305224	372960
305206	372958
305175	372952
305167	372951
305159	372952
305150	372953
305113	372960
305100	372967
305090	372972
305083	372962
305072	372949
305066	372934
305044	372920
305036	372910
305029	372909
305021	372901
305015	372907
305009	372908
305000	372916
304995	372913
304988	372908
304980	372912
304975	372912
304962	372911
304950	372912
304941	372906
304934	372900
304914	372906
304905	372901
304895	372902
304883	372889
304873	372886
304870	372884
304860	372871
304855	372858
304839	372831
304823	372807
304814	372796
304805	372786
304794	372776
304775	372764
304762	372758
304731	372719
304716	372704
304712	372699
304704	372685
304701	372676
304696	372668
304694	372657
304673	372630
304665	372620
304665	372620
304619	372539
304592	372510
304568	372499
304446	372469
304375	372507
304285	372561
304181	372623
304127	372649
304038	372687
304020	372818
304012	372884
304001	372971
303997	372976
303957	372991
303830	373038
303792	373053
303741	373067
303660	373085
303648	373094
303566	373229
303537	373273
303537	373273
303538	373278
303570	373343
303570	373346
303566	373364
303546	373430
303529	373454
303509	373489
303491	373516
303491	373516
303472	373551
303375	373643
303375	373643
303325	373691
303280	373739
303228	373800
303189	373846
303183	373856
303183	373856
303161	373844
303143	373833
303135	373829
303120	373824
303113	373824
303104	373819
303091	373809
303087	373806
303082	373803
303075	373802
303063	373802
303058	373801
303054	373797
303053	373795
303055	373792
303056	373790
303054	373787
303052	373785
303034	373778
303022	373773
303020	373768
303016	373765
303005	373759
303003	373756
302997	373746
302986	373738
302967	373726
302967	373726
302959	373723
302955	373722
302949	373721
302940	373723
302930	373726
302926	373725
302922	373721
302914	373712
302909	373710
302902	373707
302895	373704
302891	373701
302887	373697
302879	373689
302869	373678
302865	373673
302865	373673
302858	373664
302847	373658
302830	373642
302824	373638
302813	373637
302806	373635
302801	373632
302796	373630
302792	373629
302787	373626
302786	373624
302784	373620
302783	373616
302781	373613
302777	373611
302763	373604
302757	373598
302754	373590
302749	373583
302740	373576
302734	373571
302730	373569
302723	373567
302717	373565
302712	373563
302707	373561
302703	373558
302700	373554
302696	373550
302692	373546
302687	373543
302680	373538
302673	373533
302664	373525
302650	373516
302647	373511
302644	373504
302640	373491
302638	373484
302632	373478
302627	373471
302627	373471
302620	373439
302605	373435
302595	373418
302593	373408
302586	373391
302576	373380
302568	373375
302564	373370
302567	373366
302569	373364
302563	373357
302550	373349
302541	373346
302524	373348
302513	373343
302485	373334
302451	373319
302434	373314
302427	373306
302411	373295
302404	373286
302396	373273
302391	373259
302374	373240
302358	373212
302336	373185
302325	373153
302317	373135
302309	373122
302306	373111
302302	373098
302295	373082
302286	373071
302274	373054
302267	373041
302261	373030
302254	373011
302244	372981
302234	372970
302214	372944
302208	372936
302202	372927
302202	372927
302155	372955
302120	372975
302105	372979
302089	372987
302061	373004
302045	373015
302043	373021
302037	373031
302026	373038
302013	373041
301992	373048
301893	373101
301883	373108
301878	373116
301877	373125
301869	373132
301856	373138
301857	373145
301863	373156
301884	373190
301888	373199
301890	373208
301891	373215
301897	373228
301907	373248
301913	373263
301918	373281
301924	373318
301926	373345
301928	373354
301930	373359
301935	373363
301941	373366
301947	373369
301954	373379
301958	373391
301959	373407
301960	373432
301963	373445
301967	373461
301970	373480
301970	373489
301971	373500
301974	373520
301981	373533
301987	373544
301989	373552
301989	373561
301988	373567
301983	373577
301975	373594
301969	373604
301953	373624
301948	373630
301943	373635
301940	373641
301940	373657
301938	373677
301937	373678
301940	373681
301949	373689
301960	373701
301964	373707
301967	373713
301968	373719
301968	373726
301968	373726
301969	373734
301975	373751
301981	373769
301984	373774
301989	373780
302004	373792
302038	373828
302055	373849
302061	373857
302067	373865
302079	373884
302086	373892
302090	373897
302100	373899
302103	373905
302102	373909
302075	373911
302003	373912
301934	373915
301889	373915
301847	373918
301810	373919
301779	373923
301748	373924
301689	373928
301668	373928
301663	373928
301569	373926
301554	373923
301525	373921
301498	373918
301418	373916
301381	373917
301356	373917
301335	373919
301330	373910
301256	373908
301228	373914
301167	373916
301039	373898
300980	373894
300953	373903
300916	373911
300877	373917
300800	373915
300771	373913
300745	373909
300723	373907
300680	373900
300657	373905
300576	373910
300489	373914
300453	373917
300384	373918
300323	373918
300258	373923
300235	373926
300214	373926
300182	373920
300146	373913
300137	373912
300088	373910
300062	373911
300044	373910
300013	373910
300000	373909
299828	373905
299760	373905
299720	373904
299707	373905
299668	373912
299649	373917
