1
6229
0
470151	401838
470094	401910
470011	402014
469991	402046
469935	402113
469917	402137
469856	402215
469742	402357
469722	402385
469605	402531
469587	402555
469460	402715
469373	402828
469328	402884
469209	403035
469192	403057
469138	403120
469138	403120
469162	403137
469165	403135
469205	403113
469229	403082
469237	403071
469323	403065
469396	403064
469439	403066
469481	403067
469503	403071
469521	403078
469542	403087
469569	403101
469589	403113
469619	403128
469642	403136
469680	403145
469710	403151
469722	403156
469735	403162
469766	403175
469771	403176
469774	403176
469777	403175
469799	403163
469809	403151
469815	403145
469815	403145
469825	403139
469858	403102
469876	403090
469895	403081
469939	403073
470006	403055
470035	403039
470077	403019
470095	403012
470111	403004
470118	403002
470125	403004
470146	403023
470204	403069
470246	403093
470301	403124
470338	403143
470354	403153
470374	403168
470381	403177
470390	403199
470400	403238
470408	403270
470417	403292
470432	403314
470466	403371
470475	403396
470478	403404
470480	403428
470484	403452
470491	403475
470502	403491
470515	403494
470523	403500
470526	403503
470526	403510
470520	403541
470506	403564
470501	403580
470500	403593
470504	403629
470506	403649
470522	403708
470535	403746
470547	403784
470555	403802
470560	403809
470575	403817
470588	403825
470595	403835
470604	403861
470612	403879
470615	403894
470624	403920
470635	403929
470647	403936
470672	403953
470687	403969
470717	404005
470734	404025
470739	404031
470753	404037
470775	404047
470793	404056
470809	404068
470821	404075
470835	404084
470845	404090
470856	404092
470874	404093
470894	404098
470924	404108
470974	404124
470997	404131
471016	404136
471025	404140
471044	404153
471078	404182
471149	404240
471180	404268
471207	404291
471220	404300
471235	404305
471264	404312
471281	404315
471306	404330
471316	404339
471339	404357
471354	404367
471382	404379
471399	404383
471425	404387
471459	404391
471490	404391
471516	404391
471553	404386
471602	404375
471670	404356
471709	404344
471728	404343
471757	404347
471802	404354
471851	404358
471897	404356
471929	404355
472003	404344
472024	404338
472050	404323
472087	404302
472128	404284
472154	404267
472187	404239
472211	404222
472226	404214
472255	404203
472273	404200
472289	404198
472312	404200
472336	404207
472379	404213
472395	404217
472414	404215
472445	404206
472497	404198
472514	404193
472530	404183
472544	404179
472574	404172
472614	404170
472640	404169
472665	404168
472681	404168
472736	404160
472761	404159
472787	404156
472812	404155
472851	404152
472889	404148
472931	404147
473016	404134
473055	404126
473082	404123
473114	404117
473145	404112
473194	404103
473261	404092
473293	404084
473318	404078
473355	404069
473386	404057
473419	404046
473440	404036
473505	404024
473532	404024
473564	404024
473564	404024
473577	404023
473588	404022
473603	404021
473609	404022
473616	404023
473623	404026
473640	404030
473651	404034
473657	404038
473668	404046
473675	404052
473682	404059
473704	404087
473716	404107
473728	404138
473730	404148
473733	404154
473736	404159
473738	404162
473763	404179
473778	404186
473814	404211
473828	404217
473858	404229
473858	404229
473883	404251
473925	404282
473966	404304
474019	404327
474064	404333
474084	404334
474112	404329
474140	404314
474162	404307
474192	404303
474219	404301
474235	404301
474271	404315
474310	404336
474353	404361
474386	404380
474419	404411
474445	404440
474469	404465
474491	404494
474502	404516
474513	404534
474520	404575
474522	404601
474521	404634
474519	404663
474515	404695
474501	404726
474476	404775
474448	404820
474421	404853
474397	404869
474364	404890
474321	404911
474289	404926
474261	404942
474221	404963
474203	404969
474190	404976
474165	404993
474165	404993
474111	405040
474085	405075
474054	405119
474026	405171
474016	405193
473994	405244
473973	405313
473966	405367
473967	405416
473972	405476
473976	405514
473976	405539
473984	405590
473994	405624
474006	405644
474016	405661
474039	405686
474062	405714
474084	405739
474101	405762
474110	405786
474114	405809
474116	405849
474117	405874
474116	405966
474118	405984
474118	406000
474118	406008
474108	406043
474089	406093
474072	406115
474042	406131
473984	406149
473920	406168
473879	406179
473826	406184
473796	406182
473751	406167
473731	406164
473721	406161
473714	406156
473706	406144
473697	406140
473683	406137
473635	406136
473611	406137
473581	406140
473551	406148
473468	406179
473414	406202
473384	406230
473365	406255
473352	406289
473341	406333
473341	406344
473334	406386
473334	406436
473331	406469
473329	406496
473332	406518
473344	406559
473350	406579
473367	406638
473386	406700
473396	406744
473405	406774
473407	406794
473412	406829
473425	406873
473435	406915
473445	406954
473451	406981
473453	406992
473454	407027
473449	407056
473444	407082
473441	407114
473442	407159
473447	407198
473453	407222
473458	407239
473465	407255
473482	407311
473485	407321
473489	407348
473489	407371
473485	407394
473482	407408
473472	407469
473465	407507
473459	407530
473454	407545
473451	407561
473451	407572
473451	407601
473451	407685
473451	407698
473453	407715
473457	407727
473461	407735
473463	407741
473467	407757
473473	407770
473485	407792
473493	407805
473495	407809
473495	407817
473489	407826
473488	407832
473514	407874
473535	407918
473541	407939
473546	407980
473544	408017
473542	408036
473537	408055
473525	408078
473501	408101
473481	408130
473468	408155
473447	408182
473430	408201
473374	408251
473364	408254
473350	408260
473304	408298
473294	408307
473269	408331
473246	408356
473226	408380
473219	408395
473211	408423
473206	408442
473199	408457
473188	408467
473143	408500
473106	408525
473051	408562
473015	408589
472973	408619
472948	408632
472936	408637
472917	408646
472895	408653
472870	408654
472824	408648
472783	408646
472753	408648
472723	408653
472695	408661
472651	408675
472594	408697
472571	408710
472534	408731
472477	408772
472421	408823
472374	408863
472344	408896
472298	408960
472275	409003
472253	409046
472246	409060
472227	409118
472216	409167
472206	409221
472199	409259
472199	409276
472206	409295
472221	409326
472240	409349
472245	409351
472249	409350
472254	409348
472259	409349
472267	409357
472293	409380
472342	409460
472360	409497
472373	409517
472399	409540
472425	409558
472450	409568
472507	409579
472567	409577
472584	409577
472612	409580
472639	409577
472675	409570
472711	409559
472771	409540
472826	409517
472869	409501
472982	409455
473020	409438
473084	409404
473114	409386
473145	409354
473204	409294
473259	409240
473274	409223
473307	409183
473341	409136
473361	409103
473370	409092
473377	409090
473393	409089
473404	409090
473433	409093
473446	409096
473453	409103
473460	409139
473479	409209
473512	409318
473544	409413
473556	409447
473564	409463
473569	409490
473587	409573
473602	409645
473605	409662
473611	409701
473612	409723
473611	409730
473603	409747
473586	409786
473579	409807
473577	409816
473564	409835
473505	409900
473452	409964
473427	409997
473427	409997
473413	410014
473386	410049
473362	410091
473363	410094
473365	410094
473365	410094
473368	410094
473371	410095
473373	410096
473376	410099
473377	410104
473377	410107
473375	410110
473371	410116
473358	410135
473358	410144
473353	410176
473347	410192
473339	410209
473337	410225
473341	410299
473340	410310
473340	410313
473341	410316
473344	410325
473351	410352
473357	410365
473363	410377
473383	410407
473396	410430
473406	410452
473420	410478
473429	410488
473454	410504
473480	410523
473495	410531
473500	410533
473505	410535
473561	410544
473596	410557
473644	410560
473655	410557
473663	410557
473666	410558
473668	410561
473671	410573
473685	410571
473696	410568
473706	410565
473716	410561
473724	410557
473730	410553
473735	410550
473739	410546
473745	410538
473768	410504
473796	410465
473820	410439
473875	410379
473892	410367
473970	410330
474030	410326
474071	410320
474101	410313
474137	410300
474178	410263
474278	410167
474329	410122
474407	410072
474416	410065
474437	410045
474453	410032
474482	410011
474500	410000
474500	410000
474511	409989
474530	409977
474542	409967
474549	409960
474557	409951
474568	409937
474595	409911
474634	409858
474706	409774
474756	409720
474775	409754
474789	409774
474812	409812
474821	409825
474827	409838
474830	409849
474838	409885
474842	409909
474842	409909
474853	409971
474872	410029
474877	410043
474890	410075
474895	410087
474906	410113
474914	410129
474925	410150
474937	410168
474939	410172
474954	410195
474966	410213
474984	410248
474988	410256
474997	410276
475002	410288
475006	410298
475021	410332
475025	410342
475036	410373
475039	410381
475040	410385
475043	410399
475046	410409
475047	410413
475049	410427
475060	410468
475067	410497
475070	410510
475076	410540
475079	410553
475089	410586
475092	410596
475102	410624
475105	410639
475117	410677
475118	410682
475131	410724
475135	410738
475139	410744
475151	410761
475154	410767
475166	410787
475178	410808
475191	410835
475197	410848
475208	410872
475212	410880
475217	410890
475229	410914
475234	410928
475240	410947
475244	410963
475248	410976
475252	410990
475254	410999
475257	411013
475259	411019
475265	411044
475269	411062
475279	411088
475281	411093
475284	411102
475298	411139
475301	411145
475303	411152
475305	411161
475312	411188
475317	411215
475320	411231
475323	411261
475325	411270
475326	411274
475328	411288
475327	411294
475330	411315
475335	411358
475337	411371
475338	411387
475338	411399
475340	411408
475341	411415
475342	411425
475343	411436
475343	411443
475343	411469
475343	411486
475342	411499
475341	411503
475336	411525
475335	411530
475328	411560
475326	411573
475321	411583
475316	411592
475301	411607
475294	411616
475283	411628
475263	411650
475262	411656
475260	411668
475258	411700
475256	411731
475255	411749
475255	411749
475252	411776
475253	411784
475263	411836
475270	411875
475276	411887
475287	411904
475299	411920
475309	411930
475322	411941
475338	411952
475362	411972
475377	411985
475391	412002
475400	412020
475428	412063
475442	412086
475475	412149
475485	412170
475515	412241
475523	412256
475545	412315
475545	412315
475546	412318
475556	412343
475578	412403
475588	412434
475601	412471
475612	412511
475620	412537
475620	412549
475619	412557
475616	412567
475603	412593
475593	412611
475593	412611
475582	412633
475570	412662
475570	412673
475572	412679
475585	412695
475596	412707
475622	412717
475633	412721
475643	412725
475655	412730
475664	412734
475692	412747
475716	412759
475724	412763
475747	412776
475759	412781
475778	412790
475788	412794
475807	412800
475818	412805
475838	412810
475847	412812
475861	412815
475872	412816
475882	412817
475910	412819
475916	412820
475932	412822
475946	412824
475976	412829
476012	412834
476032	412837
476039	412839
476051	412843
476070	412850
476109	412866
476121	412870
476138	412877
476178	412896
476190	412902
476202	412908
476267	412941
476299	412961
476323	412974
476334	412979
476365	412996
476379	413003
476392	413009
476424	413026
476430	413029
476439	413033
476449	413037
476457	413037
476461	413039
476463	413042
476470	413052
476477	413060
476483	413068
476490	413078
476498	413089
476509	413104
476517	413114
476522	413120
476533	413134
476543	413148
476553	413162
476572	413188
476578	413198
476582	413204
476610	413243
476612	413247
476616	413252
476631	413281
476635	413289
476653	413325
476656	413332
476666	413351
476670	413362
476675	413374
476691	413410
476693	413417
476705	413447
476710	413460
476722	413492
476726	413502
476728	413508
476732	413523
476735	413536
476762	413600
476775	413622
476776	413629
476777	413648
476778	413665
476778	413672
476780	413707
476781	413714
476782	413754
476784	413795
476785	413833
476786	413838
476786	413846
476787	413860
476788	413876
476788	413881
476789	413913
476790	413923
476791	413932
476794	413942
476801	413961
476802	413964
476808	413986
476809	413992
476811	414002
476812	414007
476814	414019
476815	414023
476815	414034
476815	414044
476816	414049
476820	414075
476822	414088
476823	414093
476824	414108
476826	414114
476833	414133
476836	414147
476837	414158
476838	414164
476837	414173
476836	414181
476832	414201
476830	414216
476822	414250
476819	414259
476819	414265
476818	414289
476818	414300
476817	414320
476815	414330
476813	414342
476808	414363
476804	414378
476802	414385
476794	414410
476791	414422
476789	414428
476783	414448
476779	414461
476776	414471
476771	414489
476768	414497
476767	414505
476766	414510
476765	414514
476762	414534
476760	414546
476759	414555
476756	414578
476755	414584
476755	414597
476764	414621
476773	414662
476777	414681
476785	414733
476788	414745
476797	414767
476823	414838
476829	414852
476840	414885
476845	414912
476856	414972
476856	415000
476856	415000
476860	415034
476873	415122
476881	415156
476889	415174
476898	415191
476915	415223
476937	415267
476942	415276
476968	415320
476977	415331
476993	415343
477013	415359
477051	415383
477089	415400
477136	415422
477221	415461
477275	415486
477363	415528
477419	415557
477466	415581
477502	415598
477515	415605
477527	415612
477536	415622
477556	415652
477580	415693
477588	415707
477605	415742
477611	415758
477619	415781
477622	415792
477639	415842
477646	415859
477649	415872
477651	415876
477655	415878
477660	415877
477663	415876
477678	415878
477696	415881
477703	415885
477707	415888
477714	415896
477728	415911
477731	415917
477735	415925
477739	415937
477742	415952
477746	415969
477750	415979
477758	415994
477764	416002
477769	416008
477777	416020
477783	416028
477789	416032
477795	416039
477800	416045
477802	416049
477813	416062
477827	416078
477833	416084
477838	416089
477843	416093
477850	416096
477855	416098
477862	416104
477889	416132
477901	416146
477919	416166
477930	416178
477937	416187
477940	416191
477943	416197
477945	416205
477947	416212
477949	416223
477949	416229
477948	416239
477946	416254
477943	416261
477936	416271
477927	416279
477916	416287
477882	416309
477874	416314
477858	416326
477847	416337
477829	416355
477810	416376
477810	416376
477821	416394
477826	416402
477829	416405
477832	416407
477836	416409
477841	416410
477845	416410
477850	416410
477944	416417
478055	416417
478068	416417
478092	416412
478109	416411
478127	416411
478178	416415
478214	416416
478232	416417
478256	416414
478266	416413
478287	416415
478292	416415
478297	416414
478304	416411
478312	416407
478320	416403
478328	416397
478332	416393
478351	416375
478379	416352
478385	416346
478397	416333
478452	416266
478462	416250
478469	416238
478473	416231
478477	416215
478479	416207
478480	416196
478481	416185
478480	416172
478479	416159
478471	416121
478469	416113
478466	416106
478459	416092
478456	416086
478451	416081
478445	416075
478441	416071
478437	416069
478423	416064
478360	416045
478337	416036
478328	416031
478322	416026
478316	416021
478306	416010
478297	415999
478292	415991
478288	415983
478285	415974
478284	415965
478283	415961
478347	415898
478501	415791
478518	415780
478529	415771
478538	415764
478542	415760
478563	415738
478584	415721
478592	415715
478598	415712
478605	415708
478627	415700
478639	415693
478646	415688
478685	415654
478695	415645
478704	415634
478710	415626
478721	415607
478739	415582
478748	415571
478778	415534
478795	415513
478803	415503
478809	415494
478819	415477
478825	415466
478833	415449
478843	415418
478855	415396
478858	415390
478860	415381
478861	415373
478861	415366
478860	415361
478859	415357
478857	415352
478854	415346
478850	415341
478846	415337
478841	415335
478830	415331
478785	415325
478762	415324
478735	415324
478728	415324
478690	415319
478674	415318
478664	415317
478635	415317
478606	415315
478599	415314
478592	415311
478584	415307
478576	415302
478570	415297
478567	415292
478564	415287
478562	415281
478561	415274
478561	415263
478561	415251
478563	415242
478565	415231
478568	415221
478572	415211
478575	415203
478579	415198
478583	415194
478588	415190
478604	415180
478614	415173
478624	415165
478633	415158
478639	415150
478642	415141
478646	415126
478649	415119
478651	415115
478654	415112
478670	415101
478677	415095
478686	415086
478758	415000
478758	415000
478795	414964
478815	414905
478815	414905
478829	414899
478834	414897
478845	414896
478856	414895
478861	414895
478869	414897
478878	414900
478886	414903
478889	414905
478899	414914
478924	414937
478946	414959
478958	414973
478963	414980
478968	414987
478972	414996
478972	415003
478976	415018
478977	415022
478984	415038
478990	415048
478994	415055
478998	415060
479002	415064
479014	415073
479027	415081
479034	415087
479040	415093
479049	415103
479054	415107
479074	415129
479091	415150
479099	415158
479102	415161
479106	415163
479111	415166
479120	415173
479132	415182
479143	415193
479158	415208
479164	415216
479171	415224
479182	415234
479206	415259
479219	415273
479224	415277
479263	415314
479269	415319
479301	415345
479314	415358
479318	415362
479340	415380
479345	415383
479355	415390
479366	415396
479378	415404
479398	415416
479403	415420
479418	415433
479433	415445
479455	415464
479455	415464
479465	415487
479476	415500
479487	415510
479499	415522
479509	415534
479516	415542
479522	415551
479525	415558
479533	415576
479539	415591
479544	415603
479555	415633
479562	415648
479571	415676
479574	415691
479584	415715
479590	415729
479600	415752
479607	415770
479619	415795
479624	415806
479627	415812
479637	415829
479645	415840
479654	415854
479677	415882
479688	415895
479709	415921
479709	415921
479724	415939
479750	415966
479768	415983
479792	416005
479807	416019
479817	416026
479859	416063
479867	416069
479909	416108
479915	416113
479954	416146
479966	416156
479998	416178
479998	416178
480008	416185
480022	416194
480033	416200
480044	416202
480058	416205
480075	416206
480084	416206
480100	416202
480112	416196
480121	416189
480131	416181
480141	416170
480149	416163
480177	416134
480189	416123
480199	416117
480209	416111
480224	416107
480239	416104
480248	416102
480257	416101
480263	416102
480276	416106
480298	416113
480324	416124
480366	416142
480376	416146
480390	416156
480409	416171
480427	416188
480447	416206
480463	416220
480469	416228
480478	416239
480506	416277
480528	416311
480536	416328
480543	416344
480548	416355
480550	416369
480562	416396
480567	416408
480580	416429
480588	416451
480604	416488
480607	416494
480625	416537
480642	416579
480664	416618
480667	416623
480689	416666
480711	416706
480724	416726
480742	416743
480754	416757
480762	416767
480780	416783
480794	416794
480811	416807
480822	416815
480835	416824
480844	416832
480856	416842
480876	416859
480887	416871
480892	416876
480912	416900
480923	416914
480927	416920
480942	416944
480952	416962
480969	416999
480972	417005
480977	417024
480980	417038
480981	417048
480983	417075
480985	417089
480987	417129
480991	417168
480992	417172
480995	417210
480995	417216
480998	417252
480999	417258
480998	417295
480999	417301
480996	417340
480996	417344
480995	417385
480993	417429
480992	417469
480992	417512
480993	417554
480996	417593
480996	417597
480999	417630
481000	417637
481002	417638
481012	417636
481031	417630
481055	417617
481073	417601
481099	417576
481113	417559
481135	417537
481135	417537
481192	417472
481265	417408
481325	417349
481356	417321
481387	417278
481433	417213
481458	417181
481476	417160
481529	417100
481581	417048
481599	417029
481613	417012
481696	416904
481720	416862
481742	416829
481751	416817
481759	416806
481788	416772
481822	416730
481845	416696
481875	416640
481887	416621
481914	416590
481914	416590
481937	416563
482034	416494
482080	416469
482142	416435
482178	416413
482193	416402
482200	416395
482200	416391
482201	416378
482198	416362
482194	416343
482192	416336
482182	416326
482168	416316
482142	416303
482118	416289
482060	416256
482007	416226
481981	416210
481952	416190
481932	416175
481912	416162
481902	416154
481893	416143
481883	416129
481877	416112
481875	416092
481875	416058
481875	416046
481877	416032
481886	416009
481895	415983
481901	415968
481905	415960
481916	415944
481922	415938
481934	415927
481942	415922
481953	415918
481971	415910
481997	415900
482009	415896
482016	415891
482025	415885
482031	415880
482037	415875
482042	415867
482046	415861
482049	415855
482051	415849
482057	415833
482062	415821
482068	415806
482080	415774
482085	415763
482102	415729
482107	415720
482121	415699
482127	415693
482140	415680
482154	415669
482167	415661
482183	415652
482202	415643
482232	415631
482257	415622
482272	415617
482291	415612
482307	415609
482327	415608
482341	415608
482350	415609
482362	415614
482370	415619
482381	415627
482391	415635
482404	415647
482422	415672
482437	415690
482459	415725
482478	415754
482492	415775
482513	415803
482526	415819
482547	415848
482564	415866
482577	415880
482590	415895
482597	415903
482616	415928
482623	415938
482627	415946
482638	415969
482641	415978
482644	415989
482648	416003
482652	416018
482655	416032
482660	416054
482664	416070
482665	416075
482672	416111
482673	416118
482678	416156
482681	416171
482684	416188
482685	416202
482689	416236
482690	416245
482695	416285
482702	416314
482706	416334
482714	416363
482716	416370
482723	416398
482725	416403
482733	416417
482744	416434
482753	416452
482771	416477
482786	416500
482808	416517
482823	416537
482840	416560
482855	416575
482868	416586
482907	416620
482920	416635
482930	416647
482936	416658
482943	416670
482949	416683
482951	416692
482952	416705
482952	416713
482944	416735
482932	416760
482927	416769
482915	416779
482905	416788
482885	416810
482872	416832
482865	416848
482859	416868
482851	416895
482849	416904
482850	416918
482850	416932
482850	416954
482848	416990
482848	417005
482853	417016
482856	417021
482860	417031
482860	417053
482863	417083
482867	417142
482870	417168
482871	417194
482870	417212
482868	417236
482863	417254
482850	417293
482840	417322
482834	417336
482823	417357
482811	417376
482805	417384
482789	417401
482774	417412
482765	417423
482742	417441
482732	417448
482720	417457
482702	417467
482689	417473
482689	417473
482656	417484
482632	417490
482620	417495
482609	417501
482592	417514
482579	417528
482574	417540
482567	417555
482566	417564
482562	417581
482561	417608
482560	417636
482565	417662
482574	417691
482580	417705
482593	417738
482597	417748
482612	417774
482618	417788
482625	417805
482629	417821
482633	417831
482639	417855
482642	417863
482644	417873
482650	417888
482658	417903
482663	417914
482676	417942
482680	417954
482682	417970
482683	417980
482681	417994
482677	418014
482671	418031
482668	418037
482656	418062
482646	418079
482636	418094
482621	418111
482610	418121
482579	418145
482561	418158
482555	418164
482545	418179
482541	418191
482539	418201
482539	418206
482540	418212
482543	418219
482546	418224
482554	418244
482557	418249
482562	418254
482577	418262
482590	418267
482602	418270
482612	418272
482623	418272
482648	418272
482664	418270
482677	418269
482695	418268
482714	418268
482730	418270
482742	418271
482756	418275
482770	418278
482780	418279
482788	418278
482795	418276
482812	418270
482827	418261
482841	418251
482851	418244
482857	418239
482863	418232
482867	418225
482870	418219
482872	418208
482872	418198
482872	418185
482872	418177
482874	418161
482877	418151
482880	418140
482882	418134
482887	418117
482902	418091
482923	418061
482930	418048
482944	418022
482965	417992
482976	417979
482986	417967
482991	417964
483004	417955
483028	417945
483043	417941
483055	417940
483079	417942
483092	417944
483109	417950
483121	417956
483143	417969
483168	417987
483186	417997
483206	418005
483225	418011
483254	418019
483288	418029
483317	418037
483352	418047
483381	418055
483423	418066
483435	418070
483435	418070
483515	418087
483571	418102
483623	418122
483671	418148
483696	418163
483780	418214
483825	418249
483867	418290
483907	418333
483941	418378
483966	418421
483966	418421
483971	418430
484004	418483
484004	418483
484019	418507
484027	418515
484046	418526
484065	418534
484074	418540
484083	418547
484092	418558
484096	418564
484099	418574
484100	418597
484107	418654
484103	418671
484100	418680
484086	418691
484069	418699
484042	418713
484021	418732
484011	418747
484004	418756
483998	418768
483996	418782
483992	418803
483992	418817
483992	418831
483996	418843
484005	418870
484021	418899
484034	418918
484054	418942
484070	418955
484097	418971
484125	418990
484149	419004
484171	419013
484181	419017
484203	419020
484237	419023
484259	419026
484279	419030
484328	419044
484359	419053
484376	419058
484390	419061
484419	419069
484437	419071
484451	419071
484476	419067
484512	419056
484545	419043
484572	419029
484590	419019
484596	419012
484604	419001
484616	418977
484620	418974
484649	418966
484679	418961
484705	418961
484735	418972
484760	418983
484774	418992
484782	419003
484796	419029
484813	419074
484815	419084
484814	419092
484811	419102
484807	419108
484806	419111
484818	419140
484829	419165
484841	419192
484844	419198
484860	419222
484872	419243
484890	419267
484903	419282
484936	419311
484958	419328
484984	419343
484998	419351
484998	419351
485006	419356
485014	419361
485023	419367
485031	419372
485041	419376
485046	419379
485055	419381
485066	419383
485077	419384
485095	419383
485102	419382
485117	419385
485127	419388
485138	419394
485148	419401
485160	419411
485168	419419
485180	419434
485187	419447
485191	419454
485195	419465
485202	419481
485205	419493
485206	419497
485208	419513
485209	419521
485210	419539
485210	419553
485209	419569
485207	419574
485204	419581
485192	419600
485179	419618
485173	419623
485146	419651
485133	419665
485113	419681
485103	419686
485087	419693
485076	419697
485066	419700
485042	419705
485017	419709
485008	419711
484996	419715
484988	419719
484979	419724
484952	419743
484939	419751
484929	419755
484921	419758
484909	419762
484900	419764
484886	419763
484870	419759
484845	419752
484822	419744
484813	419741
484807	419741
484799	419741
484778	419745
484757	419749
484736	419751
484730	419753
484721	419757
484714	419762
484703	419766
484682	419772
484675	419775
484656	419785
484631	419804
484621	419813
484610	419827
484592	419852
484574	419882
484568	419894
484564	419909
484561	419921
484560	419936
484559	419958
484559	419968
484562	419981
484568	420007
484571	420020
484572	420028
484573	420038
484574	420057
484574	420063
484571	420076
484568	420095
484564	420106
484551	420147
484541	420175
484534	420189
484520	420215
484510	420232
484490	420266
484486	420275
484473	420302
484464	420346
484461	420358
484452	420387
484449	420401
484445	420444
484445	420450
484445	420450
484443	420477
484464	420517
484470	420537
484472	420549
484474	420562
484476	420586
484475	420595
484472	420630
484472	420641
484475	420670
484475	420683
484473	420695
484468	420720
484466	420731
484467	420741
484471	420759
484472	420769
484470	420777
484469	420783
484463	420793
484446	420816
484426	420836
484422	420841
484419	420847
484416	420853
484412	420868
484410	420880
484408	420904
484408	420914
484410	420925
484414	420936
484435	420978
484440	420986
484453	421004
484486	421044
484492	421051
484499	421058
484508	421065
484518	421072
484528	421078
484538	421083
484549	421087
484560	421090
484570	421092
484576	421093
484583	421092
484605	421089
484619	421088
484644	421086
484653	421087
484663	421088
484673	421091
484682	421093
484689	421096
484704	421104
484720	421115
484740	421132
484747	421138
484764	421147
484774	421151
484774	421151
484787	421160
484799	421170
484806	421174
484831	421181
484874	421187
484891	421188
484922	421188
484934	421186
484960	421182
485001	421174
485036	421168
485062	421160
485081	421156
485105	421151
485121	421146
485146	421135
485156	421128
485165	421116
485173	421105
485180	421095
485189	421085
485203	421073
485215	421062
485236	421049
485252	421042
485269	421034
485275	421031
485279	421030
485295	421028
485314	421025
485339	421021
485359	421015
485368	421014
485377	421015
485393	421019
485409	421022
485422	421026
485447	421036
485471	421047
485501	421062
485508	421069
485529	421085
485549	421106
485568	421127
485598	421161
485606	421170
485634	421203
485640	421212
485644	421222
485645	421230
485644	421236
485644	421236
485645	421241
485649	421258
485653	421283
485657	421297
485660	421306
485665	421315
485677	421338
485723	421406
485779	421476
485862	421587
485888	421610
485915	421611
486055	421690
486055	421690
486067	421697
486067	421697
486339	421849
486339	421849
486306	421910
486278	421965
486214	422098
486177	422196
486091	422450
486062	422539
486059	422552
486051	422591
486027	422685
486022	422717
486020	422734
486019	422746
486019	422753
486019	422753
486063	422890
486115	423023
486160	423159
486232	423468
486232	423468
486281	423471
486306	423473
486324	423476
486364	423483
486390	423488
486419	423495
486448	423503
486475	423512
486498	423520
486515	423527
486532	423535
486540	423539
486565	423554
486604	423577
486624	423589
486643	423603
486687	423636
486722	423663
486776	423708
486912	423814
487135	423981
487234	424058
487343	424145
487577	424334
487599	424353
487611	424362
487631	424376
487651	424388
487677	424402
487695	424410
487747	424441
487901	424552
488003	424627
488034	424649
488221	424853
488221	424853
488278	424910
488278	424910
488371	425000
488371	425000
488371	425000
488393	425016
488405	425023
488429	425037
488444	425043
488475	425053
488559	425079
488592	425085
488638	425095
488686	425107
488728	425117
488760	425125
488830	425157
488881	425187
488920	425210
488939	425222
488986	425253
489012	425268
489097	425304
489131	425317
489253	425365
489347	425400
489541	425480
489621	425514
489834	425599
489934	425640
489970	425658
489999	425673
489999	425673
490000	425674
490152	425747
490211	425777
490379	425887
490379	425887
490505	425964
490565	426000
490565	426000
490821	426018
491087	426031
491143	426034
491351	426039
491440	426029
491590	425966
491614	425953
491670	425931
491764	425888
491884	425827
491947	425796
492035	425750
492136	425697
492228	425643
492297	425595
492366	425547
492412	425508
492485	425440
492529	425395
492561	425359
492627	425291
492709	425212
492742	425166
492848	425024
492882	424968
492957	424867
492973	424844
492998	424806
493065	424695
493090	424652
493154	424528
493170	424500
493206	424431
493243	424359
493275	424298
493311	424236
493341	424191
493356	424172
493389	424127
493442	424058
493474	424018
493504	423984
493545	423939
493588	423898
493649	423848
493696	423804
493748	423760
493801	423717
493856	423678
493898	423649
493949	423621
494004	423585
494083	423539
494126	423515
494231	423471
494320	423442
494383	423430
494440	423424
494493	423417
494539	423410
494592	423396
494657	423380
494690	423379
494741	423379
494796	423388
494830	423396
494856	423410
494892	423430
494909	423435
494931	423433
495027	423429
495027	423429
495203	423340
495349	423271
495451	423221
495544	423174
495635	423130
495739	423077
495833	423036
495905	423002
495939	422990
496098	422936
496221	422891
496256	422877
496275	422871
496294	422865
496334	422856
496345	422853
496366	422846
496408	422828
496416	422825
496428	422822
496446	422818
496484	422812
496576	422801
496619	422797
496673	422795
496692	422794
496754	422796
496822	422794
496856	422793
496882	422793
496904	422795
496945	422799
496960	422801
497018	422801
497076	422804
497125	422802
497134	422802
497191	422805
497240	422809
497251	422810
497266	422809
497286	422808
497317	422805
497444	422788
497513	422780
497513	422780
497585	422769
497625	422765
497653	422764
497663	422764
497675	422765
497700	422768
497744	422775
497815	422789
497886	422801
497919	422807
498060	422841
498141	422860
498219	422881
498303	422901
498369	422912
498547	422938
498660	422958
498839	422987
498898	423000
498959	423018
498959	423018
499068	423052
499088	423059
499111	423068
499129	423076
499148	423085
499174	423098
499198	423112
499219	423126
499229	423133
499285	423174
499324	423207
499363	423244
499386	423264
499409	423284
499464	423330
499495	423364
499495	423364
499535	423401
499581	423443
499599	423459
499620	423478
499655	423515
499685	423544
499709	423564
499722	423574
499765	423605
499778	423613
499799	423625
499831	423638
499848	423645
499999	423694
499999	423694
500000	423694
500256	423864
500310	423902
500409	423964
500485	424006
500587	424059
500677	424110
500735	424139
500891	424209
500891	424209
500961	424226
501064	424245
501116	424251
501174	424257
501297	424260
501383	424260
501456	424257
501629	424260
501699	424264
501890	424270
501944	424277
502121	424299
502195	424307
502400	424334
502485	424347
502655	424376
502766	424396
502921	424422
503019	424441
503199	424475
503299	424493
503536	424539
503798	424594
504018	424647
504086	424664
504245	424714
504348	424740
504537	424785
504631	424808
504844	424861
504919	424879
505093	424922
505202	424947
505370	424985
505445	425006
505509	425022
505624	425052
505723	425078
505796	425093
505847	425099
505847	425099
505876	425105
505924	425112
505980	425125
506126	425154
506227	425179
506262	425187
506331	425199
506398	425218
506462	425231
506516	425248
506644	425288
506735	425314
506818	425344
506860	425358
507080	425431
507166	425458
507241	425488
507313	425511
507373	425533
507422	425550
507475	425566
507526	425591
507652	425644
507723	425676
507774	425696
507814	425719
507841	425731
507869	425743
507934	425768
508041	425818
508143	425863
508143	425863
508175	425878
508266	425917
508341	425962
508384	425984
508442	426008
508494	426028
508559	426061
508589	426079
508675	426115
508761	426157
508761	426157
508912	426174
509000	426211
509084	426245
509261	426317
509365	426358
509601	426456
509869	426563
510138	426672
510407	426775
510517	426810
510574	426822
510672	426842
510825	426865
510891	426875
510957	426886
511032	426895
511113	426916
511224	426943
511415	426983
511514	427000
511729	427044
511795	427055
512025	427091
512261	427112
512499	427125
512723	427139
512786	427135
512977	427124
513007	427124
513007	427124
513079	427119
513225	427104
513334	427092
513439	427074
513572	427049
513682	427027
513781	427006
513853	426985
513936	426958
514115	426887
514218	426842
514427	426743
514499	426692
514591	426623
514649	426568
514701	426520
514800	426415
514863	426348
514936	426271
514995	426194
514995	426194
515017	426166
515054	426104
515102	426029
515163	425932
515192	425877
515202	425857
515237	425780
515281	425690
515334	425601
515358	425558
515367	425522
515405	425432
515437	425362
515496	425219
515506	425193
515567	425044
515576	425021
515634	424876
515643	424851
515709	424686
515721	424617
515736	424572
515761	424512
515819	424378
515833	424342
515868	424250
515878	424221
515895	424171
515942	424040
515954	424001
515999	423870
516013	423830
516055	423716
516074	423665
516123	423553
516147	423499
516197	423406
516231	423339
516257	423299
516305	423209
516323	423173
516377	423076
516404	423023
516482	422879
516528	422793
516603	422655
516677	422517
516757	422348
516837	422195
516923	422041
517005	421883
517047	421813
517145	421644
517241	421471
517292	421386
517388	421229
517388	421229
517450	421135
517517	421029
517538	420999
517619	420875
517652	420825
517749	420682
517768	420654
517889	420485
517917	420442
517942	420387
517971	420318
518033	420196
518058	420149
518102	420010
518102	420010
518117	419949
518140	419846
518168	419785
518197	419722
518249	419636
518289	419569
518299	419549
518354	419451
518375	419422
518396	419391
518431	419352
518464	419317
518489	419288
518529	419251
518563	419222
518661	419128
518690	419101
518728	419073
518756	419049
518803	419011
518849	418965
518902	418917
518943	418878
519085	418753
519121	418716
519204	418634
519204	418634
519299	418574
519455	418471
519531	418423
519811	418259
519979	418167
520067	418121
520241	418038
520334	418014
520463	417997
520625	417982
520800	417955
520993	417920
521172	417877
521405	417811
521552	417759
521683	417689
521916	417542
522043	417433
522103	417370
522294	417153
522376	417046
522542	416848
522632	416731
522653	416701
522837	416487
522937	416370
523155	416121
523226	416035
523454	415806
523531	415737
523583	415694
523843	415468
523978	415359
524307	415118
524516	415013
524516	415013
524564	414973
524636	414914
524731	414844
524789	414810
524865	414761
524939	414724
525023	414682
525227	414582
525313	414542
525468	414478
525592	414425
525743	414364
525873	414313
526117	414223
526368	414136
526608	414048
526854	413960
527005	413907
527128	413871
527321	413814
527388	413796
527563	413752
527652	413737
527889	413687
527889	413687
528084	413680
528177	413675
528353	413661
528465	413656
528647	413634
528913	413614
529164	413590
529321	413562
529639	413472
529858	413397
530183	413290
530424	413201
530696	413120
530826	413097
530963	413093
531195	413094
531353	413107
531431	413123
531474	413148
531474	413148
531696	413123
531937	413094
532059	413080
532059	413080
532145	413016
532224	412980
532474	412845
532576	412794
532821	412662
532950	412598
533071	412513
533258	412373
533328	412301
533391	412235
533435	412172
533538	412008
533576	411936
533611	411881
533648	411839
533709	411793
533778	411734
533843	411679
533890	411667
534190	411586
534190	411586
534284	411508
534383	411438
534457	411388
534524	411340
534663	411248
534732	411199
534777	411169
534900	411095
535016	411039
535177	410966
535177	410966
535335	410904
535492	410835
535586	410788
535705	410716
535821	410633
536076	410442
536260	410309
536565	410070
536697	409967
536966	409729
537015	409679
537054	409634
537273	409365
537314	409293
537426	409086
537485	408963
537631	408675
537662	408617
537797	408461
537942	408330
538029	408269
538323	408068
538518	407964
538885	407755
539000	407695
539339	407555
539474	407508
539852	407411
540017	407377
540384	407309
540582	407279
540975	407224
541129	407204
541597	407132
541770	407118
541770	407118
542213	407082
543231	407144
544167	407236
544992	407359
544992	407359
545330	407202
546124	406646
546511	406289
547274	405514
547695	405034
548301	404259
548747	403587
548773	403543
549217	402751
549473	402307
549508	402233
549565	402127
549733	401894
550185	401160
550573	400409
551058	399260
551532	398277
551578	398222
552362	396959
552491	396672
552610	396542
552739	396337
552870	396165
553317	395567
553418	395373
553767	394708
553859	394511
554110	393575
554119	393480
554213	393177
554347	392587
554400	392324
554423	392254
554423	392254
554560	391823
554602	391686
554617	391634
554941	390636
555082	390297
555132	390177
555234	389919
555558	389249
555793	388684
555854	388511
555878	388421
555953	388258
556363	387380
556461	387060
556610	386780
556788	386381
556889	386172
557461	384732
557578	384407
557730	383942
557807	383717
558153	383237
558196	383177
558310	383013
558391	382841
558672	382458
558880	382013
559322	381306
559381	381211
559505	381020
559836	380347
560112	379672
560207	379460
560310	379268
560637	378538
560888	377601
560894	377536
561134	376862
561383	376244
561675	375267
561921	374048
561943	373893
562004	373462
562012	373402
562020	373313
562041	373057
562075	372959
562096	372897
562096	372897
562271	372395
562449	371907
562621	371328
562642	371246
562982	369898
563130	368991
563211	367963
563224	367317
563184	366262
563163	365179
563122	364873
563133	364748
563144	363982
563105	363254
563109	362832
563089	362381
563089	362381
557389	353644
557389	353644
557187	353334
557148	353269
556727	352653
556656	352549
556523	352387
556251	351975
556026	351661
555751	351299
555665	351162
555514	350947
555312	350652
555060	350357
554718	350020
554587	349889
554302	349666
553867	349338
553673	349200
553498	349088
553244	348940
552840	348705
552599	348545
552401	348412
552122	348260
551787	348059
551566	347919
551352	347794
551160	347682
550998	347563
550831	347433
550608	347293
550338	347137
549905	346875
549667	346721
549509	346607
548918	346195
548711	346043
548543	345930
548368	345805
547945	345530
547764	345398
547612	345271
547416	345119
547077	344856
547002	344793
546925	344720
546815	344597
546756	344545
546677	344474
546532	344351
546351	344196
546151	344048
546011	343950
545897	343848
545784	343742
545665	343629
545578	343524
545549	343470
545386	343245
544987	342844
544808	342698
544541	342488
544066	342201
543817	342072
543521	341926
542948	341655
542834	341592
542696	341500
542586	341419
542397	341292
541957	340987
541853	340923
541756	340862
541677	340824
541592	340778
541434	340699
541340	340641
541223	340592
541138	340556
541138	340556
541108	340529
541076	340484
541004	340380
540937	340307
540882	340231
540882	340231
540760	340041
540712	339961
540634	339879
540416	339705
540349	339658
540188	339533
539914	339366
539729	339275
539574	339191
539324	339095
539170	339053
538990	339021
538744	338993
538588	338983
538437	338979
538166	339001
538028	339019
537857	339058
537579	339141
537363	339238
537250	339301
537010	339438
537010	339438
536948	339482
536898	339522
536745	339647
536679	339701
536651	339721
536618	339742
536598	339753
536579	339763
536559	339773
536539	339781
536521	339788
536504	339794
536488	339799
536471	339803
536455	339807
536438	339810
536412	339813
536325	339829
536299	339832
536288	339835
536277	339837
536255	339844
536234	339852
536224	339857
536204	339867
536195	339873
536185	339880
536172	339890
536160	339900
536148	339911
536124	339937
536108	339956
536099	339969
536089	339982
536077	340000
536077	340000
536062	340021
536042	340048
535999	340110
535955	340179
535926	340217
535889	340260
535849	340318
535786	340408
535723	340492
535680	340552
535645	340598
535627	340625
535570	340705
535532	340755
535511	340786
535487	340816
535406	340922
535347	340998
535320	341034
535272	341097
535245	341130
535190	341197
535165	341226
535135	341257
535101	341295
535000	341400
534999	341401
534999	341401
534988	341407
534970	341426
534949	341447
534888	341508
534854	341544
534828	341571
534752	341651
534723	341684
534697	341716
534677	341750
534677	341750
534663	341766
534632	341811
534611	341839
534582	341876
534582	341876
534564	341901
534530	341941
534478	342012
534449	342055
534433	342076
534385	342136
534337	342201
534289	342266
534257	342306
534198	342378
534169	342417
534072	342546
534072	342546
534052	342571
534036	342587
534013	342617
534000	342632
533942	342697
533912	342733
533898	342751
533878	342779
533827	342845
533802	342878
533781	342901
533760	342919
533738	342933
533701	342952
533638	342980
533617	342988
533571	343000
533553	343000
533553	343000
533506	342999
533428	342978
533403	342974
533379	342972
533355	342969
533318	342972
533267	342974
533222	342973
533207	342972
533182	342967
533156	342958
533125	342945
533114	342940
533049	342898
533034	342889
533018	342880
532989	342865
532974	342858
532944	342847
532914	342838
532865	342828
532843	342826
532831	342827
532825	342828
532825	342828
532795	342834
532775	342841
532757	342852
532743	342864
532728	342879
532718	342899
532706	342947
532697	343008
532685	343076
532683	343104
532677	343136
532674	343190
532674	343213
532682	343266
532691	343286
532697	343295
532703	343304
532719	343323
532750	343357
532773	343380
532795	343397
532849	343444
532874	343469
532891	343489
532907	343516
532916	343537
532920	343547
532923	343556
532924	343568
532925	343579
532924	343592
532923	343598
532919	343610
532913	343622
532910	343628
532900	343639
532894	343644
532888	343649
532874	343658
532837	343682
532836	343683
532827	343689
532819	343695
532811	343702
532803	343709
532796	343717
532795	343717
532790	343723
532784	343729
532779	343735
532775	343742
532774	343744
532770	343749
532767	343755
532764	343760
532761	343766
532761	343768
532759	343773
532757	343778
532756	343784
532755	343790
532754	343795
532754	343797
532753	343804
532754	343811
532754	343818
532756	343825
532757	343832
532758	343835
532760	343842
532762	343848
532764	343855
532767	343861
532781	343887
532802	343928
532802	343942
532801	343949
532796	343965
532785	343984
532770	344005
532756	344020
532750	344024
532750	344024
532720	344043
532712	344050
532685	344076
532658	344109
532647	344125
532637	344145
532622	344166
532607	344188
532588	344212
532579	344224
532564	344249
532557	344261
532545	344284
532521	344312
532513	344321
532456	344400
532408	344461
532377	344498
532377	344498
532347	344531
532347	344531
532323	344558
532303	344581
532254	344631
532207	344683
532174	344714
532061	344839
532017	344885
531971	344937
531910	345000
531910	345000
531873	345041
531687	345241
531634	345300
531574	345363
531410	345543
531365	345589
531321	345636
531280	345682
531229	345738
531180	345798
531180	345798
531140	345849
531099	345898
531075	345930
531052	345967
531052	345967
531047	345974
531033	345995
530989	346065
530942	346133
530897	346200
530815	346320
530744	346428
530673	346533
530609	346629
530557	346703
530495	346795
530427	346899
530375	346975
530320	347059
530265	347138
530207	347228
530185	347261
530158	347294
530140	347319
530126	347335
530093	347363
530055	347383
530024	347398
530000	347407
530000	347407
529960	347410
529933	347409
529808	347412
529652	347419
529269	347432
529086	347439
528914	347444
528738	347451
528551	347456
528029	347472
527656	347486
527305	347497
527056	347507
526913	347511
526845	347512
526746	347515
526678	347518
526644	347522
526628	347526
526612	347531
526594	347538
526584	347542
526555	347557
526506	347583
526463	347610
526449	347619
526421	347642
526407	347654
526369	347689
526351	347708
526332	347731
526252	347849
526105	348058
525991	348226
525844	348438
525525	348905
525321	349205
525170	349424
525077	349556
525038	349609
525000	349656
525000	349656
525000	349656
524964	349702
524964	349702
524933	349742
524826	349871
524720	349996
524718	350000
524718	350000
524422	350355
523938	350941
523786	351123
523618	351326
523467	351507
523320	351683
523206	351823
523151	351886
523103	351927
523007	352006
522849	352131
522364	352522
522201	352650
521892	352898
521744	353017
521577	353151
521450	353254
521450	353254
521444	353260
521406	353295
521373	353339
521325	353407
521227	353545
521182	353612
521131	353695
521019	353885
520972	353968
520959	353998
520959	353998
520953	354015
520945	354036
520940	354054
520931	354113
520918	354183
520907	354239
520878	354409
520845	354607
520838	354634
520833	354653
520823	354679
520814	354700
520808	354712
520798	354730
520783	354758
520775	354780
520769	354799
520763	354817
520760	354831
520756	354858
520756	354879
520756	354889
520758	354901
520762	354925
520768	354943
520777	354959
520796	354989
520806	355000
520806	355000
520867	355092
520898	355162
520926	355215
520939	355247
520963	355300
520970	355318
520971	355322
520971	355327
520971	355333
520968	355346
520951	355397
520941	355421
520925	355460
520909	355494
520909	355494
520888	355541
520881	355552
520859	355581
520840	355602
520817	355622
520784	355651
520745	355684
520662	355740
520649	355749
520633	355758
520596	355776
520583	355780
520541	355790
520522	355792
520491	355793
520437	355791
520391	355795
520357	355793
520307	355799
520289	355804
520267	355811
520243	355822
520215	355832
520189	355844
520163	355855
520111	355884
520093	355891
520081	355896
520052	355910
520043	355916
520027	355928
520010	355943
520000	355955
520000	355955
520000	355955
519989	355967
519959	356008
519948	356021
519937	356032
519927	356043
519907	356058
519892	356067
519884	356072
519877	356075
519860	356082
519836	356090
519786	356109
519762	356121
519742	356130
519734	356134
519720	356143
519714	356147
519700	356159
519689	356170
519679	356185
519671	356199
519659	356226
519654	356242
519644	356278
519640	356290
519629	356318
519617	356340
519607	356368
519599	356393
519586	356420
519561	356481
519536	356548
519526	356578
519513	356623
519506	356646
519495	356681
519492	356692
519488	356701
519483	356709
519479	356716
519471	356728
519456	356744
519396	356818
519381	356835
519375	356844
519356	356870
519344	356892
519331	356928
519330	356936
519328	356958
519329	356970
519342	357066
519341	357078
519338	357100
519334	357116
519327	357134
519314	357165
519306	357192
519292	357235
519279	357285
519274	357302
519262	357336
519245	357404
519242	357418
519239	357441
519232	357485
519221	357570
519219	357597
519218	357630
519218	357641
519220	357649
519224	357666
519233	357693
519298	357799
519312	357822
519326	357869
519328	357877
519329	357893
519326	357908
519315	357930
519298	357954
519293	357959
519265	357985
519224	358014
519207	358029
519173	358055
519163	358064
519144	358079
519144	358079
519112	358113
519039	358205
519010	358245
518967	358311
518960	358322
518951	358338
518945	358351
518945	358351
518939	358369
518932	358413
518930	358436
518924	358489
518918	358547
518917	358575
518916	358592
518919	358610
518926	358631
518944	358660
519005	358716
519012	358722
519020	358737
519028	358755
519033	358788
519033	358802
519030	358826
519013	358895
519008	358921
518999	358937
518994	358943
518990	358950
518980	358961
518947	358990
518927	359005
518910	359017
518873	359047
518857	359060
518839	359082
518829	359102
518822	359119
518819	359127
518812	359157
518803	359228
518801	359270
518797	359302
518797	359330
518792	359436
518792	359436
518789	359451
518781	359503
518781	359510
518781	359518
518785	359544
518787	359553
518792	359569
518799	359583
518813	359617
518826	359642
518837	359668
518854	359727
518859	359750
518861	359761
518860	359791
518859	359819
518853	359863
518834	359968
518824	360000
518824	360000
518820	360029
518814	360047
518805	360071
518798	360085
518789	360103
518774	360129
518741	360182
518688	360263
518590	360401
518568	360435
518528	360482
518438	360584
518427	360598
518407	360624
518376	360672
518344	360727
518315	360777
518303	360795
518296	360804
518293	360808
518231	360869
518214	360882
518202	360890
518180	360902
518134	360922
518088	360940
518074	360947
518051	360960
518035	360971
518028	360978
518016	360990
517984	361018
517967	361037
517960	361046
517948	361066
517939	361083
517934	361101
517929	361121
517929	361121
517928	361131
517927	361132
517922	361211
517917	361254
517907	361318
517900	361353
517894	361387
517869	361501
517861	361537
517853	361567
517840	361604
517816	361661
517786	361727
517740	361835
517561	362202
517509	362302
517496	362329
517491	362342
517481	362369
517468	362418
517453	362465
517419	362547
517407	362571
517399	362585
517387	362605
517368	362633
517355	362648
517355	362648
517304	362709
517243	362777
517179	362849
517126	362913
517048	363022
517005	363088
516997	363101
516992	363110
516986	363120
516974	363149
516971	363158
516966	363179
516959	363222
516944	363362
516930	363429
516926	363443
516920	363457
516914	363468
516908	363478
516900	363487
516893	363494
516886	363500
516881	363503
516872	363508
516872	363508
516858	363515
516834	363523
516782	363538
516727	363556
516706	363564
516696	363569
516688	363574
516677	363580
516664	363589
516652	363598
516636	363612
516626	363621
516609	363638
516599	363649
516585	363666
516585	363666
516384	363890
516352	363930
516352	363930
516350	363935
516339	363954
516296	364002
516284	364014
516283	364015
516283	364015
516178	364136
516150	364186
516138	364225
516117	364292
516117	364292
516117	364300
516115	364313
516080	364420
516078	364425
516072	364438
516063	364456
516043	364482
516025	364506
515955	364575
515945	364588
515938	364598
515926	364616
515914	364638
515906	364657
515884	364714
515861	364771
515835	364844
515825	364866
515820	364875
515811	364889
515786	364924
515757	364959
515755	364961
515746	364968
515746	364968
515680	365046
515600	365134
515467	365292
515366	365410
515366	365410
515327	365457
515295	365489
515277	365505
515265	365516
515156	365597
515156	365597
514907	365784
514824	365845
514720	365903
514694	365917
514694	365917
514401	366058
514401	366058
514387	366065
514111	366198
513985	366252
513985	366252
513855	366288
513798	366301
513762	366308
513721	366315
513679	366319
513431	366318
513206	366314
513097	366317
513077	366319
513059	366322
513035	366329
513012	366339
512930	366371
512742	366448
512742	366448
512633	366493
512487	366560
512473	366568
512456	366579
512432	366597
512421	366607
512421	366607
512418	366610
512398	366632
512387	366649
512034	367198
512018	367222
512009	367239
512002	367254
511997	367265
511991	367287
511988	367307
511987	367315
511971	367724
511970	367737
511966	367785
511964	367794
511962	367804
511958	367814
511953	367823
511948	367832
511721	368269
511721	368269
511699	368310
511654	368396
511644	368416
511637	368427
511632	368435
511625	368443
511615	368454
511605	368463
511594	368470
511579	368479
511569	368482
511554	368487
511469	368499
511349	368520
511320	368526
511309	368529
511287	368535
511262	368543
511245	368551
511226	368562
511216	368569
511193	368587
511176	368604
511168	368613
511154	368633
511148	368643
511143	368653
511140	368663
511138	368676
511138	368695
511142	368748
511151	368834
511164	368927
511174	369030
511188	369178
511188	369178
511184	369198
511181	369207
511178	369214
511174	369221
511168	369231
511164	369237
511106	369308
511018	369408
510958	369475
510868	369570
510799	369644
510748	369691
510713	369721
510623	369785
510532	369855
510524	369860
510518	369865
510512	369870
510503	369881
510496	369894
510456	370000
510456	370000
510444	370037
510430	370104
510427	370118
510424	370146
510424	370158
510424	370166
510425	370174
510427	370184
510431	370197
510446	370237
510451	370246
510462	370267
510490	370310
510497	370328
510499	370338
510500	370343
510504	370390
510505	370414
510504	370428
510500	370455
510500	370486
510499	370501
510498	370514
510495	370529
510491	370546
510486	370561
510480	370578
510474	370594
510464	370617
510444	370673
510437	370698
510420	370760
510402	370864
510394	370905
510390	370921
510383	370938
510365	370973
510358	370984
510351	370994
510342	371004
510336	371011
510329	371017
510320	371024
510303	371035
510275	371059
510262	371067
510257	371072
510251	371077
510245	371086
510240	371094
510238	371099
510231	371119
510231	371119
510225	371136
510201	371198
510169	371275
510164	371284
510158	371296
510150	371307
510142	371318
510133	371327
510125	371334
510113	371344
510097	371354
510081	371361
510072	371364
510057	371367
510026	371369
510000	371368
510000	371368
510000	371368
509986	371369
509965	371368
509953	371366
509935	371363
509850	371337
509774	371312
509761	371309
509750	371308
509750	371308
509714	371294
509654	371276
509601	371265
509601	371265
509599	371264
509540	371250
509530	371247
509515	371241
509494	371231
509464	371209
509464	371209
509408	371179
509347	371154
509297	371133
509297	371133
509295	371132
509284	371124
509246	371099
509215	371080
509192	371069
509182	371065
509171	371062
509160	371060
509149	371059
509138	371061
509138	371061
509127	371061
509116	371063
509106	371065
509098	371068
509082	371076
509027	371109
508942	371162
508937	371164
508931	371166
508925	371167
508919	371167
508912	371166
508905	371164
508895	371159
508882	371148
508880	371146
508875	371144
508870	371143
508866	371143
508859	371145
508696	371263
508674	371283
508649	371307
508638	371318
508623	371335
508548	371420
508548	371420
508371	371625
508358	371641
508350	371652
508337	371665
508324	371678
508314	371687
508293	371704
508274	371717
508252	371729
508210	371748
508191	371756
508172	371761
508158	371764
508138	371765
508107	371765
508092	371764
508077	371763
508055	371760
507905	371733
507743	371708
507590	371682
507358	371645
507140	371612
506962	371583
506946	371582
506930	371580
506898	371579
506627	371587
506565	371587
506512	371585
506490	371583
506468	371582
506426	371576
506392	371571
506228	371546
506148	371533
506081	371523
506033	371520
505993	371518
505772	371521
505638	371524
505489	371526
505067	371531
505000	371532
505000	371532
504896	371533
504841	371531
504806	371529
504758	371524
504599	371504
504378	371478
504174	371451
503936	371425
503936	371425
503900	371420
503872	371416
503840	371409
503829	371406
503803	371399
503782	371392
503715	371368
503593	371329
503521	371303
503492	371293
503438	371278
503213	371228
503112	371203
502912	371157
502837	371140
502809	371132
502798	371130
502768	371124
502724	371120
502634	371118
502200	371112
502026	371111
501998	371112
501980	371112
501966	371112
501949	371110
501924	371107
501880	371100
501856	371094
501856	371094
501790	371072
501696	371038
501625	371011
501596	371001
501551	370986
501514	370976
501423	370953
501196	370909
501114	370890
501052	370875
501017	370869
500965	370862
500916	370858
500775	370855
500727	370854
500614	370855
500566	370860
500566	370860
500331	370881
500083	370905
500083	370905
500000	370912
500000	370912
499899	370920
499842	370934
499806	370943
499769	370951
499692	370968
499629	370985
499568	370998
499512	371012
499460	371024
499346	371052
499291	371064
499250	371076
499216	371088
499183	371096
499155	371101
499141	371103
499126	371104
499108	371103
499089	371103
499048	371099
498952	371082
498903	371070
498881	371063
498858	371056
498759	371025
498723	371016
498681	371003
498668	370999
498622	370991
498591	370990
498581	370990
498555	370993
498523	371004
498456	371022
498418	371034
498379	371046
498359	371053
498302	371074
498290	371079
498259	371088
498122	371120
498094	371123
498058	371126
498036	371125
498014	371125
497965	371122
497919	371120
497885	371117
497857	371116
497834	371114
497810	371116
497736	371130
497692	371138
497666	371140
497617	371146
497562	371150
497543	371152
497515	371157
497515	371157
497451	371164
497432	371167
497412	371167
497358	371149
497315	371135
497281	371126
497234	371111
497223	371110
497200	371127
497125	371174
497093	371198
497042	371237
497028	371249
497005	371271
496952	371310
496942	371317
496919	371329
496884	371342
496849	371353
496805	371362
496791	371365
496776	371366
496731	371367
496695	371369
496620	371380
496580	371388
496544	371398
496498	371409
496425	371428
496363	371441
496317	371454
496231	371482
496178	371498
496054	371541
496014	371557
495971	371574
495925	371594
495873	371615
495762	371668
495725	371686
495643	371722
495605	371741
495595	371747
495576	371761
495567	371768
495554	371783
495533	371822
495515	371865
495507	371877
495495	371895
495469	371932
495458	371945
495452	371951
495445	371957
495416	371981
495403	371990
495393	371994
495393	371994
495259	372074
495100	372166
495000	372227
495000	372227
495000	372227
494956	372252
494868	372306
494774	372365
494628	372451
494322	372639
494181	372724
494093	372775
494054	372798
493896	372895
493863	372918
493845	372934
493845	372934
493831	372951
493785	373000
493778	373011
493770	373021
493766	373031
493752	373062
493728	373108
493712	373131
493685	373164
493676	373176
493667	373185
493646	373207
493623	373230
493566	373283
493547	373303
493522	373331
493462	373405
493399	373482
493374	373511
493345	373540
493345	373540
493236	373650
493207	373680
493160	373729
493044	373846
492932	373962
492729	374165
492729	374165
492653	374245
492590	374307
492531	374370
492479	374421
492403	374495
492345	374558
492293	374609
492273	374621
492254	374629
492187	374655
492127	374677
492100	374685
492084	374692
492069	374700
492046	374713
492001	374746
491944	374786
491931	374793
491918	374800
491847	374827
491831	374833
491795	374844
491776	374856
491767	374867
491762	374880
491762	374880
491674	374894
491499	374911
491392	374920
491246	374935
491144	374947
491023	374960
490961	374966
490889	374968
490764	374967
490693	374968
490633	374975
490569	374986
490504	374998
490424	375010
490375	375021
490290	375036
490252	375042
490170	375056
490128	375064
490043	375078
490006	375085
489989	375091
489972	375093
489944	375096
489907	375101
489879	375105
489851	375113
489836	375116
489821	375118
489796	375120
489744	375125
489744	375125
489679	375133
489614	375145
489546	375159
489458	375176
489407	375189
489394	375192
489394	375192
489380	375093
489380	375093
489361	374964
489346	374852
489331	374723
489331	374723
489196	374617
488922	374329
488576	373997
488249	373679
488114	373588
488114	373588
488010	373532
488010	373532
488004	373568
487997	373604
487997	373604
487997	373609
487987	373656
487982	373692
487971	373743
487963	373770
487954	373793
487949	373804
487908	373885
487900	373898
487883	373925
487845	373979
487823	374006
487812	374021
487771	374079
487732	374134
487711	374164
487667	374222
487640	374256
487618	374287
487561	374258
487500	374233
487468	374216
487437	374206
487412	374203
487401	374206
487390	374214
487379	374225
487368	374226
487368	374226
487352	374224
487327	374227
487318	374229
487294	374236
487286	374239
487272	374245
487265	374247
487264	374247
487252	374228
487209	374253
487168	374280
487168	374280
487156	374286
487122	374285
487083	374285
487031	374282
486976	374281
486900	374277
486829	374275
486772	374271
486637	374265
486528	374260
486426	374257
486387	374252
486259	374247
486217	374242
486197	374240
486134	374237
486095	374233
486055	374232
485998	374230
485954	374229
485930	374224
485915	374219
485843	374199
485792	374184
485717	374163
485674	374151
485603	374132
485576	374128
485545	374120
485519	374112
485497	374102
485486	374096
485475	374091
485459	374079
485444	374062
485416	374025
485395	374008
485372	373991
485347	373979
485333	373974
485319	373968
485267	373950
485219	373931
485202	373926
485121	373900
485096	373895
485075	373898
485045	373911
485029	373915
485015	373912
485006	373907
485000	373906
485000	373906
485000	373906
484977	373898
484889	373859
484837	373838
484781	373817
484763	373810
484728	373795
484715	373790
484686	373783
484671	373779
484619	373762
484567	373746
484550	373744
484550	373744
484550	373727
484549	373719
484545	373704
484542	373695
484535	373679
484521	373656
484517	373648
484511	373630
484510	373626
484510	373626
484508	373610
484508	373588
484508	373543
484507	373519
484499	373467
484499	373436
484501	373417
484509	373390
484525	373355
484530	373343
484533	373333
484539	373313
484541	373303
484544	373283
484550	373253
484563	373194
484555	373157
484548	373118
484537	373081
484523	373048
484519	373037
484519	372993
484515	372936
484513	372790
484510	372685
484507	372616
484507	372616
484484	372612
484463	372607
484451	372605
484413	372599
484385	372594
484357	372590
484324	372588
484285	372584
484255	372586
484241	372587
484211	372587
484164	372585
484141	372587
484117	372591
484103	372594
484088	372596
484063	372598
484015	372604
483973	372613
483903	372623
483853	372632
483749	372647
483703	372653
483700	372658
483697	372659
483681	372660
483665	372657
483646	372655
483605	372654
483605	372654
483601	372654
483574	372657
483540	372655
483454	372661
483436	372662
483398	372667
483355	372671
483316	372678
483178	372697
483138	372705
483095	372712
483011	372723
482974	372729
482876	372742
482841	372739
482818	372735
482818	372749
482818	372755
482816	372761
482813	372767
482801	372777
482785	372781
482738	372787
482707	372790
482671	372797
482635	372803
482627	372806
482591	372808
482472	372819
482432	372824
482358	372830
482332	372829
482295	372826
482221	372827
482199	372829
482194	372824
482193	372824
482169	372825
482148	372829
482132	372833
482127	372832
482109	372825
482104	372878
482105	372892
482096	372892
482070	372880
482059	372881
482028	372892
482010	372897
481992	372898
481966	372896
481938	372895
481904	372893
481860	372893
481783	372890
481754	372888
481737	372890
481737	372890
481700	372905
481700	372905
481704	372925
481711	372946
481713	372958
481717	372987
481719	373003
481720	373033
481719	373060
481716	373075
481704	373118
481677	373182
481662	373215
481647	373248
481632	373277
481626	373292
481609	373340
481601	373369
481597	373393
481595	373407
481594	373414
481594	373414
481594	373422
481595	373430
481594	373449
481595	373459
481596	373469
481602	373488
481618	373509
481633	373525
481649	373538
481670	373548
481700	373553
481732	373556
481740	373556
481755	373551
481774	373551
481810	373547
481845	373544
481883	373539
481920	373537
481954	373538
481990	373536
482024	373537
482053	373540
482079	373548
482102	373557
482122	373571
482141	373589
482148	373601
482150	373608
482151	373615
482150	373633
482145	373651
482142	373661
482140	373666
482140	373666
482138	373671
482130	373690
482116	373711
482109	373720
482062	373773
482043	373800
482020	373826
482003	373853
481991	373880
481984	373904
481994	373907
482015	373908
482015	373908
482031	373911
482032	373964
482035	373985
482033	374009
482032	374028
482033	374057
482040	374127
482036	374144
482030	374158
482025	374164
482015	374176
481999	374192
481991	374197
481979	374202
481979	374202
481969	374204
481949	374204
481945	374226
481940	374275
481939	374304
481938	374334
481939	374372
481938	374407
481938	374427
481938	374447
481944	374483
481948	374498
481952	374513
481971	374578
481986	374616
481994	374635
482002	374654
482022	374690
482042	374732
482090	374821
482145	374945
482168	375000
482168	375000
482221	375120
482315	375315
482359	375395
482414	375488
482414	375488
482432	375525
482454	375578
482471	375616
482476	375630
482483	375655
482498	375723
482501	375747
482503	375760
482504	375793
482503	375804
482500	375832
482498	375841
482497	375847
482497	375847
482489	375870
482487	375876
482482	375888
482477	375896
482473	375903
482467	375912
482452	375930
482441	375940
482429	375952
482416	375963
482402	375973
482359	375993
482328	376006
482317	376012
482268	376046
482209	376084
482162	376120
482109	376161
481993	376268
481972	376287
481953	376306
481918	376343
481917	376344
481917	376344
481983	376372
481991	376376
481996	376381
482000	376388
482005	376400
482007	376417
482010	376432
482023	376462
482030	376479
482038	376492
482060	376515
482095	376550
482108	376562
482133	376585
482158	376606
482165	376613
482175	376624
482185	376636
482196	376648
482199	376653
482208	376670
482218	376689
482231	376715
482239	376732
482249	376752
482259	376771
482269	376789
482279	376805
482285	376816
482288	376827
482294	376845
482299	376862
482308	376892
482311	376901
482314	376909
482352	376888
482374	376876
482418	376851
482440	376839
482530	376789
482569	376768
482617	376740
482627	376738
482660	376730
482691	376722
482713	376714
482724	376707
482741	376696
482770	376674
482780	376666
482780	376666
482780	376668
482786	376685
482793	376711
482795	376716
482798	376722
482801	376727
482804	376730
482809	376735
482817	376741
482830	376749
482876	376796
482793	376842
482583	376959
482386	377061
482301	377107
482295	377126
482287	377158
482285	377174
482285	377183
482285	377190
482287	377200
482290	377211
482295	377223
482322	377296
482325	377304
482335	377323
482340	377331
482348	377342
482357	377355
482366	377365
482379	377377
482395	377393
482408	377404
482418	377411
482429	377418
482450	377431
482456	377434
482495	377451
482541	377466
482572	377481
482589	377487
482600	377496
482600	377500
482593	377527
482586	377545
482583	377556
482581	377565
482580	377572
482579	377579
482580	377590
482581	377601
482583	377614
482595	377671
482596	377678
482596	377686
482594	377697
482575	377756
482574	377763
482573	377771
482573	377778
482574	377785
482575	377791
482577	377797
482579	377801
482582	377805
482584	377807
482587	377809
482592	377811
482597	377813
482608	377813
482611	377813
482614	377815
482617	377817
482622	377823
482635	377839
482639	377844
482645	377849
482668	377846
482680	377843
482684	377844
482686	377845
482688	377850
482692	377867
482693	377899
482683	377899
482656	377903
482649	377906
482638	377912
482633	377914
482628	377915
482611	377918
482566	377922
482531	377919
482515	377920
482507	377912
482490	377887
482462	377865
482460	377848
482461	377842
482460	377836
482459	377830
482458	377826
482454	377819
482450	377815
482445	377811
482437	377807
482407	377799
482396	377794
482392	377791
482383	377783
482375	377773
482365	377759
482350	377733
482344	377716
482340	377709
482339	377707
482335	377704
482331	377702
482329	377702
482326	377702
482318	377709
482304	377718
482293	377726
482290	377729
482284	377738
482283	377742
482283	377745
482283	377749
482285	377752
482287	377756
482262	377772
482262	377772
482213	377801
482213	377801
482247	377846
482292	377918
482333	377992
482391	378101
482402	378128
482408	378147
482414	378168
482421	378194
482430	378237
482436	378275
482438	378298
482440	378319
482441	378344
482441	378391
482439	378420
482436	378440
482427	378485
482410	378568
482409	378594
482410	378614
482411	378624
482414	378634
482416	378642
482419	378648
482426	378663
482439	378685
482458	378716
482463	378724
482474	378738
482486	378750
482496	378758
482504	378764
482522	378773
482538	378780
482545	378782
482564	378786
482587	378789
482598	378789
482610	378789
482627	378787
482643	378784
482658	378780
482668	378777
482679	378772
482694	378765
482705	378759
482718	378750
482726	378742
482736	378732
482765	378698
482770	378690
482786	378667
482792	378656
482802	378630
482808	378615
482818	378579
482836	378500
482839	378476
482840	378469
482840	378440
482838	378354
482836	378336
482815	378220
482815	378204
482816	378188
482818	378168
482822	378149
482828	378124
482832	378113
482840	378094
482845	378084
482854	378070
482860	378061
482865	378055
482876	378045
482882	378040
482891	378034
482901	378029
482911	378024
482921	378020
482933	378017
482946	378014
482960	378012
482985	378010
483001	378011
483107	378021
483129	378025
483236	378049
483251	378053
483267	378060
483278	378066
483289	378073
483302	378083
483324	378102
483351	378129
483351	378129
483366	378151
483375	378167
483387	378191
483392	378205
483397	378219
483402	378235
483405	378250
483409	378266
483411	378281
483416	378338
483418	378349
483427	378396
483431	378420
483433	378442
483434	378465
483434	378500
483439	378556
483445	378607
483467	378772
483470	378805
483471	378818
483486	378872
483501	378918
483507	378948
483509	378961
483509	378972
483508	378976
483505	378985
483496	378999
483493	379005
483492	379010
483491	379017
483490	379038
483491	379051
483492	379064
483495	379089
483508	379135
483521	379179
483527	379197
483532	379206
483538	379216
483554	379237
483562	379251
483575	379272
483581	379287
483583	379295
483584	379304
483585	379316
483585	379327
483584	379340
483582	379352
483578	379364
483568	379391
483559	379410
483549	379430
483537	379450
483526	379468
483514	379486
483507	379495
483448	379575
483448	379575
483399	379636
483333	379714
483279	379782
483279	379782
483220	379861
483220	379861
483200	379902
483163	380000
483163	380000
483157	380028
483146	380080
483134	380145
483117	380265
483110	380337
483107	380393
483107	380437
483111	380664
483115	380773
483108	380841
483105	380964
483105	380964
483107	381004
483109	381037
483112	381064
483118	381091
483118	381091
483124	381107
483131	381127
483137	381141
483143	381155
483150	381168
483163	381191
483172	381204
483182	381217
483198	381235
483216	381253
483225	381261
483239	381272
483279	381310
483331	381353
483338	381360
483344	381368
483349	381374
483354	381382
483359	381393
483363	381402
483368	381419
483373	381450
483375	381463
483375	381473
483375	381481
483374	381488
483371	381503
483369	381511
483359	381536
483356	381542
483352	381547
483343	381557
483312	381579
483264	381611
483245	381621
483226	381629
483207	381636
483178	381642
483155	381645
483142	381645
483128	381645
483114	381643
483100	381640
482966	381597
482893	381565
482879	381560
482861	381556
482845	381553
482831	381551
482803	381550
482786	381551
482766	381552
482751	381554
482727	381559
482713	381563
482701	381567
482688	381573
482681	381576
482673	381582
482665	381588
482657	381595
482636	381618
482629	381628
482614	381650
482605	381666
482596	381682
482590	381694
482574	381735
482560	381770
482549	381792
482532	381825
482523	381842
482510	381863
482496	381884
482485	381899
482468	381920
482451	381937
482408	381975
482365	382009
482343	382029
482328	382043
482315	382057
482296	382079
482288	382089
482278	382103
482262	382128
482255	382142
482252	382149
482251	382155
482247	382172
482246	382195
482246	382208
482247	382219
482252	382242
482255	382253
482261	382268
482267	382282
482275	382296
482284	382308
482284	382308
482299	382329
482315	382345
482325	382355
482337	382364
482360	382379
482371	382385
482386	382392
482399	382397
482437	382407
482465	382417
482483	382425
482497	382431
482508	382437
482515	382441
482536	382455
482553	382468
482564	382478
482572	382486
482579	382494
482588	382506
482595	382515
482604	382532
482610	382546
482610	382546
482616	382559
482624	382581
482626	382588
482630	382608
482634	382649
482636	382680
482643	382742
482649	382833
482651	382848
482656	382872
482660	382886
482665	382902
482676	382926
482689	382952
482703	382973
482711	382985
482730	383009
482741	383022
482758	383039
482812	383102
482833	383137
482853	383171
482863	383193
482867	383206
482873	383224
482876	383238
482878	383248
482881	383268
482882	383281
482882	383299
482880	383316
482877	383333
482874	383348
482870	383360
482864	383375
482857	383391
482844	383417
482835	383431
482827	383445
482809	383468
482800	383479
482785	383495
482785	383495
482769	383513
482749	383535
482727	383557
482706	383575
482632	383631
482610	383645
482510	383703
482486	383718
482470	383729
482440	383752
482420	383770
482408	383783
482397	383795
482389	383805
482382	383815
482372	383829
482363	383845
482356	383859
482343	383885
482338	383901
482332	383924
482329	383948
482327	383978
482327	384003
482328	384018
482331	384049
482335	384076
482337	384087
482346	384131
482355	384170
482384	384260
482397	384298
482411	384333
482420	384355
482429	384374
482444	384402
482454	384419
482464	384432
482473	384443
482480	384451
482491	384462
482536	384498
482552	384507
482562	384513
482577	384519
482592	384525
482639	384548
482652	384556
482662	384564
482671	384573
482681	384583
482690	384595
482697	384606
482702	384615
482707	384626
482713	384640
482716	384649
482728	384686
482733	384704
482735	384714
482738	384729
482740	384744
482740	384760
482739	384776
482734	384798
482730	384808
482725	384821
482720	384831
482717	384837
482711	384846
482700	384859
482690	384871
482682	384879
482674	384886
482665	384892
482657	384898
482645	384904
482623	384914
482588	384925
482577	384929
482561	384932
482545	384935
482522	384937
482482	384938
482461	384942
482433	384949
482419	384954
482403	384960
482372	384973
482358	384980
482343	384989
482321	385000
482321	385000
482300	385010
482289	385019
482275	385029
482258	385044
482239	385063
482229	385073
482214	385090
482204	385103
482189	385126
482143	385204
482045	385365
481954	385522
481882	385651
481796	385810
481796	385810
481743	385901
481731	385919
481726	385925
481718	385933
481708	385944
481695	385954
481681	385964
481666	385973
481650	385981
481639	385986
481631	385989
481623	385991
481617	385992
481610	385992
481601	385992
481591	385991
481582	385990
481563	385985
481548	385979
481524	385967
481518	385964
481502	385953
481467	385927
481452	385913
481444	385903
481438	385893
481427	385870
481423	385861
481392	385772
481376	385731
481367	385713
481357	385696
481345	385680
481337	385672
481327	385662
481316	385654
481303	385645
481290	385638
481279	385632
481257	385624
481250	385622
481242	385621
481232	385620
481220	385620
481209	385621
481195	385623
481179	385626
481166	385630
481151	385635
481066	385670
481047	385680
481005	385704
480945	385734
480892	385758
480862	385769
480845	385774
480832	385777
480805	385781
480710	385791
480627	385798
480627	385798
480614	385769
480607	385753
480597	385739
480571	385721
480545	385690
480531	385671
480523	385647
480520	385606
480521	385588
480525	385578
480543	385555
480562	385532
480585	385515
480621	385486
480647	385470
480677	385452
480705	385436
480734	385416
480761	385394
480774	385378
480777	385371
480780	385360
480782	385345
480783	385320
480785	385292
480788	385262
480790	385239
480791	385233
480791	385206
480791	385189
480788	385167
480786	385154
480779	385132
480773	385118
480766	385104
480753	385088
480736	385072
480719	385055
480693	385033
480668	385013
480647	384996
480629	384984
480597	384963
480561	384942
480535	384930
480498	384923
480453	384916
480400	384910
480387	384910
480354	384920
480334	384928
480322	384936
480312	384942
480274	384970
480263	384979
480242	384996
480235	385004
480228	385010
480214	385022
480190	385043
480177	385057
480168	385066
480158	385081
480139	385113
480123	385141
480113	385158
480105	385177
480098	385202
480093	385226
480083	385276
480082	385290
480083	385306
480085	385328
480086	385344
480087	385353
480097	385390
480103	385407
480107	385418
480117	385437
480138	385472
480162	385512
480171	385527
480177	385533
480189	385544
480189	385544
480316	385657
480351	385682
480351	385682
480370	385698
480412	385731
480438	385753
480454	385770
480454	385770
480497	385810
480520	385838
480534	385862
480539	385877
480540	385892
480540	385892
480540	385902
480542	385910
480548	385930
480552	385939
480573	385981
480586	386014
480591	386031
480601	386071
480605	386093
480607	386115
480607	386127
480606	386152
480605	386164
480602	386179
480598	386198
480590	386230
480571	386281
480565	386300
480558	386329
480555	386348
480555	386348
480555	386349
480555	386349
480522	386344
480494	386345
480466	386352
480453	386352
480445	386350
480425	386343
480391	386327
480369	386315
480324	386287
480302	386281
480272	386284
480242	386290
480213	386298
480187	386308
480161	386325
480134	386341
480080	386380
480031	386418
480005	386441
479996	386449
479996	386449
479929	386499
479906	386517
479879	386545
479856	386576
479845	386595
479828	386628
479823	386639
479816	386670
479807	386709
479799	386732
479793	386754
479793	386754
479795	386771
479799	386798
479801	386813
479803	386828
479806	386847
479808	386861
479813	386881
479818	386902
479822	386918
479823	386925
479829	386941
479837	386967
479841	386978
479849	387000
479856	387016
479875	387053
479879	387061
479882	387064
479891	387069
479895	387072
479898	387076
479903	387084
479917	387105
479941	387138
479952	387151
479962	387162
479977	387177
479997	387196
480017	387210
480036	387221
480053	387229
480077	387238
480112	387249
480135	387252
480166	387251
480183	387249
480199	387245
480216	387240
480230	387235
480241	387228
480254	387218
480266	387206
480288	387177
480298	387164
480310	387146
480321	387130
480333	387109
480341	387092
480347	387073
480352	387050
480360	387010
480362	387001
480374	386928
480376	386914
480381	386879
480387	386843
480390	386822
480392	386808
480396	386786
480401	386762
480402	386754
480411	386715
480420	386677
480429	386642
480437	386622
480442	386607
480446	386597
480452	386581
480466	386550
480474	386535
480484	386520
480501	386506
480530	386489
480570	386465
480591	386494
480591	386494
480647	386576
480664	386604
480678	386629
480701	386674
480713	386699
480734	386746
480763	386838
480804	386954
480810	386980
480814	386994
480818	387008
480823	387022
480829	387036
480836	387050
480843	387064
480851	387078
480860	387094
480875	387116
480881	387124
480892	387136
480937	387174
480974	387204
480991	387217
481020	387234
481058	387256
481131	387292
481234	387339
481262	387350
481276	387355
481294	387361
481335	387371
481413	387384
481475	387391
481493	387395
481502	387398
481519	387405
481536	387413
481551	387423
481551	387423
481561	387433
481565	387441
481569	387448
481571	387455
481573	387463
481574	387472
481575	387479
481574	387485
481573	387491
481572	387496
481570	387502
481567	387507
481554	387525
481520	387559
481439	387646
481399	387692
481352	387749
481266	387857
481242	387885
481201	387932
481101	388035
481089	388047
481074	388060
480975	388123
480959	388131
480952	388135
480926	388143
480903	388148
480794	388179
480794	388179
480788	388182
480767	388192
480666	388239
480650	388244
480628	388254
480618	388260
480604	388268
480589	388280
480570	388299
480564	388305
480559	388312
480554	388319
480551	388324
480547	388339
480546	388346
480546	388354
480546	388362
480547	388370
480549	388376
480552	388383
480555	388389
480560	388395
480566	388403
480572	388408
480577	388411
480591	388417
480608	388423
480619	388426
480645	388428
480698	388428
480742	388426
480796	388420
480812	388420
480824	388420
480851	388421
480867	388423
480882	388425
480897	388428
480919	388434
480956	388447
480978	388455
481000	388464
481037	388482
481071	388502
481105	388523
481212	388601
481275	388650
481316	388683
481336	388700
481355	388719
481371	388736
481383	388748
481404	388774
481421	388798
481434	388821
481441	388837
481449	388865
481455	388891
481461	388924
481464	388943
481465	388953
481466	388972
481466	388986
481465	389004
481463	389013
481462	389018
481449	389063
481439	389110
481428	389162
481423	389193
481420	389213
481418	389229
481417	389266
481417	389286
481424	389385
481424	389385
481427	389469
481426	389495
481423	389522
481421	389536
481419	389543
481414	389565
481410	389576
481402	389599
481392	389622
481379	389651
481332	389737
481324	389751
481316	389763
481307	389776
481296	389790
481283	389805
481269	389819
481256	389832
481242	389845
481227	389857
481203	389875
481021	390000
481021	390000
480960	390039
480947	390048
480928	390062
480879	390111
480831	390161
480831	390161
480762	390239
480746	390258
480732	390279
480727	390286
480697	390344
480665	390408
480633	390501
480603	390578
480558	390698
480513	390803
480499	390840
480480	390904
480461	390973
480451	391018
480439	391074
480436	391089
480434	391108
480434	391133
480434	391133
480435	391150
480437	391174
480440	391190
480444	391209
480448	391227
480451	391238
480460	391261
480466	391276
480474	391292
480481	391303
480492	391317
480497	391324
480509	391337
480519	391347
480536	391360
480553	391376
480573	391396
480590	391418
480597	391429
480605	391443
480611	391457
480616	391467
480618	391476
480622	391488
480624	391503
480627	391520
480627	391520
480629	391538
480629	391553
480629	391567
480627	391580
480625	391590
480623	391598
480620	391605
480616	391613
480612	391620
480606	391626
480601	391631
480597	391634
480591	391637
480582	391640
480564	391644
480548	391644
480539	391644
480530	391642
480516	391639
480494	391634
480468	391624
480459	391620
480405	391590
480383	391576
480373	391571
480352	391561
480340	391557
480323	391551
480306	391547
480284	391542
480261	391537
480246	391535
480235	391534
480210	391534
480181	391538
480173	391539
480161	391542
480142	391549
480119	391558
480097	391567
480079	391576
480051	391591
480000	391622
480000	391622
480000	391622
479961	391647
479932	391663
479912	391673
479711	391764
479625	391805
479611	391812
479541	391859
479490	391896
479471	391910
479317	392052
479258	392113
479258	392113
479224	392151
479184	392202
479106	392309
479070	392357
479039	392396
479012	392427
478955	392485
478905	392537
478878	392565
478851	392593
478797	392645
478783	392659
478769	392674
478751	392694
478723	392726
478706	392746
478695	392760
478685	392774
478665	392805
478659	392816
478651	392832
478640	392859
478635	392875
478631	392891
478629	392903
478628	392914
478628	392927
478629	392940
478630	392952
478633	392977
478637	392994
478637	392994
478640	393009
478657	393072
478672	393124
478700	393207
478720	393271
478733	393319
478739	393345
478743	393367
478747	393389
478750	393410
478751	393428
478752	393446
478753	393478
478753	393478
478746	393510
478739	393534
478731	393558
478722	393582
478651	393723
478624	393772
478615	393788
478586	393850
478558	393916
478526	394022
478526	394022
478457	394276
478449	394306
478445	394322
478438	394362
478437	394373
478437	394381
478437	394387
478439	394402
478445	394420
478453	394437
478456	394443
478468	394462
478476	394473
478476	394473
478499	394494
478511	394504
478578	394534
478637	394558
478694	394578
478776	394605
478909	394640
478948	394649
478963	394653
479008	394666
479043	394678
479075	394691
479109	394706
479129	394717
479136	394721
479145	394728
479157	394738
479169	394750
479185	394770
479257	394875
479339	395000
479339	395000
479361	395034
479383	395070
479394	395088
479418	395121
479428	395137
479458	395196
479490	395253
479538	395359
479551	395388
479612	395565
479619	395583
479634	395621
479646	395649
479696	395744
479716	395779
479726	395797
479741	395819
479762	395848
479790	395883
479815	395910
479850	395950
479868	395969
479884	395985
479902	396002
479921	396018
479948	396038
479948	396038
479924	396065
479919	396071
479919	396071
479905	396080
479886	396093
479790	396130
479777	396132
479757	396132
479736	396135
479709	396140
479696	396143
479677	396149
479586	396188
479468	396247
479429	396265
479416	396271
479256	396320
479137	396355
479057	396377
479048	396358
478980	396377
478898	396395
478868	396401
478853	396405
478843	396408
478690	396468
478593	396502
478567	396510
478538	396517
478306	396560
478106	396599
478001	396618
477905	396638
477805	396657
477676	396683
477521	396713
477377	396739
477377	396739
477218	396771
477218	396771
477007	396810
476854	396843
476546	396903
476101	396993
475867	397038
475584	397093
475489	397112
475122	397185
475000	397209
475000	397209
474977	397214
474942	397035
474922	396926
474878	396716
474874	396674
474861	396681
474849	396685
474837	396687
474832	396686
474818	396684
474807	396680
474787	396672
474780	396669
474770	396667
474761	396665
474753	396664
474734	396664
474722	396665
474703	396666
474684	396669
474655	396675
474627	396683
474614	396685
474591	396685
474559	396682
474520	396682
474471	396686
474441	396690
474383	396702
474370	396705
474362	396706
474354	396705
474336	396702
474323	396701
474317	396700
474290	396700
474278	396701
474266	396702
474235	396707
474207	396711
474192	396711
474162	396711
474148	396713
474138	396715
474086	396728
474071	396731
474059	396732
474049	396733
474035	396732
474003	396725
473981	396719
473959	396709
473948	396706
473930	396701
473927	396701
473866	396701
473836	396698
473794	396689
473752	396689
473680	396687
473564	396681
473511	396679
473489	396680
473467	396681
473456	396682
473407	396687
473356	396691
473340	396689
473326	396687
473312	396684
473284	396675
473271	396670
473248	396659
473211	396639
473181	396622
473167	396616
473151	396610
473136	396604
473125	396601
473102	396595
473090	396593
473070	396590
473045	396588
472991	396587
472969	396588
472956	396588
472925	396591
472916	396591
472898	396590
472878	396587
472844	396581
472811	396573
472806	396573
472783	396571
472671	396573
472624	396575
472596	396577
472494	396583
472474	396583
472464	396582
472452	396581
472442	396579
472427	396574
472400	396560
472375	396548
472366	396543
472349	396531
472340	396526
472324	396521
472314	396519
472303	396518
472293	396518
472283	396518
472264	396521
472251	396525
472160	396559
472151	396562
472144	396562
472138	396562
472134	396562
472128	396560
472119	396557
472111	396554
472106	396551
472095	396543
472085	396534
472076	396525
472069	396514
472052	396494
472052	396494
472039	396518
472024	396565
472007	396604
471983	396621
471968	396633
471951	396651
471944	396659
471937	396669
471931	396679
471926	396690
471919	396705
471912	396726
471901	396750
471873	396792
471851	396820
471839	396849
471806	396901
471780	396945
471762	396952
471760	396973
471756	396986
471755	396994
471755	397005
471757	397017
471759	397026
471761	397034
471766	397045
471772	397057
471779	397069
471794	397092
471806	397107
471852	397156
471928	397219
472041	397322
472142	397413
472225	397493
472289	397550
472323	397575
472351	397595
472488	397678
472505	397691
472545	397722
472627	397773
472620	397780
472656	397805
472702	397842
472708	397834
472764	397877
472801	397909
472833	397924
472885	397950
472923	397977
472962	398010
473013	398056
473026	398076
473055	398128
473071	398163
473071	398163
473020	398232
472935	398334
472822	398477
472686	398644
472578	398786
472465	398932
472218	399242
471753	399831
471679	399928
471623	400000
471623	400000
471324	400380
471227	400502
471105	400659
470980	400814
470700	401169
470700	401169
470648	401232
470547	401352
470394	401541
470278	401681
470175	401808
470151	401838
