3
6031
0
350151	429218
350059	429188
350000	429164
350000	429164
349976	429160
349848	429119
349717	429081
349717	429081
349585	429046
349420	429006
349285	428980
349135	428954
349028	428938
349028	428938
349011	428937
348848	428907
348706	428878
348596	428857
348481	428831
348436	428819
348436	428819
348366	428800
348261	428773
348095	428724
347942	428678
347746	428616
347746	428616
347611	428563
347481	428522
347285	428450
347131	428397
346976	428339
346716	428245
346568	428191
346413	428133
346288	428089
346140	428039
346025	427992
346025	427992
345916	427954
345614	427844
345370	427755
345252	427711
345124	427666
345000	427619
344999	427619
344999	427619
344872	427570
344711	427513
344573	427461
344457	427418
344293	427358
344077	427276
343873	427200
343774	427166
343774	427166
343690	427130
343575	427089
343503	427060
343421	427021
343331	426984
343228	426947
343148	426923
343148	426923
343011	426898
342895	426874
342863	426863
342863	426863
342782	426837
342661	426799
342645	426793
342645	426793
342620	426783
342379	426714
342379	426714
342290	426688
342178	426657
342017	426618
341935	426600
341895	426593
341854	426586
341772	426575
341594	426553
341541	426547
341479	426539
341450	426537
341421	426537
341393	426544
341360	426543
341269	426531
341218	426525
341154	426515
341135	426507
341104	426502
341038	426495
340971	426487
340946	426483
340921	426479
340894	426470
340763	426426
340728	426415
340639	426398
340597	426392
340556	426386
340502	426379
340407	426373
340317	426375
340213	426375
340148	426374
340141	426374
340141	426374
340114	426373
340034	426373
340000	426371
339999	426371
339999	426371
339920	426372
339816	426374
339655	426369
339595	426356
339584	426353
339577	426349
339563	426341
339523	426317
339492	426297
339468	426284
339451	426273
339442	426269
339434	426267
339426	426265
339416	426265
339331	426270
339260	426274
339259	426274
339259	426274
339178	426282
339154	426285
339132	426286
339118	426286
339094	426284
339072	426281
339055	426277
338967	426266
338881	426256
338881	426256
338812	426246
338734	426232
338704	426223
338674	426213
338641	426200
338626	426193
338596	426178
338531	426149
338508	426141
338495	426138
338481	426134
338470	426132
338326	426112
338236	426102
338142	426102
338058	426104
337958	426112
337909	426118
337773	426137
337742	426143
337742	426143
337556	426171
337492	426191
337492	426191
337357	426234
337304	426258
337193	426297
337091	426331
337013	426373
336905	426444
336795	426488
336721	426505
336656	426500
336598	426457
336578	426443
336578	426443
336536	426414
336536	426414
336535	426413
336496	426382
336491	426379
336478	426372
336465	426366
336447	426359
336433	426356
336425	426354
336414	426353
336402	426353
336391	426354
336380	426356
336369	426359
336358	426362
336286	426367
336181	426368
336126	426367
336072	426364
336007	426363
335949	426357
335912	426351
335912	426351
335903	426350
335830	426337
335658	426288
335605	426279
335552	426271
335498	426266
335359	426254
335292	426252
335278	426253
335258	426253
335250	426252
335231	426248
335193	426238
335193	426238
335181	426236
335160	426230
335128	426226
335106	426225
335083	426223
335056	426224
335056	426224
335026	426225
334999	426226
334985	426225
334946	426224
334946	426224
334847	426208
334670	426186
334412	426163
334300	426156
334225	426147
334140	426153
333995	426197
333798	426252
333606	426285
333344	426337
333236	426356
333103	426404
332960	426454
332862	426482
332752	426499
332584	426502
332424	426481
332321	426450
332215	426414
332063	426382
331864	426315
331772	426277
331671	426219
331569	426156
331480	426100
331340	425994
331295	425932
331277	425884
331219	425815
331190	425738
331193	425678
331197	425611
331192	425543
331183	425474
331189	425316
331194	425274
331201	425250
331221	425212
331221	425212
331244	425170
331329	425049
331397	424950
331427	424905
331443	424867
331447	424803
331436	424748
331386	424630
331336	424550
331240	424455
331171	424403
331011	424310
330864	424266
330705	424232
330407	424182
330248	424154
329880	424113
329720	424097
329514	424078
329397	424074
329280	424085
329162	424103
329034	424126
328876	424174
328822	424201
328822	424201
328758	424232
328639	424345
328548	424442
328406	424582
328310	424680
328178	424781
328046	424857
327885	424946
327767	425003
327503	425120
327386	425150
327243	425177
327112	425177
326962	425162
326720	425142
326616	425152
326479	425159
326302	425154
326178	425159
325624	425162
324123	425160
323328	425160
323034	425154
323034	425154
323066	425674
323109	426030
323153	426321
323403	427257
323626	427736
323682	428208
323710	428327
323752	428802
323773	428917
323804	429070
323956	429651
324009	430152
324041	430305
324048	430465
324055	430558
324062	430634
324194	431978
324246	432537
324285	433062
324285	433062
324311	433412
324445	435370
324491	436064
324460	436420
324544	437385
324610	437632
324607	439356
324607	439356
324610	439538
324626	440030
324765	441105
324902	441702
324933	441830
325191	442838
325195	443153
325249	443822
325295	444204
325322	444403
325314	444494
325256	445129
325239	445873
325259	446325
325206	446734
325188	446801
325162	447099
324988	447750
324971	447847
324894	448336
324826	449204
324910	450169
324946	450352
324999	450604
325070	451412
325320	452348
325340	452390
325340	452390
325730	453226
326286	454020
326376	454110
326412	454161
326659	454436
326766	454548
327046	454841
328305	455825
328432	455898
327449	456012
326513	456263
325776	456627
325659	456555
324781	456146
324110	455948
323404	455788
322320	455732
321856	455607
320891	455523
319925	455607
319335	455766
319335	455766
319889	455902
321999	456409
324180	456908
326275	457408
328468	457926
330623	458436
332558	458887
333818	459188
334576	459368
334910	459465
335256	459628
335709	459870
336133	460156
336482	460410
336723	460625
336950	460863
337221	461160
337325	461297
337571	461708
337637	461801
337851	462168
337992	462401
338130	462860
338180	463048
338306	463742
338420	464426
338464	464688
338535	465112
338555	465261
338581	465424
338626	465772
338628	466088
338667	466432
338681	466570
338728	466705
338828	466939
338919	467089
338964	467165
339025	467224
339159	467315
339417	467523
339548	467682
339626	467791
339639	467814
339643	467853
339649	467898
339649	467898
339962	468283
339962	468283
340013	468345
340040	468429
340091	468482
340091	468482
340187	468580
340471	468867
340559	468956
340694	469112
340819	469235
340819	469235
340836	469251
341000	469422
341000	469422
341031	469454
341105	469534
341105	469534
341129	469561
341270	469676
341306	469694
341308	469694
341308	469694
341391	469696
341501	469705
341597	469741
341744	469828
341943	469981
342059	470086
342129	470154
342169	470206
342221	470274
342305	470415
342397	470560
342441	470621
342441	470621
342562	470858
342614	470978
342645	471219
342682	471387
342744	471502
342762	471520
342762	471520
342816	471573
342883	471638
342954	471764
343045	471982
343102	472173
343123	472311
343177	472504
343207	472647
343238	472975
343255	473096
343281	473435
343261	473663
343249	473778
343192	474062
343106	474347
343075	474420
342930	474720
342817	474873
342733	474965
342642	475030
342445	475176
342397	475236
342326	475343
342213	475536
342139	475605
342051	475637
341988	475635
341901	475611
341789	475564
341665	475508
341481	475418
341299	475381
341132	475385
341031	475396
340899	475454
340786	475532
340678	475631
340598	475726
340450	475978
340431	476056
340431	476142
340444	476209
340448	476286
340415	476443
340405	476529
340418	476620
340459	476746
340567	476942
340621	477033
340667	477146
340673	477193
340725	477326
340805	477449
340872	477572
340950	477678
341016	477754
341067	477829
341135	477888
341215	477933
341275	477988
341327	478020
341522	478063
341596	478072
341665	478051
341797	477989
341920	477922
341965	477862
341993	477784
342018	477713
342087	477684
342179	477690
342250	477708
342348	477726
342446	477757
342555	477789
342638	477815
342704	477827
342749	477822
342747	477682
342744	477019
342764	476917
342764	476917
342763	476879
342760	476732
342759	476629
342752	476327
342751	476182
342749	476087
342749	476087
342969	476058
342969	476058
343343	476003
343343	476003
343567	475971
343793	475940
343964	475915
343964	475915
344296	475867
344699	475811
345000	475766
345066	475755
345269	475724
345330	475716
345402	475704
345446	475698
345481	475729
345517	475765
345534	475785
345595	475843
345663	475897
345686	475916
345729	475958
345763	475991
345787	476016
345849	476078
345907	476133
345934	476165
345943	476176
345963	476189
345991	476216
346002	476225
346028	476233
346081	476244
346115	476255
346125	476258
346150	476269
346182	476285
346199	476292
346247	476310
346265	476316
346284	476321
346323	476332
346352	476344
346394	476367
346432	476393
346452	476415
346478	476433
346505	476449
346565	476446
346597	476438
346632	476426
346658	476427
346689	476441
346722	476461
346782	476495
346810	476514
346834	476533
346843	476542
346866	476565
346874	476579
346888	476614
346896	476625
346899	476635
346901	476644
346902	476654
346905	476681
346909	476700
346915	476709
346920	476718
346933	476727
346939	476732
346945	476738
346953	476748
346965	476753
346978	476756
346989	476765
346997	476776
347001	476790
347006	476828
346999	476842
346988	476854
346979	476866
346977	476874
346976	476882
346979	476896
346979	476896
346912	477102
346912	477102
346907	477108
346902	477115
346897	477123
346887	477142
346879	477166
346856	477238
346853	477254
346850	477270
346851	477303
346830	477422
346893	477464
346993	477533
347015	477548
347057	477579
347102	477608
347150	477642
347175	477658
347189	477672
347200	477696
347216	477723
347255	477794
347311	477885
347311	477885
347365	477879
347432	477868
347466	477864
347486	477860
347491	477860
347498	477861
347505	477869
347523	477898
347530	477908
347541	477930
347548	477943
347548	477943
347544	477964
347543	477981
347554	477994
347560	477998
347580	478010
347585	478019
347587	478030
347589	478034
347592	478039
347600	478048
347607	478051
347615	478046
347622	478039
347631	478037
347638	478040
347639	478047
347638	478067
347640	478076
347640	478089
347643	478103
347649	478109
347655	478115
347657	478118
347658	478121
347664	478137
347673	478140
347685	478147
347698	478159
347711	478188
347718	478197
347724	478199
347756	478207
347766	478206
347784	478198
347789	478195
347803	478183
347845	478167
347846	478166
347861	478157
347887	478145
347899	478146
347908	478159
347913	478175
347918	478192
347921	478205
347913	478232
347909	478242
347917	478255
347926	478263
347937	478283
347941	478288
347956	478291
347972	478292
347980	478285
347981	478275
347985	478265
347991	478257
348030	478234
348046	478231
348074	478225
348083	478217
348087	478215
348100	478210
348107	478211
348118	478214
348132	478228
348138	478232
348156	478233
348163	478231
348182	478224
348200	478218
348215	478212
348230	478207
348240	478198
348246	478190
348244	478180
348232	478148
348227	478116
348228	478098
348231	478083
348236	478070
348269	478048
348367	477982
348374	477977
348380	477971
348402	477941
348418	477923
348431	477910
348442	477896
348457	477884
348467	477876
348474	477871
348480	477865
348492	477853
348513	477838
348520	477833
348538	477822
348553	477818
348567	477809
348574	477801
348592	477778
348609	477762
348621	477751
348632	477746
348641	477740
348670	477746
348700	477749
348710	477753
348726	477765
348731	477769
348753	477781
348783	477766
348785	477755
348794	477739
348812	477725
348834	477705
348877	477654
348891	477639
348903	477623
348919	477608
348935	477600
348979	477594
348997	477587
349007	477575
349013	477558
349019	477536
349023	477528
349026	477521
349030	477514
349034	477508
349039	477502
349045	477496
349074	477476
349087	477463
349098	477445
349105	477430
349123	477417
349140	477411
349147	477405
349170	477386
349179	477376
349187	477367
349198	477365
349215	477362
349221	477362
349243	477365
349254	477364
349264	477365
349279	477359
349296	477353
349316	477351
349323	477352
349339	477356
349347	477357
349347	477342
349353	477330
349364	477323
349367	477312
349384	477305
349399	477293
349408	477283
349419	477281
349430	477267
349444	477265
349464	477265
349486	477257
349495	477253
349504	477249
349516	477241
349530	477241
349538	477237
349547	477232
349573	477217
349592	477200
349607	477199
349654	477176
349669	477165
349684	477157
349698	477144
349712	477127
349730	477114
349750	477108
349760	477106
349777	477104
349806	477102
349823	477109
349846	477114
349866	477114
349880	477105
349885	477099
349900	477078
349897	477070
349895	477065
349894	477061
349894	477049
349896	477037
349904	477033
349908	477026
349907	476985
349907	476983
349920	476979
349943	476967
349964	476959
349980	476957
350000	476956
350070	476969
350285	477019
350375	477041
350442	477058
350463	477060
350522	477076
350622	477101
350716	477122
350738	477127
350776	477131
350871	477138
350932	477146
350950	477151
350966	477165
350997	477187
351083	477244
351105	477256
351118	477261
351132	477266
351155	477273
351203	477279
351203	477279
351208	477240
351208	477208
351221	477150
351221	477117
351229	477085
351230	477080
351234	477075
351237	477071
351241	477068
351246	477065
351250	477063
351253	477062
351259	477062
351267	477062
351274	477063
351281	477065
351287	477068
351295	477072
351316	477078
351324	477071
351330	477067
351336	477065
351347	477061
351353	477060
351364	477059
351397	477041
351414	477035
351422	477031
351437	477022
351446	477015
351457	476992
351476	476961
351483	476938
351516	476939
351530	476937
351543	476930
351562	476928
351566	476915
351578	476911
351579	476904
351606	476890
351634	476888
351656	476889
351670	476888
351685	476887
351707	476885
351718	476882
351726	476878
351735	476872
351738	476870
351746	476868
351758	476865
351773	476862
351786	476861
351885	476839
351978	476806
352170	476729
352166	476712
352176	476705
352167	476670
352140	476566
352129	476531
352112	476499
352083	476457
352074	476446
352066	476436
352064	476431
352060	476423
352056	476415
352052	476399
352052	476396
352053	476368
352059	476338
352070	476313
352075	476305
352077	476300
352079	476295
352079	476289
352079	476282
352068	476222
352065	476203
352063	476185
352064	476168
352063	476145
352041	476105
352020	476077
352032	476031
352031	475975
352038	475939
352038	475929
352038	475929
352060	475933
352145	475954
352236	475984
352310	475995
352385	476001
352461	476006
352558	476005
352624	476006
352713	476015
352774	476026
352777	475995
352777	475995
352775	475985
352774	475962
352775	475943
352792	475891
352798	475868
352799	475843
352797	475820
352802	475793
352805	475771
352841	475770
352912	475757
352942	475753
352965	475753
352974	475758
352977	475765
352978	475785
352980	475824
353049	475838
353105	475844
353170	475839
353196	475858
353295	475879
353319	475888
353339	475902
353354	475907
353387	475909
353418	475913
353435	475917
353467	475940
353483	475943
353529	475945
353557	475958
353578	475984
353613	476020
353642	476030
353701	476046
353765	476050
353876	476055
353910	476057
353967	476048
354030	476040
354061	476041
354100	476050
354139	476073
354167	476097
354170	476122
354164	476150
354159	476157
354158	476162
354160	476175
354161	476182
354158	476212
354152	476238
354152	476267
354143	476270
354094	476281
354062	476243
354044	476220
354033	476189
354028	476171
354011	476142
353992	476112
353972	476091
353969	476090
353963	476091
353940	476104
353916	476111
353852	476116
353825	476117
353813	476120
353816	476154
353785	476155
353756	476162
353729	476169
353701	476175
353692	476176
353691	476170
353654	476169
353616	476168
353584	476170
353581	476172
353584	476184
353590	476204
353596	476210
353598	476225
353599	476233
353602	476237
353617	476236
353644	476235
353674	476238
353679	476238
353691	476234
353727	476233
353757	476227
353779	476219
353783	476219
353783	476222
353778	476230
353757	476253
353750	476261
353735	476268
353727	476270
353679	476276
353673	476280
353673	476293
353676	476338
353676	476347
353635	476353
353541	476368
353525	476372
353522	476375
353525	476386
353534	476402
353537	476403
353609	476395
353623	476393
353628	476418
353626	476455
353630	476486
353634	476513
353620	476520
353642	476613
353648	476642
353653	476669
353631	476680
353602	476687
353595	476690
353572	476692
353548	476693
353546	476695
353549	476728
353551	476764
353553	476790
353556	476817
353557	476819
353578	476821
353581	476827
353589	476848
353603	476879
353616	476901
353617	476906
353616	476916
353618	476933
353631	476937
353656	476945
353661	476949
353661	476954
353661	476960
353699	476970
353742	476979
353751	476980
353763	476980
353764	476985
353769	476994
353791	476989
353810	476983
353832	476976
353834	476975
353836	476987
353847	477019
353879	477086
353897	477123
353912	477157
353916	477168
353917	477178
353920	477182
353926	477176
353932	477175
354021	477197
354039	477201
354124	477248
354171	477267
354234	477282
354291	477294
354345	477305
354405	477318
354455	477328
354512	477342
354572	477356
354659	477376
354776	477401
354807	477408
354841	477417
354900	477429
354980	477447
354980	477447
355009	477450
355042	477457
355070	477464
355126	477475
355235	477500
355303	477515
355390	477536
355404	477539
355404	477539
355594	477160
355726	476893
355802	476750
355831	476771
355888	476822
355954	476858
355967	476844
355957	476819
355977	476800
356007	476774
356024	476755
356044	476748
356087	476751
356117	476738
356148	476733
356180	476716
356201	476706
356201	476705
356205	476694
356187	476666
356169	476635
356161	476616
356144	476589
356162	476564
356164	476538
356164	476508
356133	476415
356085	476283
356089	476273
356091	476268
356095	476263
356099	476257
356106	476250
356110	476244
356113	476238
356115	476231
356115	476225
356115	476219
356113	476211
356112	476178
356091	476108
356054	475968
356046	475928
356053	475913
356071	475907
356094	475891
356114	475908
356146	475949
356207	475936
356233	475912
356236	475872
356230	475830
356236	475802
356199	475750
356244	475706
356244	475706
356255	475730
356255	475730
356305	475810
356332	475850
356350	475867
356428	475921
356454	475937
356474	475951
356480	475950
356495	475963
356521	475980
356538	475985
356560	475986
356563	475987
356565	475989
356567	475992
356567	475994
356562	476000
356561	476005
356561	476008
356563	476015
356566	476022
356569	476024
356608	476060
356631	476066
356636	476058
356641	476053
356647	476050
356651	476049
356655	476050
356661	476051
356664	476052
356664	476053
356665	476058
356680	476065
356682	476058
356686	476057
356692	476057
356698	476058
356703	476059
356707	476061
356711	476063
356717	476069
356712	476075
356731	476107
356735	476105
356767	476155
356773	476155
356778	476154
356785	476153
356788	476153
356792	476155
356796	476157
356799	476160
356799	476161
356794	476166
356832	476197
356834	476197
356837	476197
356840	476196
356844	476192
356848	476191
356854	476189
356860	476189
356865	476190
356871	476192
356877	476196
356885	476193
356896	476185
356913	476181
356922	476183
356931	476186
356941	476191
357012	476229
357054	476250
357072	476267
357080	476284
357101	476314
357144	476368
357170	476404
357190	476419
357234	476445
357281	476468
357295	476469
357348	476500
357429	476550
357454	476563
357476	476578
357559	476654
357587	476697
357655	476805
357717	476896
357751	476948
357776	476988
357800	477018
357828	477027
357870	477093
357947	477236
357985	477329
358019	477396
358032	477428
358037	477456
358041	477537
358044	477566
358047	477581
358058	477633
358070	477674
358076	477707
358094	477783
358133	477879
358150	477934
358157	477999
358168	478043
358180	478108
358190	478170
358191	478200
358199	478254
358207	478299
358236	478436
358247	478481
358256	478497
358326	478622
358359	478658
358359	478658
358405	478625
358502	478558
358542	478530
358565	478516
358587	478501
358617	478486
358626	478482
358633	478480
358646	478478
358674	478463
358721	478434
358780	478395
358868	478342
358917	478310
358936	478296
358954	478269
358975	478245
359001	478192
358997	478185
359013	478175
359018	478173
359035	478168
359046	478167
359097	478164
359108	478162
359125	478159
359135	478155
359167	478137
359171	478134
359178	478127
359182	478120
359184	478116
359190	478097
359216	478077
359216	478073
359233	478060
359231	478054
359230	478050
359229	478046
359230	478041
359231	478037
359232	478033
359237	478024
359239	478022
359264	478003
359285	477985
359288	477978
359291	477966
359292	477961
359295	477956
359299	477952
359305	477946
359320	477937
359323	477935
359345	477937
359356	477936
359360	477939
359419	477929
359506	477920
359613	477911
359698	477910
359748	477906
359821	477903
359885	477902
359952	477899
359980	477899
360000	477900
360007	477902
360118	477902
360183	477895
360205	477891
360227	477887
360310	477868
360414	477840
360460	477829
360537	477807
360558	477804
360570	477800
360570	477793
360575	477789
360606	477816
360659	477857
360718	477857
360750	477857
360757	477873
360759	477876
360818	477878
360874	477878
360939	477883
360981	477884
360999	477882
361020	477883
361047	477892
361076	477907
361107	477921
361191	477962
361217	477974
361242	477976
361271	477970
361295	477962
361343	477957
361409	477963
361479	477966
361547	477951
361547	477951
361540	477887
361537	477845
361537	477845
361567	477844
361567	477844
361601	477847
361618	477857
361647	477883
361669	477900
361685	477907
361700	477910
361718	477903
361748	477899
361789	477904
361837	477903
361882	477908
361913	477916
361930	477917
361948	477914
361956	477911
361968	477896
361986	477865
362008	477875
362008	477875
362084	477919
362113	477931
362130	477937
362146	477948
362160	477951
362193	477960
362221	477959
362272	477937
362305	477920
362330	477908
362365	477898
362371	477897
362376	477896
362393	477897
362411	477899
362427	477902
362452	477901
362466	477903
362481	477904
362512	477911
362622	477951
362659	477965
362725	478000
362753	478012
362843	478045
362890	478058
362982	478071
363021	478081
363094	478097
363159	478110
363216	478122
363260	478127
363306	478130
363318	478136
363331	478148
363348	478163
363367	478165
363404	478174
363442	478189
363448	478191
363454	478192
363467	478190
363529	478199
363620	478219
363708	478244
363801	478273
363864	478299
363953	478331
364051	478369
364118	478397
364169	478421
364183	478432
364256	478508
364277	478526
364292	478531
364302	478546
364330	478561
364372	478593
364406	478612
364431	478631
364447	478648
364466	478672
364477	478684
364511	478719
364526	478738
364561	478815
364592	478864
364607	478888
364620	478911
364620	478926
364612	478969
364655	479017
364737	479087
364761	479088
364780	479087
364811	479078
364811	479078
364849	479159
364871	479183
364891	479206
364930	479245
364958	479278
364992	479314
365000	479318
365145	479435
365265	479413
365372	479395
365450	479480
365565	479603
365615	479654
365639	479680
365648	479656
365654	479634
365679	479643
365699	479668
365704	479674
365715	479681
365718	479682
365742	479687
365758	479689
365770	479710
365774	479722
365777	479734
365778	479744
365781	479772
365788	479797
365794	479806
365802	479817
365808	479824
365816	479831
365823	479835
365829	479839
365834	479841
365845	479845
365870	479861
365877	479868
365882	479872
365888	479874
365895	479877
365905	479880
365926	479894
365934	479901
365939	479908
365943	479919
365944	479927
365944	479934
365949	479961
365950	479963
365952	479966
365955	479969
365961	479972
365976	479980
365984	479983
365998	479992
366004	479996
366011	479997
366061	479991
366083	479978
366090	479977
366096	479977
366100	479979
366104	479983
366111	479997
366111	480000
366111	480000
366144	480019
366149	480024
366153	480028
366155	480032
366157	480037
366159	480044
366161	480051
366161	480060
366161	480068
366159	480081
366151	480105
366150	480109
366149	480117
366152	480148
366155	480155
366169	480186
366172	480192
366177	480197
366180	480201
366183	480203
366188	480206
366195	480208
366201	480210
366206	480210
366213	480210
366220	480209
366226	480208
366239	480203
366249	480201
366258	480200
366263	480201
366267	480203
366271	480206
366276	480211
366282	480217
366285	480222
366288	480227
366296	480246
366299	480250
366302	480251
366304	480252
366309	480253
366315	480253
366320	480252
366327	480249
366331	480249
366336	480250
366339	480251
366346	480256
366355	480265
366367	480274
366371	480276
366379	480278
366394	480283
366410	480290
366417	480293
366435	480308
366445	480315
366450	480317
366454	480318
366465	480319
366474	480321
366479	480323
366488	480332
366492	480334
366496	480336
366510	480341
366518	480342
366538	480342
366566	480339
366571	480338
366595	480331
366604	480331
366625	480334
366636	480338
366646	480345
366655	480349
366668	480354
366677	480357
366682	480357
366691	480356
366716	480350
366744	480338
366753	480334
366759	480333
366768	480333
366784	480334
366795	480337
366808	480342
366853	480358
366878	480367
366904	480373
366922	480375
366945	480379
366978	480386
367061	480400
367072	480400
367077	480402
367081	480403
367099	480414
367104	480419
367111	480431
367115	480435
367119	480439
367122	480440
367130	480442
367141	480444
367147	480443
367170	480441
367183	480441
367197	480442
367213	480446
367218	480448
367230	480454
367276	480473
367283	480475
367299	480480
367339	480488
367361	480494
367374	480499
367396	480509
367433	480528
367440	480533
367445	480536
367452	480538
367458	480539
367470	480539
367486	480538
367494	480535
367505	480533
367508	480534
367512	480535
367515	480536
367520	480539
367526	480543
367531	480548
367534	480552
367540	480567
367544	480574
367547	480579
367551	480583
367557	480589
367583	480607
367588	480614
367590	480618
367592	480622
367592	480629
367595	480639
367596	480643
367598	480644
367600	480645
367613	480648
367621	480647
367625	480647
367630	480649
367633	480650
367639	480655
367663	480688
367667	480693
367671	480695
367677	480698
367682	480700
367695	480701
367703	480703
367709	480705
367712	480707
367714	480709
367725	480724
367732	480733
367750	480749
367765	480764
367783	480786
367806	480808
367826	480816
367852	480829
367868	480842
367872	480846
367875	480849
367879	480857
367880	480860
367885	480883
367890	480895
367893	480900
367897	480908
367906	480919
367910	480923
367917	480929
367921	480931
367931	480932
367936	480933
367941	480934
367947	480938
367954	480944
367962	480952
367970	480962
367980	480982
367987	480993
367995	481003
368008	481021
368032	481043
368054	481064
368069	481082
368079	481096
368087	481104
368093	481110
368105	481119
368112	481123
368128	481131
368160	481143
368175	481148
368182	481149
368192	481153
368196	481156
368201	481160
368203	481162
368204	481166
368211	481180
368216	481187
368220	481191
368225	481193
368234	481195
368250	481201
368332	481228
368366	481244
368406	481256
368415	481260
368425	481266
368432	481271
368441	481278
368454	481293
368461	481298
368468	481303
368476	481306
368484	481309
368496	481312
368537	481325
368575	481344
368617	481362
368623	481366
368628	481375
368631	481378
368636	481384
368640	481387
368645	481390
368651	481392
368655	481393
368672	481394
368681	481397
368695	481402
368705	481415
368708	481419
368714	481423
368716	481424
368716	481424
368718	481425
368729	481430
368747	481442
368765	481457
368780	481465
368805	481476
368826	481490
368831	481493
368837	481495
368840	481497
368842	481500
368843	481506
368844	481521
368845	481527
368846	481532
368848	481536
368852	481543
368860	481552
368863	481555
368864	481557
368868	481569
368869	481570
368879	481575
368881	481577
368881	481581
368880	481589
368880	481593
368881	481596
368887	481606
368892	481613
368895	481616
368900	481619
368911	481622
368917	481625
368927	481632
368938	481644
368946	481654
368956	481662
368964	481669
368970	481678
368976	481688
368979	481691
368982	481693
368989	481696
369006	481698
369010	481700
369014	481705
369015	481709
369016	481716
369015	481736
369017	481743
369019	481747
369021	481749
369024	481750
369026	481750
369031	481748
369035	481749
369039	481752
369042	481755
369044	481759
369045	481763
369047	481776
369048	481778
369052	481782
369055	481785
369061	481787
369065	481791
369070	481798
369077	481812
369081	481818
369087	481822
369094	481822
369113	481824
369118	481826
369121	481828
369123	481830
369127	481837
369127	481841
369128	481857
369130	481864
369134	481869
369156	481889
369161	481894
369166	481902
369170	481909
369174	481921
369177	481934
369182	481956
369189	481972
369192	481977
369195	481981
369203	481991
369207	481996
369216	482009
369219	482018
369220	482022
369220	482027
369218	482038
369218	482043
369220	482048
369221	482051
369223	482054
369233	482060
369237	482064
369239	482067
369242	482071
369243	482076
369251	482105
369265	482101
369270	482098
369276	482096
369282	482096
369296	482099
369301	482101
369306	482103
369314	482109
369335	482130
369353	482145
369372	482149
369394	482158
369411	482169
369418	482171
369426	482171
369430	482172
369440	482177
369447	482182
369451	482187
369461	482197
369468	482202
369475	482204
369485	482204
369491	482203
369497	482203
369502	482204
369505	482205
369518	482211
369551	482236
369584	482263
369593	482267
369610	482270
369615	482271
369636	482281
369650	482290
369683	482318
369699	482327
369705	482330
369707	482331
369718	482341
369725	482349
369728	482350
369742	482352
369745	482354
369748	482355
369752	482359
369755	482365
369757	482367
369766	482373
369771	482373
369775	482372
369797	482378
369786	482381
369834	482426
369919	482509
369962	482557
370000	482597
370046	482645
370144	482748
370144	482748
370146	482743
370147	482695
370146	482664
370147	482643
370148	482621
370150	482600
370152	482579
370156	482556
370161	482517
370171	482434
370185	482319
370192	482149
370194	482074
370195	482040
370193	481986
370192	481960
370191	481955
370191	481955
370190	481933
370181	481838
370178	481807
370145	481631
370124	481542
370112	481504
370101	481461
370080	481400
370052	481319
370052	481319
370029	481253
370002	481182
370000	481179
369997	481175
369917	480952
369899	480906
369888	480878
369879	480859
369846	480808
369825	480780
369816	480769
369802	480755
369795	480747
369779	480720
369753	480677
369738	480653
369675	480605
369647	480581
369611	480547
369594	480531
369558	480492
369536	480474
369514	480453
369480	480398
369456	480357
369450	480348
369405	480302
369360	480252
369322	480211
369274	480159
369261	480143
369249	480127
369235	480107
369219	480078
369206	480052
369187	480000
369186	480000
369186	479991
369148	479911
369135	479882
369117	479751
369095	479585
369080	479530
369073	479498
369052	479466
369023	479416
368983	479343
368940	479237
368906	479141
368854	478992
368825	478911
368812	478869
368817	478833
368829	478750
368831	478729
368828	478718
368828	478718
368788	478612
368770	478588
368733	478542
368733	478542
368715	478520
368615	478396
368615	478396
367806	477391
367699	477257
367625	477168
367621	477165
367608	477157
367605	477154
367602	477150
367593	477131
367585	477116
367541	477061
367520	477036
367492	477000
367363	476842
367261	476716
367200	476641
367094	476510
366998	476391
366945	476327
366765	476101
366716	476038
366693	476014
366651	475995
366543	475948
366460	475914
366356	475838
366288	475783
366273	475774
366254	475743
366249	475731
366249	475721
366243	475708
366238	475700
366217	475677
366179	475642
366158	475616
366103	475558
366053	475515
366001	475468
365987	475447
365974	475409
365942	475354
365913	475301
365921	475275
365931	475257
365939	475224
365949	475201
365950	475191
365937	475173
365903	475147
365891	475143
365881	475142
365869	475136
365860	475129
365840	475122
365805	475115
365786	475110
365760	475101
365742	475096
365722	475089
365717	475087
365701	475076
365691	475062
365684	475049
365668	475031
365638	475011
365644	475000
365643	475000
365580	474985
365575	474976
365566	474956
365554	474927
365551	474915
365541	474872
365540	474864
365540	474858
365540	474847
365543	474822
365544	474807
365545	474798
365543	474785
365536	474763
365533	474737
365530	474724
365530	474720
365536	474713
365537	474710
365537	474707
365536	474704
365535	474700
365515	474676
365511	474672
365507	474669
365503	474667
365488	474661
365485	474659
365481	474654
365478	474648
365478	474643
365479	474638
365480	474634
365489	474609
365495	474569
365501	474545
365505	474530
365514	474502
365537	474425
365564	474398
365564	474398
365463	474376
365469	474340
365470	474281
365472	474273
365479	474255
365484	474246
365492	474232
365493	474229
365494	474226
365494	474222
365492	474215
365486	474204
365471	474172
365462	474146
365457	474135
365438	474097
365422	474080
365404	474053
365388	474033
365294	474024
365287	473910
365289	473824
365288	473814
365283	473768
365279	473750
365272	473735
365260	473715
365248	473699
365227	473672
365216	473661
365203	473647
365188	473635
365175	473626
365165	473619
365144	473607
365071	473561
365067	473554
365064	473550
365060	473547
365056	473545
365051	473543
365046	473542
365041	473543
365021	473549
365008	473556
365000	473564
364941	473595
364870	473630
364824	473657
364812	473660
364805	473661
364783	473659
364780	473659
364775	473661
364773	473662
364760	473672
364752	473677
364747	473679
364738	473681
364733	473681
364727	473680
364716	473677
364667	473674
364639	473681
364639	473681
364601	473671
364597	473669
364593	473666
364591	473664
364588	473660
364585	473655
364581	473647
364578	473639
364576	473629
364576	473625
364576	473615
364578	473590
364577	473580
364576	473576
364570	473559
364567	473549
364563	473542
364562	473541
364558	473541
364550	473545
364546	473546
364544	473546
364541	473543
364539	473538
364536	473524
364527	473504
364520	473454
364510	473455
364498	473429
364462	473371
364437	473323
364398	473259
364358	473191
364324	473186
364267	473190
364200	473197
364182	473193
364147	473205
364085	473218
364028	473233
364022	473216
363991	473221
363960	473223
363936	473223
363927	473223
363882	473222
363772	473221
363759	473217
363750	473213
363743	473209
363736	473204
363732	473202
363728	473202
363727	473204
363722	473211
363720	473213
363717	473214
363710	473216
363695	473215
363676	473217
363669	473214
363657	473206
363651	473203
363641	473201
363630	473199
363612	473196
363537	473193
363525	473192
363522	473191
363512	473187
363503	473183
363496	473177
363493	473174
363491	473169
363487	473160
363479	473138
363465	473063
363453	473021
363437	472960
363422	472889
363598	472837
363619	472821
363692	472826
363689	472805
363678	472765
363666	472704
363662	472662
363656	472615
363655	472581
363654	472569
363653	472565
363652	472561
363650	472559
363641	472553
363640	472552
363638	472549
363637	472545
363636	472542
363637	472538
363642	472515
363654	472475
363655	472466
363655	472462
363653	472441
363650	472425
363646	472410
363644	472402
363638	472386
363635	472374
363634	472366
363634	472358
363635	472352
363638	472341
363638	472338
363638	472334
363637	472332
363631	472322
363630	472320
363629	472315
363630	472298
363628	472274
363628	472269
363629	472261
363631	472253
363642	472228
363651	472211
363654	472201
363656	472194
363656	472186
363655	472177
363653	472165
363654	472090
363641	472066
363625	472040
363625	472040
363604	472045
363585	472048
363557	472051
363533	472052
363518	472051
363474	472045
363465	472041
363460	472039
363452	472034
363447	472028
363441	472021
363438	472016
363435	472009
363435	472005
363435	472002
363437	471987
363436	471973
363431	471947
363429	471941
363427	471936
363425	471933
363411	471920
363406	471914
363383	471876
363372	471860
363356	471845
363349	471840
363342	471836
363337	471835
363330	471833
363330	471833
363328	471826
363326	471819
363323	471813
363319	471808
363303	471790
363297	471782
363295	471777
363292	471771
363290	471764
363289	471758
363288	471752
363290	471746
363297	471732
363304	471713
363307	471704
363309	471692
363311	471682
363311	471672
363307	471639
363306	471623
363308	471610
363310	471602
363317	471583
363320	471574
363320	471569
363318	471554
363312	471529
363312	471526
363312	471519
363315	471497
363315	471488
363312	471461
363312	471451
363315	471428
363315	471421
363314	471399
363315	471393
363317	471385
363318	471382
363322	471371
363330	471349
363334	471337
363335	471333
363335	471330
363334	471326
363334	471326
363347	471245
363352	471213
363362	471166
363362	471166
363362	471165
363368	471133
363372	471102
363372	471095
363370	471066
363370	471059
363372	471038
363372	471029
363369	471002
363369	470995
363369	470963
363371	470942
363371	470921
363368	470911
363363	470899
363348	470872
363345	470863
363343	470854
363342	470807
363342	470799
363344	470788
363350	470769
363351	470763
363354	470740
363357	470723
363360	470710
363364	470699
363373	470678
363388	470650
363402	470620
363410	470605
363412	470600
363412	470594
363412	470589
363410	470586
363408	470583
363404	470580
363389	470570
363376	470564
363373	470561
363370	470559
363366	470554
363358	470538
363341	470512
363333	470497
363331	470491
363330	470485
363328	470466
363327	470460
363323	470447
363316	470432
363294	470394
363294	470390
363295	470379
363294	470374
363293	470372
363291	470370
363282	470366
363276	470360
363266	470348
363254	470328
363248	470320
363244	470314
363240	470311
363234	470307
363227	470304
363210	470297
363199	470292
363195	470288
363193	470286
363192	470283
363191	470280
363191	470277
363193	470262
363199	470245
363200	470240
363202	470223
363203	470217
363206	470210
363209	470203
363215	470195
363218	470191
363231	470178
363245	470166
363251	470159
363256	470152
363270	470117
363282	470098
363283	470094
363285	470087
363287	470077
363288	470040
363287	470037
363284	470031
363280	470024
363277	470021
363275	470016
363275	470016
363271	470001
363270	470000
363271	470000
363302	469984
363285	469931
363284	469888
363279	469827
363279	469794
363310	469787
363375	469777
363446	469756
363432	469734
363451	469689
363454	469683
363459	469677
363464	469671
363470	469666
363476	469661
363495	469648
363509	469640
363535	469632
363547	469612
363584	469602
363690	469559
363699	469558
363716	469555
363728	469555
363739	469555
363755	469556
363778	469560
363831	469565
363868	469563
363924	469554
363931	469554
363935	469553
363941	469552
363947	469548
363952	469545
363957	469540
363994	469509
364024	469492
364047	469482
364071	469469
364095	469452
364129	469422
364161	469386
364199	469357
364220	469347
364314	469293
364334	469276
364350	469267
364365	469258
364393	469246
364422	469224
364441	469207
364460	469187
364468	469178
364472	469174
364480	469168
364487	469165
364488	469165
364488	469141
364494	469126
364495	469116
364494	469105
364493	469100
364492	469096
364489	469093
364486	469090
364478	469086
364477	469084
364475	469080
364474	469068
364472	469063
364469	469058
364467	469055
364464	469053
364456	469048
364435	469043
364430	469039
364429	469037
364428	469034
364428	469031
364429	469027
364436	469014
364442	469005
364429	468994
364424	468987
364421	468982
364419	468976
364418	468968
364419	468964
364419	468962
364418	468960
364417	468958
364414	468956
364406	468952
364403	468950
364402	468947
364401	468944
364401	468941
364402	468939
364408	468932
364400	468920
364399	468916
364399	468911
364399	468907
364402	468902
364412	468893
364412	468887
364410	468873
364415	468858
364432	468837
364446	468824
364454	468821
364480	468822
364483	468821
364487	468819
364488	468816
364489	468813
364489	468811
364488	468809
364483	468800
364491	468789
364502	468777
364492	468764
364493	468747
364488	468741
364490	468730
364498	468733
364504	468731
364513	468736
364518	468737
364522	468737
364527	468736
364531	468734
364534	468731
364537	468728
364539	468724
364539	468720
364539	468716
364538	468714
364536	468712
364531	468709
364523	468703
364528	468690
364539	468676
364547	468663
364575	468646
364595	468640
364596	468638
364597	468635
364597	468633
364593	468625
364599	468615
364622	468622
364638	468587
364650	468575
364658	468564
364659	468563
364663	468563
364666	468564
364668	468567
364670	468576
364672	468578
364674	468579
364675	468579
364678	468577
364682	468571
364696	468556
364711	468512
364720	468499
364735	468484
364754	468482
364757	468480
364759	468479
364769	468460
364807	468425
364821	468419
364826	468412
364835	468385
364848	468379
364852	468360
364870	468349
364885	468337
364910	468357
364931	468324
364946	468296
364952	468293
364967	468293
364958	468269
364977	468265
364992	468261
365000	468262
365003	468266
365007	468266
365010	468264
365013	468261
365014	468258
365015	468255
365015	468253
365012	468240
365014	468235
365028	468225
365033	468223
365036	468221
365038	468218
365040	468214
365042	468208
365039	468198
365041	468193
365045	468181
365046	468172
365043	468171
365034	468168
365031	468158
365022	468128
365017	468123
365021	468116
365021	468114
365021	468112
365021	468110
365018	468107
365008	468102
365006	468100
365005	468098
365005	468096
365008	468083
365009	468072
365004	468058
365000	468053
364996	468046
364994	468036
364990	468020
365000	468005
365002	468004
365005	467990
365004	467976
365000	467972
364991	467955
364975	467952
364963	467938
364952	467920
364940	467912
364929	467903
364919	467898
364916	467896
364913	467891
364912	467889
364912	467887
364914	467882
364915	467881
364918	467879
364935	467875
364948	467848
364941	467835
364941	467812
364939	467797
364940	467796
364940	467794
364942	467793
364944	467792
364948	467792
364956	467787
364962	467779
364977	467760
364981	467757
364988	467755
364988	467752
364989	467730
365000	467711
365006	467709
365018	467708
365025	467699
365038	467691
365053	467696
365087	467682
365111	467666
365127	467660
365141	467645
365143	467640
365146	467637
365149	467635
365152	467634
365158	467635
365175	467642
365200	467636
365210	467638
365216	467640
365222	467640
365224	467639
365227	467637
365229	467634
365231	467630
365232	467628
365231	467621
365248	467616
365262	467618
365272	467614
365300	467615
365313	467604
365317	467603
365319	467602
365321	467603
365325	467604
365327	467606
365329	467612
365332	467616
365336	467617
365341	467617
365345	467615
365361	467597
365383	467593
365387	467594
365389	467594
365391	467593
365393	467591
365394	467588
365394	467585
365392	467579
365393	467576
365394	467574
365395	467573
365397	467572
365400	467572
365402	467573
365405	467575
365418	467575
365424	467574
365427	467572
365430	467569
365432	467566
365433	467560
365438	467553
365451	467561
365454	467562
365458	467562
365461	467562
365465	467560
365468	467557
365475	467546
365490	467544
365509	467551
365524	467565
365537	467560
365555	467548
365558	467539
365570	467540
365583	467534
365604	467539
365615	467532
365638	467518
365645	467506
365667	467489
365675	467475
365682	467466
365696	467470
365709	467468
365732	467490
365737	467493
365742	467496
365756	467501
365766	467506
365774	467508
365784	467509
365826	467485
365825	467481
365827	467469
365826	467456
365824	467447
365817	467427
365819	467378
365813	467342
365799	467284
365790	467271
365783	467257
365777	467252
365755	467230
365746	467218
365731	467205
365720	467195
365696	467189
365688	467180
365688	467173
365687	467167
365685	467165
365674	467158
365678	467144
365680	467122
365693	467105
365697	467093
365706	467076
365701	467051
365699	467035
365699	467027
365702	467021
365702	467016
365693	467001
365693	466997
365693	466995
365703	466982
365705	466957
365700	466941
365701	466934
365703	466928
365718	466894
365724	466877
365724	466857
365726	466841
365734	466842
365722	466823
365724	466807
365747	466809
365750	466802
365748	466782
365751	466759
365746	466746
365746	466740
365746	466737
365749	466730
365751	466727
365755	466724
365758	466722
365774	466718
365777	466711
365785	466707
365792	466695
365798	466687
365801	466676
365826	466650
365865	466661
365915	466677
365938	466688
365965	466693
365977	466703
366007	466736
366032	466742
366055	466751
366118	466739
366180	466733
366211	466714
366235	466705
366269	466685
366293	466699
366317	466698
366393	466693
366414	466697
366436	466695
366487	466693
366517	466697
366549	466699
366578	466699
366623	466707
366681	466719
366707	466725
366774	466732
366821	466657
366834	466613
366837	466599
366838	466589
366839	466576
366839	466557
366834	466526
366814	466452
366817	466425
366822	466398
366900	466343
366981	466291
367101	466268
367215	466243
367454	466189
367572	466164
367703	466131
367771	466100
367879	466107
367905	466048
367907	466021
367911	466001
367907	465981
367913	465947
367917	465931
367914	465902
367912	465892
367942	465822
368007	465799
368149	465755
368200	465677
368279	465545
368281	465545
368285	465544
368285	465544
368307	465540
368388	465584
368648	465601
368648	465601
368687	465547
368813	465353
368958	465131
369041	465000
369041	465000
369041	465000
369134	464860
369166	464812
369256	464678
369297	464616
369415	464566
369511	464531
369539	464525
369548	464523
369548	464523
369714	464470
369672	464270
369628	464076
369640	463894
369667	463521
369686	463292
369700	463134
369727	462891
369664	462750
369563	462522
369488	462386
369393	462203
369365	462096
369323	461915
369290	461756
369316	461522
369340	461360
369352	461250
369352	461239
369352	461239
369300	461220
369152	461169
368650	460988
368569	460960
368569	460960
368475	460928
368288	460862
368229	460839
368148	460793
368050	460733
368021	460713
367993	460693
367938	460639
367938	460639
367860	460566
367809	460416
367767	460265
367746	460181
367744	460174
367746	460166
367771	460070
367793	460000
367793	460000
367793	460000
367818	459906
367814	459773
367813	459683
367804	459663
367795	459644
367743	459562
367719	459529
367703	459495
367672	459414
367633	459327
367608	459290
367543	459223
367481	459157
367489	458982
367449	458941
367395	458899
367309	458878
367343	458833
367410	458780
367439	458703
367467	458617
367486	458561
367245	458420
367162	458381
367162	458381
367062	458398
367012	458415
366807	458506
366727	458521
366673	458527
366495	458605
366404	458587
366370	458579
366327	458548
366264	458523
366115	458483
365987	458548
365908	458624
365751	458781
365688	458883
365640	458926
365553	459044
365553	459044
365496	459003
365444	458942
365420	458917
365397	458892
365360	458855
365338	458840
365332	458836
365327	458834
365321	458832
365314	458831
365307	458830
365300	458830
365295	458829
365290	458827
365287	458825
365284	458823
365272	458810
365262	458793
365245	458779
365227	458771
365204	458764
365175	458750
365103	458731
365027	458708
365000	458695
365000	458695
364942	458674
364853	458657
364802	458649
364733	458580
364653	458503
364589	458449
364445	458323
364419	458191
364397	458097
364366	457960
364328	457788
364246	457700
364190	457684
364155	457677
364109	457656
364063	457691
363963	457694
363907	457730
363873	457752
363792	457782
363731	457805
363606	457858
363541	457855
363455	457848
363381	457847
363296	457850
363198	457846
363120	457841
363060	457831
362980	457805
362946	457793
362870	457819
362679	457783
362653	457778
362653	457778
362603	457773
362544	457712
362470	457633
362432	457587
362363	457477
362324	457408
362234	457207
362197	457107
362162	457052
362154	457039
362146	457023
362138	457007
362133	456994
362124	456968
362118	456916
362110	456871
362125	456833
362131	456818
362139	456798
362142	456788
362148	456765
362152	456744
362153	456722
362153	456712
362151	456682
362147	456653
362112	456565
362075	456421
362047	456316
362044	456266
362035	456164
362056	456085
362085	455991
362119	455874
362145	455800
362170	455722
362242	455528
362253	455371
362342	455306
362376	455282
362442	455227
362499	455155
362548	455089
362620	455000
362620	455000
362620	455000
362629	454987
362631	454983
362634	454977
362637	454967
362639	454958
362640	454949
362638	454888
362662	454791
362617	454733
362574	454680
362490	454626
362460	454607
362469	454498
362575	454317
362614	454269
362656	454224
362701	454181
362753	454133
362763	454122
362824	454024
362882	453950
362940	453873
362990	453809
363031	453771
363062	453744
363083	453729
363129	453676
363174	453615
363209	453577
363239	453546
363271	453509
363298	453485
363345	453456
363474	453390
363514	453364
363529	453347
363503	453347
363399	453331
363311	453310
363256	453291
363190	453260
363165	453249
363098	453229
363019	453213
362967	453200
362924	453191
362849	453178
362819	453172
362756	453166
362659	453167
362574	453167
362519	453160
362439	453143
362376	453117
362271	453052
362262	453046
362257	453043
362247	453040
362221	453035
362177	452971
362160	452950
362122	452756
362113	452689
362093	452532
362062	452488
362040	452463
362026	452442
361997	452382
361957	452278
361938	452232
361907	452193
361852	452127
361796	452067
361752	452023
361752	452023
361641	451910
361561	451827
361528	451794
361461	451729
361279	451683
361192	451657
361134	451638
360986	451580
360908	451550
360837	451516
360785	451487
360742	451464
360695	451437
360660	451420
360535	451389
360461	451374
360372	451352
360333	451350
360333	451350
360294	451348
360213	451348
360069	451357
360000	451364
360000	451364
359993	451369
359986	451370
359982	451370
359974	451368
359823	451247
359812	451187
359784	451101
359747	451009
359733	450983
359725	450968
359711	450948
359687	450916
359679	450906
359664	450890
359653	450881
359639	450870
359628	450862
359619	450857
359612	450854
359604	450852
359596	450850
359586	450850
359577	450850
359564	450852
359509	450866
359482	450875
359469	450880
359456	450886
359437	450896
359406	450916
359396	450923
359367	450945
359336	450971
359317	450989
359297	451010
359268	451041
359197	451139
359191	451147
359180	451157
359172	451164
359156	451174
359099	451204
359019	451252
358962	451296
358900	451357
358819	451424
358800	451438
358786	451447
358772	451455
358756	451464
358739	451472
358725	451479
358710	451484
358686	451492
358600	451511
358533	451524
358466	451536
358328	451560
358304	451563
358279	451564
358254	451563
358240	451562
358226	451560
358202	451555
358109	451531
357936	451482
357916	451474
357902	451467
357887	451459
357869	451449
357851	451438
357834	451426
357821	451416
357813	451409
357796	451392
357790	451383
357780	451370
357695	451214
357668	451186
357600	451111
357600	451111
357553	451033
357485	450924
357477	450910
357467	450869
357453	450789
357447	450751
357448	450720
357451	450697
357458	450617
357458	450617
357554	450506
357554	450506
357603	450458
357693	450376
357826	450251
357890	450190
358014	450072
358050	450051
358139	450000
358139	450000
358139	450000
358262	449922
358290	449901
358347	449870
358384	449851
358428	449827
358458	449808
358483	449789
358502	449772
358529	449741
358550	449713
358581	449667
358607	449631
358639	449597
358663	449573
358681	449557
358703	449539
358773	449492
358818	449469
358856	449447
358886	449422
358973	449341
358961	449295
358952	449240
358943	449157
358939	449107
358930	449035
358920	448934
358916	448918
358836	448732
358812	448671
358786	448611
358777	448587
358755	448472
358821	448456
358882	448443
358921	448428
359067	448385
359105	448377
359160	448369
359191	448363
359218	448354
359285	448268
359327	448216
359359	448169
359386	448130
359413	448093
359426	448074
359469	447989
359572	447755
359608	447668
359641	447584
359672	447494
359699	447408
359719	447334
359738	447263
359738	447263
359860	447254
359959	447246
360000	447243
360000	447243
360045	447236
360072	447229
360099	447226
360121	447227
360144	447228
360187	447234
360214	447241
360257	447254
360303	447268
360328	447273
360354	447275
360384	447276
360465	447280
360564	447280
360716	447282
360840	447286
360897	447285
360965	447283
361000	447284
361025	447285
361045	447289
361060	447295
361067	447299
361074	447303
361091	447316
361142	447350
361170	447371
361180	447377
361197	447387
361219	447395
361236	447400
361258	447402
361307	447403
361326	447405
361338	447409
361345	447412
361368	447423
361424	447456
361464	447478
361504	447500
361537	447516
361565	447532
361592	447546
361615	447561
361644	447576
361696	447601
361727	447612
361770	447627
361926	447684
361955	447693
361972	447697
361980	447698
361989	447698
362001	447695
362020	447687
362064	447670
362127	447645
362158	447630
362158	447630
362186	447621
362201	447608
362230	447581
362255	447563
362319	447512
362353	447481
362363	447487
362383	447497
362391	447504
362412	447525
362428	447538
362488	447582
362496	447589
362534	447614
362553	447621
362567	447629
362617	447664
362668	447696
362698	447716
362766	447757
362786	447770
362806	447782
362839	447806
362997	447898
363030	447922
363113	447899
363146	447892
363171	447887
363201	447882
363221	447882
363233	447881
363279	447875
363304	447873
363347	447868
363370	447867
363383	447867
363397	447867
363425	447870
363447	447879
363468	447882
363534	447898
363537	447910
363568	447914
363640	447928
363662	447931
363677	447928
363700	447935
363719	447940
363723	447939
363739	447934
363743	447934
363769	447938
363822	447939
363876	447942
363884	447951
363899	447976
363945	448056
363946	448077
363946	448084
363953	448106
363959	448117
363966	448125
363979	448134
363986	448141
364003	448153
364007	448162
364024	448186
364041	448209
364050	448224
364054	448228
364058	448232
364088	448247
364103	448256
364116	448271
364133	448305
364147	448331
364152	448340
364188	448417
364195	448426
364211	448439
364222	448450
364226	448453
364231	448455
364237	448456
364243	448457
364269	448460
364276	448461
364296	448457
364309	448455
364315	448455
364344	448455
364349	448456
364385	448475
364390	448478
364397	448479
364402	448482
364407	448486
364411	448489
364426	448505
364431	448513
364433	448517
364437	448528
364439	448532
364455	448555
364458	448559
364467	448565
364472	448569
364481	448580
364485	448585
364488	448590
364492	448599
364496	448611
364498	448615
364504	448622
364508	448627
364528	448629
364548	448627
364559	448626
364568	448625
364572	448623
364587	448626
364591	448630
364599	448627
364618	448609
364621	448607
364623	448607
364633	448611
364636	448611
364638	448610
364649	448607
364652	448606
364658	448607
364662	448608
364688	448618
364700	448624
364709	448626
364713	448629
364721	448642
364724	448646
364728	448652
364730	448654
364738	448655
364743	448657
364752	448666
364756	448668
364759	448670
364763	448670
364767	448670
364784	448667
364791	448668
364792	448674
364789	448681
364791	448682
364800	448685
364814	448686
364819	448685
364821	448682
364821	448678
364819	448672
364819	448670
364823	448667
364832	448666
364839	448666
364855	448672
364869	448672
364879	448670
364884	448669
364892	448665
364914	448649
364925	448650
364934	448654
364941	448651
364948	448634
364982	448617
365000	448618
365000	448618
365004	448616
365004	448612
365003	448602
365005	448597
365022	448582
365024	448579
365024	448576
365023	448565
365024	448563
365037	448553
365043	448545
365049	448536
365056	448520
365059	448510
365062	448494
365063	448489
365066	448485
365087	448482
365102	448473
365111	448470
365117	448469
365134	448458
365153	448449
365163	448441
365168	448439
365181	448437
365199	448436
365219	448438
365225	448440
365238	448448
365242	448451
365250	448451
365259	448447
365261	448445
365264	448439
365267	448429
365286	448423
365297	448421
365313	448422
365318	448421
365318	448421
365323	448416
365331	448410
365343	448407
365351	448410
365362	448419
365368	448420
365372	448418
365376	448416
365396	448396
365399	448394
365412	448395
365419	448394
365423	448392
365433	448386
365467	448376
365486	448367
365515	448350
365520	448347
365528	448339
365539	448327
365544	448322
365549	448311
365553	448293
365563	448222
365572	448180
365582	448141
365595	448104
365617	448061
365660	447990
365671	447979
365681	447973
365704	447958
365717	447945
365733	447934
365735	447930
365737	447927
365737	447901
365739	447894
365743	447886
365743	447870
365744	447858
365745	447846
365746	447834
365737	447830
365733	447827
365730	447824
365725	447817
365730	447810
365731	447803
365729	447794
365731	447788
365732	447783
365738	447772
365727	447744
365720	447724
365713	447698
365712	447688
365711	447678
365712	447636
365718	447599
365719	447581
365719	447562
365718	447554
365716	447535
365711	447515
365708	447505
365701	447485
365680	447412
365675	447393
365670	447368
365667	447352
365666	447332
365670	447303
365671	447297
365676	447284
365684	447273
365694	447261
365710	447246
365726	447233
365752	447206
365764	447196
365777	447185
365785	447180
365803	447170
365839	447148
365852	447133
365858	447128
365876	447112
365926	447076
365936	447068
365943	447060
365953	447049
365958	447040
365959	447035
365962	447024
365963	447013
365963	447008
365958	446988
365950	446975
365947	446972
365940	446965
365917	446949
365910	446945
365903	446941
365893	446937
365878	446927
365854	446908
365832	446894
365825	446890
365794	446875
365774	446865
365746	446855
365738	446850
365723	446839
365717	446831
365715	446827
365710	446810
365707	446794
365706	446762
365706	446729
365704	446699
365704	446684
365698	446654
365697	446648
365689	446634
365687	446631
365679	446625
365665	446618
365653	446615
365642	446612
365619	446608
365611	446607
365582	446599
365568	446597
365558	446594
365547	446592
365512	446582
365488	446568
365476	446560
365456	446544
365426	446523
365416	446513
365402	446493
365398	446487
365391	446473
365380	446447
365376	446432
365369	446402
365355	446352
365348	446329
365336	446299
365327	446264
365320	446243
365318	446232
365316	446222
365314	446203
365306	446169
365305	446155
365297	446117
365293	446098
365286	446047
365281	445997
365281	445973
365277	445909
365277	445882
365273	445733
365271	445693
365270	445680
365266	445652
365263	445625
365252	445564
365247	445528
365246	445498
365246	445468
365254	445437
365258	445427
365260	445422
365269	445408
365280	445390
365294	445371
365302	445358
365328	445331
365348	445314
365377	445286
365422	445248
365453	445220
365470	445203
365474	445193
365476	445188
365477	445181
365477	445178
365475	445171
365461	445140
365453	445122
365447	445111
365438	445091
365433	445082
365423	445058
365416	445048
365407	445037
365393	445017
365389	445012
365385	445008
365380	445000
365380	445000
365380	445000
365338	444932
365324	444913
365298	444875
365276	444841
365245	444796
365240	444790
365234	444784
365218	444770
365188	444748
365170	444736
365141	444714
365111	444688
365100	444675
365095	444668
365093	444664
365092	444659
365090	444649
365089	444637
365090	444625
365090	444619
365099	444595
365107	444583
365125	444564
365150	444542
365174	444519
365177	444515
365184	444501
365191	444483
365195	444462
365197	444431
365196	444416
365186	444383
365159	444332
365147	444313
365130	444287
365125	444277
365100	444235
365091	444216
365088	444209
365058	444117
365054	444108
365041	444082
365030	444067
365018	444045
365012	444030
365007	444015
365000	444003
365000	444003
364996	443984
364993	443969
364991	443955
364990	443947
364990	443940
364993	443915
364997	443901
365000	443898
365000	443898
365002	443896
365009	443879
365012	443861
365013	443856
365013	443851
365010	443835
365000	443808
365000	443808
364993	443799
364971	443783
364951	443773
364923	443762
364897	443755
364873	443751
364849	443745
364825	443742
364756	443732
364698	443725
364677	443722
364654	443719
364597	443710
364575	443708
364562	443706
364550	443703
364540	443701
364520	443694
364511	443691
364465	443671
364440	443648
364436	443637
364434	443630
364432	443622
364432	443614
364431	443596
364432	443579
364433	443570
364438	443545
364441	443523
364444	443509
364450	443493
364452	443489
364458	443482
364466	443472
364472	443466
364487	443456
364502	443453
364508	443452
364520	443452
364567	443464
364604	443472
364617	443475
364629	443477
364653	443473
364668	443468
364677	443463
364681	443460
364688	443453
364698	443433
364704	443418
364705	443411
364702	443397
364698	443379
364694	443355
364692	443324
364693	443311
364700	443285
364702	443279
364705	443273
364715	443255
364725	443236
364734	443223
364737	443220
364747	443212
364758	443206
364762	443205
364766	443204
364795	443201
364845	443195
364865	443190
364887	443179
364907	443166
364945	443146
364964	443137
364973	443133
364982	443129
365000	443122
365000	443122
365016	443116
365039	443104
365057	443093
365096	443074
365125	443056
365145	443046
365158	443041
365172	443037
365187	443033
365203	443031
365211	443031
365241	443034
365275	443042
365305	443054
365316	443061
365330	443071
365336	443076
365349	443090
365365	443102
365387	443126
365397	443136
365415	443152
365431	443167
365456	443186
365487	443203
365503	443211
365560	443232
365576	443237
365589	443240
365619	443245
365625	443244
365636	443243
365646	443241
365651	443239
365661	443234
365675	443224
365689	443212
365709	443195
365727	443177
365734	443172
365758	443154
365778	443143
365797	443132
365820	443121
365850	443107
365875	443097
365908	443088
365924	443084
365939	443084
365952	443085
365991	443089
366009	443093
366021	443096
366027	443098
366044	443105
366069	443123
366076	443131
366082	443138
366088	443146
366095	443164
366101	443182
366108	443201
366124	443235
366127	443241
366136	443255
366141	443261
366151	443272
366162	443281
366168	443285
366176	443289
366191	443296
366199	443299
366205	443301
366220	443304
366227	443305
366233	443305
366245	443304
366257	443300
366269	443296
366275	443294
366293	443286
366311	443272
366320	443263
366327	443257
366334	443253
366337	443252
366340	443251
366358	443250
366366	443255
366380	443270
366429	443319
366445	443329
366450	443331
366462	443334
366495	443338
366517	443337
366553	443338
366569	443336
366587	443332
366626	443328
366676	443318
366711	443309
366726	443304
366740	443298
366785	443278
366799	443276
366814	443274
366827	443272
366842	443272
366880	443274
366897	443277
366914	443277
367003	443267
367027	443266
367064	443261
367098	443260
367109	443259
367177	443251
367207	443245
367233	443238
367244	443233
367275	443218
367293	443204
367293	443204
367333	443172
367385	443131
367449	443076
367471	443055
367508	443023
367520	443013
367535	442999
367545	442992
367566	442978
367582	442969
367590	442966
367612	442959
367624	442959
367628	442959
367632	442960
367644	442965
367662	442976
367682	442990
367692	442998
367705	443005
367716	443013
367737	443030
367758	443055
367811	443102
367852	443130
367873	443137
367890	443140
367895	443141
367916	443140
367922	443139
367935	443137
367968	443128
367979	443123
367995	443112
368001	443109
368008	443101
368021	443084
368025	443078
368031	443068
368035	443042
368038	443003
368035	442965
368033	442954
368029	442932
368027	442921
368004	442853
367997	442832
367995	442822
367992	442794
367990	442782
367988	442774
367988	442765
367990	442743
367995	442702
367999	442684
367999	442667
367999	442632
368003	442613
368005	442603
368008	442594
368011	442586
368027	442549
368044	442515
368052	442502
368058	442498
368074	442488
368082	442486
368087	442486
368118	442496
368145	442511
368182	442529
368200	442541
368213	442550
368218	442554
368232	442567
368244	442581
368277	442642
368287	442663
368320	442711
368331	442719
368343	442730
368350	442733
368357	442736
368357	442736
368365	442739
368382	442745
368389	442747
368396	442747
368408	442747
368425	442746
368434	442745
368442	442743
368450	442741
368480	442729
368497	442720
368512	442714
368529	442708
368537	442705
368568	442689
368583	442680
368592	442673
368602	442665
368611	442657
368619	442649
368624	442644
368628	442638
368634	442629
368649	442604
368662	442578
368674	442553
368694	442511
368723	442437
368738	442405
368740	442402
368745	442395
368752	442388
368759	442383
368763	442380
368792	442367
368809	442364
368836	442362
368863	442358
368877	442355
368886	442352
368922	442338
368957	442326
368993	442311
369002	442306
369028	442294
369036	442288
369055	442279
369076	442266
369122	442242
369152	442228
369196	442206
369202	442202
369214	442193
369228	442176
369239	442157
369246	442144
369248	442130
369248	442125
369237	442079
369217	442023
369206	441987
369203	441969
369200	441943
369199	441928
369200	441913
369201	441906
369205	441890
369211	441873
369217	441861
369221	441854
369228	441844
369243	441826
369255	441814
369261	441807
369272	441798
369295	441781
369319	441766
369347	441750
369424	441710
369443	441699
369464	441689
369509	441666
369556	441644
369602	441625
369632	441611
369639	441607
369652	441597
369666	441585
369686	441567
369729	441532
369749	441513
369779	441483
369806	441455
369815	441444
369828	441426
369839	441411
369839	441411
369850	441384
369856	441362
369861	441336
369861	441309
369855	441277
369852	441267
369849	441257
369842	441240
369823	441209
369801	441177
369783	441155
369759	441123
369752	441115
369741	441104
369736	441097
369731	441089
369722	441074
369713	441058
369709	441050
369705	441041
369700	441019
369698	441002
369696	440985
369695	440977
369696	440959
369699	440941
369704	440923
369708	440914
369710	440910
369716	440901
369765	440866
369843	440821
369863	440813
369923	440793
370000	440754
370000	440754
370040	440734
370059	440725
370071	440718
370082	440710
370089	440704
370096	440697
370106	440686
370115	440674
370123	440661
370130	440648
370135	440636
370139	440623
370142	440613
370143	440598
370144	440588
370143	440577
370141	440566
370138	440555
370136	440550
370084	440503
370025	440455
370000	440433
370000	440433
369983	440414
369955	440385
369942	440372
369927	440356
369875	440294
369862	440277
369851	440263
369846	440255
369837	440239
369822	440208
369817	440190
369816	440162
369817	440147
369822	440111
369826	440099
369830	440088
369833	440081
369837	440074
369846	440061
369852	440055
369864	440042
369875	440036
369882	440033
369889	440032
369904	440031
369916	440034
369925	440036
369934	440038
369955	440041
369984	440041
370000	440040
370000	440040
370022	440036
370078	440019
370110	440000
370110	440000
370110	440000
370131	439990
370154	439982
370166	439978
370190	439973
370215	439971
370440	439940
370539	439923
370602	439911
370611	439908
370630	439903
370646	439897
370666	439888
370683	439879
370702	439865
370707	439860
370716	439850
370724	439837
370728	439828
370731	439819
370733	439810
370736	439793
370736	439782
370731	439722
370727	439697
370724	439680
370720	439665
370710	439632
370703	439611
370698	439597
370693	439587
370684	439567
370671	439546
370624	439485
370587	439444
370565	439413
370541	439378
370518	439343
370475	439268
370401	439147
370384	439117
370374	439092
370371	439080
370366	439063
370362	439041
370361	439032
370362	439023
370363	439014
370368	438997
370375	438983
370378	438978
370386	438968
370423	438929
370442	438913
370454	438905
370470	438895
370483	438888
370492	438884
370510	438877
370532	438872
370546	438870
370634	438870
370729	438872
370812	438876
370875	438877
370888	438875
370893	438874
370903	438871
370912	438868
370920	438864
370927	438860
370931	438857
370936	438852
370941	438845
370946	438836
370950	438826
370952	438818
370953	438812
370955	438734
370956	438716
370958	438702
370961	438688
370964	438675
370967	438665
370980	438635
370989	438609
370999	438574
371008	438537
371023	438462
371027	438427
371029	438402
371030	438378
371030	438366
371029	438326
371021	438263
371017	438217
371012	438177
371000	438131
371000	438131
370991	438095
370983	438058
370980	438041
370973	437988
370970	437955
370968	437912
370968	437898
370970	437867
370972	437845
370974	437822
370978	437801
370983	437779
370989	437755
370999	437718
371011	437678
371037	437585
371045	437550
371049	437528
371054	437491
371056	437469
371055	437450
371054	437437
371052	437418
371048	437395
371044	437375
371038	437348
371025	437279
371015	437249
371007	437227
371000	437212
370990	437191
370982	437177
370967	437154
370948	437127
370938	437110
370932	437102
370926	437096
370913	437082
370898	437070
370884	437062
370884	437062
370840	437064
370820	437065
370794	437068
370775	437070
370719	437081
370697	437085
370672	437092
370631	437104
370619	437108
370605	437114
370589	437122
370572	437131
370556	437142
370541	437153
370511	437176
370489	437195
370482	437202
370431	437255
370399	437265
370364	437300
370318	437355
370321	437363
370321	437365
370312	437394
370305	437412
370294	437438
370242	437539
370233	437555
370223	437572
370202	437601
370183	437625
370179	437630
370159	437649
370141	437665
370124	437677
370113	437683
370103	437688
370092	437693
370070	437700
370045	437707
370022	437712
370000	437716
370000	437716
369981	437717
369958	437714
369931	437709
369909	437703
369856	437686
369837	437678
369828	437673
369814	437666
369805	437660
369788	437648
369779	437640
369771	437633
369766	437627
369753	437610
369736	437581
369726	437564
369717	437547
369690	437486
369653	437413
369630	437363
369614	437341
369605	437331
369599	437325
369590	437317
369582	437310
369572	437304
369553	437293
369529	437282
369519	437279
369504	437274
369489	437270
369477	437267
369452	437264
369427	437262
369369	437261
369324	437262
369324	437262
369271	437267
369198	437275
369107	437293
369029	437307
369011	437310
368999	437311
368975	437311
368964	437311
368941	437308
368918	437304
368907	437302
368890	437296
368868	437289
368850	437282
368837	437276
368824	437269
368811	437262
368798	437253
368786	437245
368769	437231
368755	437217
368749	437208
368740	437196
368735	437187
368731	437180
368728	437171
368723	437158
368722	437149
368720	437138
368719	437129
368720	437110
368739	436974
368745	436936
368755	436886
368780	436807
368796	436767
368800	436755
368803	436741
368805	436731
368806	436721
368807	436707
368806	436694
368805	436683
368804	436677
368801	436668
368797	436657
368793	436648
368787	436639
368781	436631
368774	436623
368766	436613
368759	436607
368744	436595
368736	436590
368725	436585
368718	436583
368710	436580
368699	436578
368656	436570
368639	436569
368628	436570
368622	436572
368613	436575
368592	436588
368563	436603
368556	436604
368549	436605
368541	436605
368516	436603
368497	436599
368457	436588
368443	436584
368430	436578
368420	436573
368410	436567
368391	436553
368306	436499
368306	436499
368275	436480
368275	436480
368249	436464
368249	436464
368216	436448
368216	436448
368169	436437
368129	436427
368095	436421
368095	436421
368051	436415
368025	436404
367992	436387
367970	436379
367949	436370
367928	436360
367873	436327
367852	436311
367841	436298
367836	436291
367831	436284
367826	436274
367822	436264
367821	436257
367820	436241
367821	436207
367817	436132
367813	436107
367804	436066
367801	436050
367795	436033
367786	436017
367780	436007
367768	435993
367758	435984
367732	435962
367681	435914
367665	435899
367634	435892
367608	435885
367575	435882
367566	435881
367530	435868
367499	435888
367486	435905
367477	435916
367470	435926
367459	435943
367445	435969
367426	436007
367407	436043
367391	436102
367377	436162
367354	436228
367327	436295
367320	436308
367313	436320
367307	436328
367295	436342
367256	436378
367236	436393
367228	436396
367218	436399
367207	436401
367197	436402
367190	436402
367183	436401
367174	436399
367158	436393
367128	436380
367116	436372
367098	436361
367053	436318
367020	436294
366953	436258
366950	436255
366939	436245
366924	436226
366901	436223
366886	436218
366766	436134
366728	436104
366638	436026
366616	436009
366565	435974
366507	435933
366465	435903
366425	435868
366387	435826
366337	435778
366337	435778
366320	435757
366290	435721
366260	435682
366227	435637
366211	435609
366203	435593
366186	435551
366185	435545
366183	435533
366181	435504
366178	435483
366178	435483
366162	435432
366149	435403
366141	435389
366134	435375
366127	435361
366120	435341
366117	435332
366113	435318
366107	435275
366103	435258
366098	435234
366092	435210
366085	435187
366078	435167
366070	435144
366062	435126
366049	435099
366037	435080
366024	435063
365992	435022
365974	435002
365970	435000
365969	435000
365962	434992
365950	434981
365943	434975
365937	434971
365918	434961
365905	434955
365891	434950
365880	434946
365870	434944
365855	434942
365839	434941
365800	434940
365789	434941
365759	434944
365745	434947
365735	434953
365729	434956
365716	434968
365699	434986
365684	435000
365684	435000
365591	435098
365587	435102
365571	435116
365548	435132
365536	435139
365520	435148
365503	435154
365486	435160
365469	435164
365456	435166
365446	435167
365420	435168
365396	435168
365355	435166
365333	435166
365303	435167
365278	435170
365269	435170
365261	435167
365201	435143
365184	435133
365177	435129
365171	435124
365164	435117
365152	435104
365125	435065
365116	435050
365096	435011
365087	435000
365086	435000
365067	434915
365060	434867
365054	434820
365054	434796
365054	434784
365055	434776
365059	434764
365066	434748
365076	434732
365086	434720
365099	434708
365123	434687
365144	434671
365222	434620
365232	434611
365237	434607
365245	434597
365251	434588
365255	434578
365260	434566
365263	434555
365265	434545
365266	434534
365266	434520
365265	434505
365264	434494
365261	434482
365256	434459
365251	434438
365246	434423
365239	434410
365233	434400
365224	434389
365215	434379
365208	434373
365191	434359
365185	434355
365172	434348
365163	434344
365143	434336
365123	434329
365110	434325
365100	434323
365091	434323
365073	434323
365052	434321
365052	434321
365022	434325
365000	434331
365000	434331
364919	434358
364834	434392
364709	434435
364672	434447
364653	434452
364629	434458
364586	434468
364558	434474
364529	434478
364452	434481
364396	434482
364380	434484
364354	434487
364318	434495
364299	434501
364280	434506
364245	434519
364045	434605
364012	434620
363980	434637
363980	434637
363921	434671
363862	434711
363787	434767
363750	434791
363739	434797
363722	434807
363683	434828
363664	434836
363655	434839
363644	434843
363632	434845
363610	434849
363597	434851
363580	434852
363563	434852
363549	434851
363532	434849
363522	434847
363509	434843
363495	434838
363481	434832
363446	434815
363419	434799
363407	434791
363395	434782
363378	434768
363356	434748
363339	434731
363312	434703
363300	434689
363288	434673
363269	434647
363254	434623
363243	434601
363232	434575
363224	434553
363220	434535
363217	434512
363216	434500
363214	434476
363214	434454
363214	434443
363215	434388
363215	434340
363214	434330
363212	434302
363208	434274
363199	434237
363173	434171
363130	434055
363077	433950
363066	433925
363055	433903
363049	433892
363028	433854
363009	433825
362998	433810
362987	433797
362976	433783
362964	433771
362942	433748
362935	433743
362926	433735
362916	433729
362903	433721
362892	433716
362881	433712
362867	433707
362855	433704
362844	433702
362830	433700
362814	433699
362802	433700
362782	433702
362764	433706
362764	433706
362721	433715
362696	433723
362670	433731
362651	433738
362633	433746
362610	433756
362590	433765
362562	433780
362537	433795
362510	433815
362501	433822
362487	433837
362479	433845
362469	433858
362433	433908
362388	433973
362328	434049
362316	434063
362308	434069
362301	434075
362292	434081
362285	434085
362277	434088
362268	434092
362261	434094
362253	434096
362241	434098
362225	434100
362212	434100
362200	434100
362185	434098
362177	434097
362156	434092
362156	434092
362126	434083
362114	434078
362089	434066
362073	434057
362062	434050
362030	434027
362015	434016
362002	434002
361995	433994
361983	433977
361980	433971
361977	433964
361974	433954
361972	433935
361972	433924
361973	433915
361974	433905
361980	433888
361985	433877
362018	433793
362027	433774
362032	433762
362036	433750
362041	433734
362045	433717
362049	433700
362056	433657
362090	433426
362101	433366
362117	433300
362130	433239
362165	433146
362248	432935
362255	432913
362257	432898
362259	432886
362259	432877
362259	432865
362258	432850
362253	432819
362252	432814
362249	432803
362245	432793
362244	432791
362244	432791
362239	432783
362234	432775
362226	432766
362217	432756
362207	432748
362198	432741
362188	432734
362177	432729
362169	432726
362162	432725
362153	432723
362109	432720
362080	432719
361946	432713
361862	432712
361841	432714
361831	432715
361802	432722
361782	432728
361772	432732
361762	432736
361741	432748
361732	432753
361715	432765
361715	432765
361713	432767
361702	432776
361695	432783
361672	432810
361657	432830
361631	432864
361621	432876
361586	432914
361567	432937
361548	432959
361526	432988
361501	433026
361482	433059
361467	433089
361422	433182
361388	433260
361364	433306
361348	433334
361303	433382
361247	433437
361230	433451
361218	433460
361205	433469
361191	433478
361172	433488
361151	433497
361129	433504
361118	433507
361104	433509
361089	433512
361078	433512
361062	433513
361041	433513
361022	433512
361004	433511
360987	433509
360969	433506
360943	433501
360916	433494
360875	433484
360875	433484
360859	433478
360847	433474
360824	433462
360813	433455
360799	433445
360785	433434
360774	433424
360766	433415
360758	433407
360744	433388
360734	433373
360700	433321
360692	433308
360670	433268
360603	433133
360539	432988
360479	432856
360470	432834
360460	432805
360457	432791
360454	432777
360451	432762
360449	432745
360449	432745
360448	432732
360445	432679
360444	432648
360445	432622
360446	432593
360449	432558
360453	432525
360462	432451
360470	432414
360473	432401
360479	432377
360491	432341
360528	432204
360580	432038
360610	431931
360611	431914
360611	431904
360610	431893
360609	431883
360606	431874
360603	431864
360600	431859
360594	431847
360594	431847
360576	431827
360553	431805
360529	431784
360514	431773
360486	431754
360402	431702
360308	431642
360260	431616
360244	431607
360208	431591
360165	431573
360137	431563
360109	431555
360082	431548
360045	431540
360000	431530
360000	431530
359983	431526
359971	431526
359879	431529
359830	431529
359811	431530
359775	431532
359768	431533
359760	431534
359695	431548
359663	431556
359642	431560
359605	431570
359576	431576
359551	431582
359541	431584
359522	431587
359485	431589
359444	431596
359391	431605
359356	431613
359337	431619
359318	431625
359262	431648
359233	431661
359186	431688
359158	431707
359140	431721
359100	431751
359052	431790
359035	431802
359002	431823
358983	431840
358961	431857
358955	431861
358947	431866
358939	431870
358926	431876
358902	431890
358887	431896
358867	431905
358841	431913
358824	431919
358797	431927
358746	431948
358736	431951
358694	431962
358643	431977
358635	431980
358618	431987
358565	432005
358539	432012
358514	432016
358498	432016
358485	432017
358481	432017
358477	432017
358467	432014
358459	432013
358459	432013
358434	432008
358412	432002
358389	431996
358376	431992
358357	431984
358330	431968
358324	431962
358311	431950
358305	431944
358278	431909
358257	431877
358251	431863
358244	431841
358241	431824
358239	431809
358237	431787
358237	431775
358244	431746
358248	431733
358253	431722
358263	431704
358272	431695
358283	431683
358306	431664
358321	431653
358327	431649
358333	431645
358359	431631
358367	431626
358384	431613
358400	431604
358419	431590
358455	431568
358503	431535
358550	431506
358560	431501
358598	431480
358622	431465
358640	431457
358685	431433
358705	431425
358715	431420
358726	431417
358735	431411
358742	431405
358750	431399
358767	431383
358793	431358
358819	431336
358847	431307
358859	431296
358875	431278
358944	431209
358958	431196
358984	431166
359026	431119
359045	431102
359070	431071
359076	431062
359082	431053
359098	431023
359105	431006
359113	430982
359116	430973
359125	430950
359128	430942
359133	430924
359140	430886
359140	430878
359141	430846
359140	430822
359127	430760
359121	430734
359118	430727
359115	430719
359095	430681
359086	430668
359077	430656
359061	430638
359037	430615
359026	430603
359000	430568
358983	430539
358960	430507
358943	430486
358936	430475
358893	430428
358866	430401
358835	430378
358816	430360
358797	430345
358761	430320
358722	430300
358700	430289
358671	430276
358646	430266
358613	430252
358592	430242
358529	430216
358484	430200
358464	430193
358437	430182
358412	430174
358393	430166
358381	430162
358369	430158
358339	430149
358313	430140
358274	430129
358210	430115
358171	430112
358134	430110
358065	430110
358024	430112
357985	430117
357963	430119
357915	430127
357864	430131
357847	430133
357826	430134
357791	430137
357774	430136
357742	430130
357727	430126
357721	430123
357714	430121
357693	430109
357683	430101
357666	430085
357659	430072
357656	430067
357655	430063
357654	430054
357653	430042
357652	430037
357652	430037
357653	430028
357653	430016
357650	430006
357647	430000
357647	430000
357644	429993
357641	429944
357644	429879
357654	429756
357656	429708
357655	429665
357655	429665
357653	429634
357651	429622
357647	429606
357643	429595
357639	429585
357633	429572
357627	429561
357618	429547
357611	429539
357605	429533
357593	429523
357573	429509
357554	429498
357538	429491
357530	429488
357521	429485
357511	429483
357497	429481
357485	429480
357474	429481
357466	429482
357451	429485
357413	429499
357396	429505
357336	429533
357280	429554
357234	429570
357180	429587
357143	429597
357124	429602
357106	429605
357088	429609
357079	429610
357063	429611
357030	429612
356991	429611
356960	429608
356940	429605
356902	429597
356885	429592
356868	429586
356859	429583
356843	429575
356827	429565
356819	429560
356812	429554
356800	429542
356787	429528
356753	429481
356733	429450
356722	429431
356702	429391
356677	429348
356674	429339
356670	429324
356663	429291
356635	429159
356632	429132
356631	429112
356631	429087
356632	428987
356636	428931
356638	428893
356638	428857
356636	428820
356632	428797
356629	428782
356626	428767
356616	428736
356604	428701
356585	428654
356559	428579
356542	428543
356532	428523
356520	428502
356504	428475
356490	428452
356448	428405
356448	428405
356405	428355
356372	428320
356364	428314
356349	428302
356334	428291
356305	428272
356275	428255
356244	428240
356215	428230
356199	428224
356183	428220
356170	428217
356145	428213
356131	428212
356111	428211
356097	428211
356064	428211
356034	428214
356024	428215
356006	428219
355997	428222
355977	428229
355838	428291
355807	428303
355787	428312
355767	428322
355748	428333
355729	428344
355711	428356
355691	428369
355668	428386
355653	428398
355641	428409
355617	428431
355597	428452
355589	428461
355573	428480
355559	428498
355516	428556
355510	428564
355482	428609
355468	428628
355456	428644
355442	428660
355436	428667
355421	428680
355398	428699
355377	428714
355363	428722
355354	428726
355348	428728
355342	428730
355335	428731
355326	428731
355318	428730
355315	428729
355288	428715
355288	428715
355260	428697
355241	428683
355226	428670
355212	428658
355201	428646
355190	428635
355169	428610
355124	428550
355080	428497
355000	428405
355000	428405
354976	428385
354960	428368
354943	428352
354932	428345
354916	428335
354881	428318
354862	428309
354835	428300
354812	428294
354800	428291
354794	428290
354766	428287
354693	428285
354666	428286
354645	428289
354624	428293
354601	428301
354585	428307
354488	428361
354471	428372
354461	428380
354456	428384
354400	428437
354373	428466
354356	428483
354342	428501
354331	428513
354315	428535
354308	428543
354247	428590
354223	428607
354207	428616
354195	428620
354135	428632
354124	428633
354113	428634
354100	428634
354082	428632
354065	428628
354038	428621
354017	428612
354008	428609
353998	428609
353980	428611
353977	428611
353966	428608
353950	428601
353941	428599
353930	428597
353908	428593
353869	428590
353857	428589
353842	428585
353810	428570
353772	428549
353759	428541
353755	428540
353752	428539
353749	428539
353737	428542
353734	428542
353731	428541
353726	428538
353713	428528
353686	428515
353659	428499
353633	428482
353572	428440
353572	428440
353548	428421
353522	428403
353522	428403
353503	428397
353493	428388
353479	428372
353471	428362
353455	428338
353436	428306
353422	428286
353414	428276
353400	428262
353359	428227
353349	428220
353341	428215
353323	428205
353306	428199
353297	428197
353281	428194
353247	428195
353224	428194
353214	428195
353156	428214
353150	428215
353123	428217
353119	428218
353105	428222
353066	428236
353060	428238
353053	428243
353044	428249
353029	428262
353018	428271
353001	428287
352994	428293
352985	428297
352968	428303
352959	428307
352941	428317
352929	428326
352916	428339
352891	428369
352867	428400
352847	428421
352838	428436
352838	428436
352835	428449
352826	428476
352791	428606
352786	428622
352781	428647
352778	428673
352776	428697
352776	428732
352778	428772
352776	428793
352776	428794
352776	428794
352767	428824
352759	428867
352755	428893
352755	428914
352758	428936
352757	428964
352755	428990
352752	429004
352741	429021
352727	429048
352716	429070
352699	429091
352668	429119
352641	429142
352626	429152
352614	429154
352592	429155
352576	429157
352539	429174
352486	429200
352446	429225
352414	429243
352381	429256
352320	429275
352286	429282
352244	429282
352203	429279
352163	429279
352124	429285
352087	429298
352035	429316
351979	429324
351917	429331
351783	429339
351678	429337
351420	429329
351211	429321
350910	429306
350711	429289
350531	429281
350424	429282
350365	429278
350298	429262
350214	429237
350151	429218
4
0
368275	436480
368249	436464
368249	436464
368275	436480
4
0
368249	436464
368216	436448
368216	436448
368249	436464
