1
5373
0
424943	605851
424952	605904
424953	605923
424957	605948
424961	605970
424961	605970
424971	606000
424974	606019
424976	606033
424975	606047
424975	606061
424969	606094
424964	606123
424958	606138
424942	606165
424919	606192
424898	606208
424868	606225
424835	606242
424782	606252
424716	606262
424687	606262
424663	606259
424642	606250
424626	606241
424607	606224
424588	606203
424575	606185
424571	606170
424572	606138
424573	606122
424577	606069
424598	605966
424598	605966
424612	605889
424627	605804
424626	605784
424620	605762
424609	605741
424589	605719
424558	605694
424515	605662
424483	605646
424449	605634
424392	605627
424372	605626
424353	605629
424335	605636
424310	605655
424286	605673
424262	605685
424238	605697
424227	605710
424218	605725
424203	605757
424185	605813
424174	605849
424153	605889
424122	605932
424122	605932
424098	605965
424064	606007
424023	606038
423979	606064
423946	606075
423906	606085
423863	606092
423836	606094
423817	606092
423798	606084
423769	606073
423769	606073
423735	606073
423716	606078
423651	606111
423615	606140
423553	606183
423503	606210
423470	606219
423447	606225
423421	606228
423397	606227
423378	606223
423363	606216
423352	606204
423347	606191
423343	606172
423340	606141
423354	606077
423359	606054
423369	606010
423369	605997
423365	605983
423358	605967
423344	605951
423323	605930
423277	605885
423257	605867
423257	605867
423250	605859
423227	605832
423209	605803
423167	605741
423154	605714
423139	605669
423134	605645
423131	605615
423136	605575
423139	605551
423145	605530
423153	605511
423165	605497
423173	605493
423192	605487
423221	605482
423277	605478
423339	605476
423375	605470
423404	605461
423422	605448
423435	605430
423443	605410
423445	605392
423443	605379
423438	605370
423420	605352
423394	605328
423349	605291
423316	605264
423281	605232
423264	605214
423258	605200
423254	605181
423251	605146
423251	605105
423251	605089
423252	605078
423259	605068
423273	605056
423304	605041
423340	605028
423365	605017
423401	605004
423421	604998
423421	604998
423456	604988
423486	604982
423506	604980
423540	604977
423573	604979
423611	604982
423650	604981
423681	604976
423716	604964
423744	604950
423775	604924
423783	604910
423790	604889
423793	604869
423792	604830
423782	604765
423765	604720
423740	604675
423689	604603
423659	604566
423633	604533
423593	604499
423574	604484
423555	604471
423533	604462
423513	604456
423469	604441
423420	604438
423368	604436
423326	604432
423278	604433
423257	604436
423241	604444
423227	604456
423209	604475
423192	604499
423183	604514
423179	604531
423175	604549
423174	604570
423175	604614
423174	604624
423166	604636
423145	604657
423125	604670
423101	604678
423071	604683
423041	604683
423020	604680
423003	604676
422990	604672
422978	604665
422974	604656
422970	604641
422969	604627
422970	604608
422977	604583
422989	604544
423038	604471
423063	604436
423097	604381
423124	604329
423130	604302
423132	604276
423127	604254
423113	604208
423100	604190
423087	604179
423065	604175
423048	604173
423029	604177
423012	604182
422999	604193
422988	604213
422972	604249
422961	604271
422953	604281
422938	604291
422911	604307
422869	604328
422816	604350
422791	604358
422768	604359
422742	604357
422716	604351
422685	604340
422655	604327
422636	604315
422621	604302
422605	604281
422575	604221
422565	604198
422565	604198
422556	604184
422540	604151
422527	604121
422514	604097
422456	604023
422436	604001
422416	603974
422384	603941
422360	603918
422308	603870
422281	603850
422254	603833
422222	603817
422095	603775
422038	603751
421972	603729
421917	603708
421873	603678
421808	603636
421771	603615
421708	603585
421684	603571
421667	603555
421661	603542
421656	603528
421651	603495
421651	603472
421655	603437
421657	603411
421671	603349
421692	603291
421712	603238
421725	603211
421742	603189
421754	603169
421759	603149
421759	603136
421759	603122
421751	603098
421732	603065
421708	603034
421675	602978
421665	602954
421661	602929
421664	602897
421672	602858
421683	602807
421683	602807
421680	602798
421679	602790
421673	602779
421666	602769
421653	602761
421629	602751
421612	602747
421598	602745
421571	602749
421549	602751
421533	602751
421515	602748
421493	602745
421461	602737
421433	602730
421411	602721
421387	602708
421367	602698
421350	602696
421332	602697
421309	602704
421289	602714
421273	602725
421258	602743
421241	602766
421212	602818
421195	602861
421176	602900
421165	602915
421153	602925
421138	602941
421130	602954
421121	602987
421118	603013
421117	603033
421117	603053
421118	603073
421126	603145
421129	603191
421133	603207
421138	603228
421158	603309
421161	603330
421170	603371
421177	603417
421183	603481
421183	603496
421183	603524
421181	603546
421174	603564
421162	603581
421130	603606
421097	603629
421078	603639
421066	603643
421051	603647
421031	603651
421006	603653
420968	603657
420947	603659
420928	603662
420912	603665
420896	603675
420866	603700
420838	603715
420822	603719
420808	603719
420797	603717
420787	603713
420776	603703
420757	603687
420745	603674
420731	603660
420718	603643
420713	603630
420708	603609
420703	603583
420698	603556
420686	603525
420670	603499
420654	603483
420642	603468
420628	603446
420621	603423
420618	603400
420619	603387
420625	603366
420634	603353
420658	603337
420735	603292
420786	603260
420858	603229
420911	603202
420950	603182
420962	603170
420966	603157
420967	603145
420967	603134
420965	603123
420960	603112
420950	603098
420927	603080
420890	603063
420857	603053
420836	603046
420795	603036
420756	603027
420647	603006
420608	602999
420573	602994
420547	602986
420484	602967
420435	602954
420382	602934
420339	602909
420307	602894
420286	602880
420268	602865
420253	602844
420248	602829
420247	602814
420248	602792
420250	602774
420257	602757
420268	602741
420284	602723
420296	602713
420313	602703
420341	602689
420374	602680
420396	602671
420411	602662
420480	602607
420509	602584
420535	602566
420559	602548
420572	602532
420578	602517
420580	602501
420589	602435
420591	602412
420598	602383
420611	602341
420637	602280
420642	602256
420643	602228
420642	602189
420639	602167
420620	602112
420601	602082
420585	602057
420557	602004
420545	601983
420531	601969
420520	601961
420485	601948
420447	601942
420402	601938
420357	601936
420295	601936
420234	601943
420218	601945
420198	601951
420198	601951
420173	601955
420144	601957
420125	601957
420105	601953
420080	601956
420022	601954
420000	601953
420000	601953
419977	601953
419946	601954
419916	601956
419857	601952
419831	601942
419801	601928
419777	601911
419766	601901
419738	601873
419726	601854
419715	601833
419691	601790
419668	601739
419660	601714
419654	601690
419651	601662
419653	601643
419661	601624
419672	601603
419688	601553
419692	601531
419696	601476
419702	601451
419709	601429
419719	601410
419729	601393
419750	601366
419764	601354
419772	601349
419781	601344
419802	601334
419821	601334
419845	601336
419879	601334
419891	601332
419903	601329
419977	601306
419989	601298
420000	601297
420000	601297
420016	601292
420038	601271
420051	601245
420068	601217
420084	601186
420106	601148
420127	601114
420145	601081
420163	601056
420172	601044
420190	601021
420199	601011
420220	600994
420230	600987
420261	600970
420302	600945
420329	600922
420340	600908
420342	600903
420344	600898
420346	600886
420342	600872
420332	600855
420315	600842
420295	600825
420281	600815
420275	600810
420271	600805
420263	600793
420258	600780
420258	600780
420244	600764
420232	600749
420220	600739
420203	600731
420180	600725
420154	600720
420141	600719
420118	600719
420107	600720
420087	600723
420077	600726
420058	600734
420048	600738
420030	600748
420021	600752
420000	600760
420000	600760
420000	600760
419978	600770
419950	600792
419921	600820
419829	600893
419814	600901
419800	600909
419785	600916
419771	600921
419754	600927
419736	600928
419715	600923
419695	600908
419680	600883
419652	600820
419637	600795
419610	600735
419597	600709
419581	600684
419563	600658
419546	600642
419527	600623
419509	600609
419478	600599
419436	600584
419392	600572
419341	600561
419298	600551
419276	600546
419255	600542
419220	600538
419189	600533
419165	600536
419134	600554
419106	600562
419072	600569
419041	600572
419002	600568
418985	600564
418937	600554
418904	600547
418862	600532
418848	600527
418819	600511
418798	600505
418785	600499
418772	600492
418750	600479
418727	600461
418701	600435
418680	600415
418663	600395
418655	600385
418634	600364
418622	600352
418595	600330
418554	600312
418528	600300
418514	600293
418502	600286
418475	600270
418461	600261
418435	600238
418414	600216
418392	600192
418369	600159
418348	600133
418334	600106
418297	600047
418287	600026
418272	600000
418271	600000
418271	600000
418241	599951
418224	599928
418216	599918
418200	599901
418169	599871
418128	599851
418118	599848
418108	599846
418092	599847
418083	599848
418073	599847
418063	599846
418052	599845
418021	599837
418002	599829
417994	599824
417973	599812
417966	599808
417950	599801
417942	599799
417922	599796
417892	599793
417851	599795
417839	599798
417827	599801
417806	599808
417786	599817
417767	599827
417756	599831
417737	599837
417711	599843
417691	599851
417658	599873
417642	599880
417624	599882
417612	599881
417599	599880
417569	599872
417548	599865
417527	599855
417511	599844
417484	599821
417463	599804
417453	599796
417425	599780
417397	599767
417385	599765
417361	599761
417336	599759
417323	599758
417313	599760
417278	599768
417243	599778
417231	599782
417199	599795
417183	599803
417176	599808
417169	599814
417140	599842
417133	599846
417128	599850
417116	599854
417098	599855
417067	599855
417046	599857
417035	599858
417023	599857
417001	599855
416978	599848
416960	599841
416932	599831
416889	599810
416879	599807
416845	599793
416826	599789
416816	599789
416806	599788
416794	599791
416776	599800
416760	599809
416757	599812
416754	599815
416750	599823
416739	599853
416736	599861
416727	599875
416702	599897
416686	599908
416674	599914
416647	599933
416641	599939
416628	599953
416621	599961
416610	599977
416596	600000
416596	600000
416596	600000
416592	600005
416588	600028
416592	600056
416591	600065
416595	600086
416596	600109
416591	600158
416589	600193
416588	600220
416588	600235
416588	600249
416590	600264
416599	600330
416601	600343
416604	600362
416605	600371
416606	600402
416603	600425
416601	600433
416594	600451
416587	600462
416572	600473
416554	600487
416520	600497
416499	600498
416484	600498
416447	600501
416413	600495
416389	600488
416357	600473
416328	600456
416298	600430
416272	600403
416246	600372
416222	600349
416204	600326
416171	600275
416164	600253
416158	600233
416157	600207
416175	600158
416177	600145
416180	600118
416181	600104
416179	600080
416174	600056
416157	600025
416137	600000
416137	600000
416137	600000
416119	599981
416109	599969
416099	599957
416090	599946
416083	599934
416059	599891
416048	599875
416038	599862
416031	599855
416015	599839
415987	599811
415967	599786
415933	599749
415920	599731
415914	599722
415909	599713
415901	599695
415894	599675
415894	599658
415897	599640
415904	599618
415931	599554
415941	599532
415955	599511
415969	599474
415970	599462
415971	599441
415945	599327
415936	599305
415926	599288
415913	599273
415906	599267
415898	599262
415875	599259
415853	599261
415842	599263
415818	599268
415806	599271
415797	599274
415788	599278
415759	599297
415734	599311
415662	599342
415639	599354
415592	599372
415573	599380
415532	599405
415481	599439
415467	599449
415422	599472
415397	599483
415351	599496
415230	599541
415211	599550
415191	599557
415174	599565
415141	599585
415135	599590
415129	599596
415107	599620
415080	599655
415068	599664
415048	599678
415036	599698
415000	599713
415000	599713
414992	599716
414980	599721
414971	599723
414963	599724
414925	599727
414914	599727
414901	599724
414901	599724
414888	599717
414878	599707
414874	599702
414868	599694
414865	599687
414861	599677
414859	599665
414859	599659
414860	599651
414862	599641
414865	599634
414868	599628
414872	599622
414877	599614
414886	599603
414899	599589
414929	599562
414934	599557
414937	599551
414941	599545
414962	599480
414963	599475
414963	599467
414963	599463
414960	599453
414952	599432
414948	599424
414939	599412
414917	599390
414862	599350
414849	599339
414842	599330
414840	599326
414837	599315
414836	599301
414838	599270
414841	599249
414851	599206
414853	599195
414856	599173
414857	599158
414857	599138
414856	599124
414854	599111
414848	599089
414844	599078
414824	599031
414820	599020
414813	599005
414810	599000
414795	598983
414756	598943
414756	598943
414733	598917
414712	598894
414692	598861
414686	598848
414686	598848
414692	598822
414705	598793
414719	598766
414725	598746
414727	598726
414725	598702
414719	598671
414709	598656
414709	598656
414670	598608
414645	598588
414641	598583
414637	598578
414603	598529
414585	598516
414556	598502
414525	598491
414499	598492
414470	598501
414444	598508
414422	598516
414397	598528
414374	598543
414315	598596
414310	598600
414299	598605
414277	598613
414251	598617
414219	598619
414160	598626
414067	598645
414032	598652
413995	598655
413962	598653
413939	598647
413918	598639
413889	598611
413865	598584
413829	598547
413818	598536
413789	598503
413775	598472
413763	598447
413750	598427
413731	598404
413710	598385
413696	598376
413682	598368
413653	598353
413628	598338
413609	598327
413605	598324
413601	598321
413601	598321
413592	598323
413561	598327
413539	598336
413512	598358
413501	598372
413495	598391
413490	598411
413486	598434
413478	598466
413452	598520
413428	598561
413406	598591
413358	598646
413330	598680
413303	598718
413276	598745
413260	598756
413226	598770
413191	598784
413176	598788
413162	598791
413150	598791
413139	598787
413130	598781
413123	598772
413116	598761
413107	598735
413094	598657
413092	598640
413085	598613
413077	598593
413063	598571
413049	598557
413037	598546
413025	598538
413008	598528
412995	598521
412973	598513
412945	598506
412929	598502
412916	598498
412904	598496
412885	598494
412869	598492
412849	598491
412832	598491
412821	598493
412811	598497
412802	598505
412792	598512
412786	598515
412777	598518
412777	598518
412753	598523
412726	598526
412711	598528
412692	598532
412677	598538
412669	598546
412659	598574
412652	598631
412650	598663
412648	598702
412654	598717
412664	598725
412673	598741
412670	598744
412670	598744
412653	598752
412621	598766
412589	598778
412554	598791
412528	598801
412476	598831
412440	598851
412413	598862
412386	598871
412365	598876
412342	598880
412309	598884
412286	598884
412257	598883
412238	598880
412225	598876
412207	598868
412189	598859
412176	598851
412163	598839
412151	598827
412134	598809
412121	598790
412052	598695
412037	598668
412012	598627
411980	598581
411959	598545
411935	598513
411905	598480
411889	598464
411875	598450
411862	598437
411849	598422
411836	598400
411815	598359
411797	598333
411776	598308
411763	598293
411745	598276
411728	598266
411702	598255
411659	598244
411636	598240
411609	598241
411573	598248
411555	598257
411537	598274
411531	598287
411528	598304
411526	598320
411528	598335
411535	598362
411542	598383
411554	598410
411559	598422
411573	598440
411585	598453
411605	598464
411643	598489
411657	598499
411667	598510
411676	598522
411685	598543
411692	598574
411693	598587
411697	598599
411709	598614
411732	598647
411737	598663
411738	598675
411733	598700
411721	598743
411707	598777
411688	598806
411670	598826
411651	598854
411625	598877
411584	598898
411552	598909
411534	598911
411524	598910
411516	598905
411506	598894
411494	598875
411487	598850
411479	598818
411474	598792
411467	598768
411461	598753
411450	598731
411437	598700
411431	598687
411419	598676
411407	598671
411383	598668
411363	598669
411337	598676
411309	598686
411290	598700
411263	598720
411245	598739
411234	598760
411224	598784
411219	598805
411212	598854
411208	598880
411207	598896
411208	598910
411212	598937
411217	598956
411219	598976
411219	598992
411215	599003
411207	599015
411191	599023
411170	599029
411147	599030
411120	599029
411095	599029
411070	599033
411053	599039
411038	599050
411026	599053
411021	599052
411014	599049
411005	599040
410992	599022
410984	599008
410975	598992
410967	598969
410953	598914
410936	598866
410929	598842
410919	598809
410911	598791
410902	598774
410892	598760
410875	598743
410860	598735
410837	598720
410814	598703
410774	598681
410750	598670
410736	598666
410724	598668
410714	598671
410705	598677
410693	598688
410682	598701
410673	598718
410666	598739
410653	598803
410651	598835
410645	598863
410637	598886
410625	598911
410606	598961
410589	598982
410547	599025
410514	599064
410461	599127
410449	599144
410429	599182
410401	599221
410378	599252
410363	599267
410348	599276
410332	599285
410284	599299
410237	599316
410192	599336
410175	599346
410162	599356
410143	599378
410130	599398
410107	599437
410079	599482
410052	599505
410035	599514
410025	599517
410012	599518
409999	599515
409999	599515
409981	599514
409970	599511
409951	599503
409929	599490
409887	599469
409864	599464
409839	599460
409815	599458
409781	599457
409748	599461
409709	599473
409690	599481
409658	599502
409631	599521
409600	599540
409538	599583
409476	599624
409458	599638
409445	599652
409429	599671
409416	599681
409387	599703
409354	599730
409329	599750
409313	599762
409276	599787
409259	599797
409234	599810
409202	599827
409193	599833
409183	599842
409171	599855
409157	599872
409150	599883
409141	599892
409130	599900
409115	599909
409102	599921
409089	599938
409079	599955
409062	599995
409054	600019
409046	600039
409039	600051
409039	600051
408999	600114
408965	600162
408955	600175
408931	600202
408923	600209
408916	600212
408906	600216
408844	600269
408824	600281
408804	600297
408794	600307
408786	600318
408782	600325
408777	600337
408770	600350
408760	600371
408753	600381
408745	600390
408738	600396
408717	600419
408714	600422
408711	600428
408707	600435
408706	600439
408707	600445
408707	600445
408703	600467
408700	600486
408696	600504
408678	600535
408654	600554
408618	600574
408582	600595
408535	600616
408511	600625
408489	600632
408466	600639
408427	600645
408399	600656
408381	600665
408369	600673
408359	600680
408348	600689
408340	600695
408334	600702
408310	600743
408288	600772
408274	600789
408250	600803
408234	600807
408197	600809
408181	600806
408145	600799
408114	600793
408074	600786
408045	600783
408016	600780
407961	600777
407894	600776
407874	600775
407856	600774
407844	600770
407831	600766
407811	600758
407797	600752
407784	600746
407765	600738
407726	600723
407681	600719
407631	600720
407604	600722
407588	600725
407578	600728
407567	600733
407557	600738
407545	600747
407529	600760
407465	600815
407435	600840
407412	600859
407397	600872
407387	600886
407369	600911
407352	600929
407334	600945
407312	600963
407279	600982
407255	600999
407229	601021
407213	601036
407195	601058
407177	601086
407158	601119
407138	601149
407117	601169
407112	601177
407105	601194
407098	601208
407086	601229
407064	601256
407046	601278
407026	601299
407006	601320
406994	601338
406988	601355
406983	601370
406983	601384
406985	601398
406991	601409
407000	601421
407008	601431
407008	601431
407016	601441
407044	601478
407072	601519
407076	601533
407080	601544
407083	601551
407084	601558
407086	601568
407086	601574
407084	601583
407082	601586
407070	601601
407035	601633
407023	601642
407014	601645
407007	601647
406999	601648
406990	601649
406983	601649
406968	601647
406968	601647
406949	601640
406936	601634
406921	601620
406909	601608
406895	601599
406872	601589
406859	601586
406847	601582
406831	601577
406805	601573
406791	601570
406780	601565
406762	601559
406747	601556
406733	601558
406718	601564
406684	601589
406662	601611
406638	601637
406610	601669
406576	601697
406531	601735
406510	601751
406492	601758
406476	601760
406465	601759
406451	601754
406429	601741
406409	601729
406396	601725
406372	601723
406351	601723
406330	601725
406310	601729
406276	601746
406241	601764
406217	601769
406196	601771
406176	601770
406156	601769
406140	601765
406121	601757
406108	601749
406093	601738
406074	601722
406042	601695
405998	601663
405961	601634
405929	601614
405897	601597
405852	601569
405829	601554
405819	601550
405809	601547
405798	601547
405767	601547
405744	601545
405711	601543
405678	601538
405592	601530
405546	601526
405517	601527
405484	601534
405456	601538
405429	601542
405403	601544
405386	601544
405362	601541
405350	601536
405338	601532
405323	601528
405274	601522
405202	601515
405165	601514
405131	601512
405114	601509
405097	601504
405081	601496
405065	601486
405043	601468
405032	601460
405019	601457
404999	601451
404999	601451
404978	601451
404955	601449
404935	601445
404882	601435
404844	601431
404819	601432
404764	601438
404731	601443
404713	601450
404691	601462
404673	601471
404658	601473
404647	601473
404632	601467
404620	601459
404613	601451
404609	601441
404607	601433
404606	601423
404606	601410
404608	601388
404610	601346
404608	601313
404607	601286
404608	601269
404612	601238
404614	601217
404613	601198
404607	601162
404606	601148
404605	601133
404603	601121
404601	601113
404596	601098
404595	601088
404595	601088
404591	601083
404572	601066
404556	601055
404524	601036
404521	601034
404515	601033
404511	601033
404492	601035
404472	601045
404457	601050
404421	601076
404385	601110
404343	601147
404333	601161
404326	601168
404316	601176
404300	601191
404242	601248
404242	601248
404233	601255
404224	601262
404217	601271
404210	601280
404205	601286
404201	601294
404195	601306
404138	601380
404134	601389
404129	601395
404125	601401
404117	601409
404111	601416
404107	601421
404097	601429
404089	601436
404076	601445
404062	601450
404053	601453
404037	601455
404019	601459
404011	601460
403991	601460
403982	601462
403954	601474
403923	601490
403912	601497
403895	601510
403887	601514
403887	601514
403871	601524
403841	601547
403815	601569
403801	601579
403793	601582
403786	601584
403780	601585
403773	601584
403767	601581
403763	601576
403759	601569
403752	601550
403743	601522
403735	601496
403729	601481
403707	601446
403696	601437
403687	601431
403673	601423
403655	601416
403642	601411
403628	601409
403608	601408
403587	601411
403581	601412
403576	601416
403568	601421
403559	601427
403544	601435
403525	601443
403500	601453
403488	601460
403470	601473
403455	601485
403445	601497
403423	601525
403407	601547
403398	601557
403390	601563
403378	601568
403361	601579
403348	601590
403338	601602
403332	601611
403329	601620
403325	601629
403325	601629
403324	601631
403292	601670
403260	601708
403244	601723
403226	601739
403219	601742
403213	601743
403204	601744
403199	601742
403199	601742
403191	601738
403176	601734
403159	601731
403139	601730
403117	601730
403088	601730
403060	601727
403035	601725
403012	601722
402995	601719
402985	601717
402970	601711
402955	601706
402945	601704
402931	601703
402916	601704
402904	601707
402886	601715
402869	601726
402853	601742
402847	601752
402842	601765
402841	601777
402844	601801
402847	601814
402852	601840
402858	601887
402855	601915
402849	601944
402836	601970
402821	601990
402803	602005
402777	602022
402724	602048
402668	602069
402618	602086
402590	602093
402575	602093
402557	602091
402543	602086
402508	602070
402490	602060
402476	602051
402455	602033
402431	602017
402418	602013
402394	602009
402379	602009
402357	602012
402324	602025
402268	602059
402219	602095
402200	602111
402152	602143
402109	602171
402088	602181
402058	602187
402039	602188
402024	602186
402007	602178
401986	602162
401935	602133
401914	602124
401896	602120
401872	602121
401848	602127
401832	602137
401818	602146
401804	602163
401794	602183
401783	602205
401769	602235
401751	602261
401738	602271
401738	602271
401719	602278
401684	602294
401646	602309
401616	602317
401595	602321
401584	602322
401578	602321
401573	602318
401565	602309
401553	602299
401540	602287
401534	602276
401534	602259
401537	602250
401545	602240
401567	602227
401591	602212
401591	602212
401592	602196
401595	602187
401595	602177
401594	602168
401591	602159
401585	602147
401575	602135
401548	602115
401486	602076
401432	602051
401363	602022
401266	601987
401195	601967
401105	601940
401049	601929
401036	601931
401035	601934
401035	601934
401037	601945
401037	601977
401034	601989
401029	602002
401022	602014
401009	602028
400994	602037
400974	602048
400949	602060
400924	602071
400906	602085
400895	602096
400893	602105
400892	602113
400894	602122
400895	602137
400895	602163
400891	602181
400883	602206
400876	602212
400866	602221
400844	602221
400832	602225
400818	602222
400805	602216
400792	602206
400785	602200
400778	602191
400773	602182
400771	602169
400769	602125
400764	602086
400755	602058
400747	602043
400737	602029
400707	601989
400673	601942
400639	601891
400621	601863
400590	601827
400564	601802
400541	601782
400502	601751
400471	601728
400450	601714
400429	601703
400410	601693
400372	601671
400355	601659
400338	601643
400317	601625
400278	601591
400245	601563
400245	601563
400244	601555
400245	601547
400251	601534
400268	601520
400287	601505
400312	601478
400322	601461
400332	601435
400335	601416
400334	601399
400331	601389
400324	601372
400310	601350
400292	601332
400271	601318
400255	601311
400237	601305
400214	601299
400187	601296
400166	601294
400166	601294
400132	601299
400072	601300
400023	601297
400001	601293
399983	601286
399969	601286
399932	601290
399917	601289
399886	601272
399886	601272
399861	601257
399840	601232
399803	601180
399766	601136
399727	601108
399679	601069
399637	601047
399560	601013
399516	600999
399502	600988
399485	600964
399482	600944
399476	600920
399458	600892
399436	600869
399412	600836
399403	600817
399390	600798
399378	600779
399355	600773
399347	600765
399347	600765
399351	600755
399362	600721
399360	600687
399352	600646
399353	600617
399356	600607
399359	600597
399364	600589
399370	600582
399377	600576
399380	600567
399377	600550
399365	600532
399365	600532
399347	600509
399332	600491
399307	600473
399283	600462
399261	600454
399254	600452
399226	600443
399193	600434
399180	600433
399169	600434
399144	600441
399113	600448
399084	600454
399078	600455
399070	600454
399056	600452
399038	600446
399023	600441
399016	600438
399008	600432
398995	600421
398982	600407
398977	600401
398972	600393
398961	600376
398950	600360
398925	600308
398873	600261
398873	600261
398847	600255
398816	600246
398759	600238
398688	600221
398650	600207
398611	600180
398594	600158
398592	600137
398592	600137
398596	600092
398591	600034
398583	599976
398564	599945
398540	599918
398503	599906
398465	599902
398404	599912
398367	599944
398367	599944
398350	599995
398319	600053
398272	600112
398207	600161
398183	600181
398145	600206
398108	600217
398059	600224
398008	600219
397971	600209
397942	600202
397898	600180
397898	600180
397877	600167
397866	600160
397845	600145
397824	600129
397799	600107
397725	600046
397704	600025
397675	600000
397638	599968
397624	599952
397618	599945
397604	599924
397604	599924
397592	599901
397576	599886
397561	599888
397551	599896
397526	599926
397498	599976
397491	599995
397489	600005
397489	600014
397493	600027
397492	600036
397486	600050
397486	600050
397468	600078
397446	600111
397432	600128
397414	600143
397395	600153
397381	600155
397355	600156
397332	600154
397312	600150
397295	600147
397270	600149
397226	600144
397209	600142
397194	600138
397180	600131
397170	600121
397166	600111
397162	600095
397155	600064
397150	600042
397146	600033
397140	600022
397132	600013
397124	600006
397105	599996
397079	599981
397060	599974
397060	599974
397047	599977
397039	599981
397019	599998
396997	600019
396976	600044
396959	600066
396943	600083
396929	600096
396927	600100
396926	600109
396924	600118
396921	600133
396917	600147
396915	600164
396915	600182
396915	600197
396916	600207
396909	600265
396905	600314
396905	600314
396907	600390
396915	600468
396929	600522
396950	600580
396980	600684
396980	600684
396980	600713
396982	600751
396982	600757
396982	600757
396965	600773
396945	600793
396911	600836
396891	600853
396856	600869
396845	600878
396835	600899
396829	600916
396826	600965
396828	601009
396839	601029
396853	601044
396894	601069
396919	601086
396919	601086
396922	601090
396943	601111
396958	601137
396968	601162
396974	601181
396977	601201
396982	601236
396984	601264
396984	601280
396981	601293
396972	601319
396954	601361
396934	601404
396921	601431
396902	601460
396881	601497
396881	601497
396846	601536
396826	601561
396793	601605
396750	601655
396717	601693
396717	601693
396705	601707
396695	601719
396686	601731
396668	601757
396632	601802
396627	601808
396619	601814
396610	601821
396601	601827
396592	601831
396585	601834
396573	601837
396553	601840
396533	601860
396515	601880
396509	601887
396504	601895
396499	601904
396494	601916
396484	601952
396469	602010
396457	602029
396413	602079
396397	602101
396376	602125
396367	602133
396329	602159
396274	602195
396252	602205
396226	602218
396197	602234
396142	602259
396115	602269
396085	602283
396064	602301
396021	602338
395977	602372
395958	602391
395945	602420
395929	602443
395929	602443
395923	602476
395922	602493
395924	602509
395932	602541
395939	602561
395948	602579
395962	602599
395982	602636
395993	602663
395993	602663
396002	602689
396007	602708
396009	602720
396007	602733
396002	602752
395996	602765
395987	602776
395977	602783
395959	602790
395929	602797
395890	602805
395868	602809
395842	602815
395815	602828
395802	602836
395786	602854
395775	602871
395756	602900
395747	602928
395737	602958
395732	602996
395731	603015
395732	603035
395742	603078
395748	603121
395749	603134
395754	603152
395754	603152
395744	603220
395739	603233
395720	603260
395718	603292
395722	603329
395735	603371
395733	603408
395721	603436
395710	603449
395692	603468
395672	603495
395658	603515
395646	603540
395622	603575
395607	603597
395589	603623
395560	603669
395523	603721
395498	603763
395475	603803
395475	603803
395468	603812
395462	603820
395438	603882
395418	603943
395409	603993
395405	604019
395401	604031
395394	604039
395378	604053
395371	604059
395364	604071
395358	604082
395352	604087
395344	604089
395335	604089
395300	604089
395260	604087
395206	604088
395166	604090
395112	604097
395074	604103
395033	604108
394999	604113
394999	604113
394942	604124
394906	604133
394859	604145
394826	604156
394785	604170
394707	604202
394637	604233
394570	604260
394444	604309
394385	604332
394338	604347
394311	604357
394288	604369
394268	604383
394233	604412
394208	604429
394159	604460
394106	604500
394079	604521
394069	604527
394005	604551
393913	604594
393890	604606
393839	604640
393774	604686
393727	604718
393705	604732
393663	604755
393620	604775
393574	604799
393527	604826
393478	604862
393458	604876
393443	604889
393397	604944
393374	604969
393346	604993
393334	605007
393321	605018
393292	605036
393274	605042
393253	605047
393233	605049
393190	605053
393173	605053
393148	605052
393109	605046
393075	605038
393044	605029
393030	605028
393010	605029
392994	605030
392988	605029
392983	605026
392978	605019
392967	605005
392963	604995
392961	604981
392961	604972
392966	604950
392977	604897
392977	604877
392975	604866
392968	604855
392960	604849
392945	604844
392927	604838
392912	604836
392897	604839
392880	604847
392866	604859
392852	604882
392839	604907
392818	604965
392804	605000
392804	605000
392794	605032
392783	605080
392778	605101
392772	605118
392759	605155
392745	605191
392737	605209
392718	605245
392703	605273
392695	605283
392679	605309
392664	605330
392654	605342
392643	605359
392635	605375
392628	605393
392622	605409
392615	605443
392610	605463
392602	605479
392587	605502
392578	605513
392565	605525
392552	605534
392541	605540
392517	605551
392494	605559
392475	605567
392475	605567
392446	605573
392345	605605
392304	605621
392264	605634
392218	605644
392218	605644
392203	605643
392176	605642
392158	605644
392137	605647
392118	605652
392102	605658
392089	605666
392077	605674
392063	605686
392053	605695
392033	605710
392013	605722
392002	605731
391994	605739
391984	605751
391975	605764
391973	605770
391973	605775
391973	605786
391973	605795
391974	605805
391974	605815
391973	605824
391970	605851
391966	605867
391963	605892
391959	605936
391958	605949
391956	605956
391945	605975
391934	605992
391926	606002
391915	606009
391898	606018
391891	606020
391891	606020
391889	606026
391886	606032
391881	606040
391874	606047
391869	606050
391863	606054
391855	606057
391847	606059
391810	606072
391716	606110
391681	606129
391656	606147
391643	606168
391642	606176
391641	606199
391639	606203
391639	606203
391636	606207
391633	606211
391625	606219
391620	606225
391617	606233
391616	606239
391615	606245
391612	606255
391612	606255
391583	606262
391554	606267
391506	606270
391450	606266
391405	606258
391371	606250
391354	606244
391340	606234
391324	606219
391306	606207
391290	606200
391271	606195
391239	606190
391209	606188
391181	606190
391154	606195
391133	606202
391071	606211
391021	606215
390991	606214
390933	606212
390908	606210
390878	606207
390837	606204
390809	606206
390779	606210
390748	606219
390715	606233
390680	606252
390650	606269
390624	606285
390593	606304
390570	606315
390553	606317
390532	606316
390495	606310
390450	606294
390417	606282
390393	606266
390358	606238
390331	606211
390302	606186
390268	606160
390268	606160
390256	606152
390227	606143
390199	606138
390176	606137
390150	606139
390125	606144
390097	606158
390063	606175
390025	606192
390006	606198
389988	606204
389967	606209
389951	606212
389940	606212
389925	606210
389913	606204
389873	606175
389823	606140
389778	606107
389748	606092
389723	606081
389708	606072
389696	606062
389686	606050
389677	606037
389672	606020
389668	606006
389666	605984
389669	605960
389670	605946
389670	605931
389667	605921
389663	605913
389656	605910
389648	605912
389606	605937
389573	605965
389553	605990
389521	606034
389486	606085
389471	606109
389443	606151
389434	606169
389424	606182
389414	606189
389395	606196
389362	606199
389292	606185
389253	606180
389253	606180
389241	606176
389221	606164
389216	606158
389214	606153
389212	606144
389212	606134
389212	606129
389197	606132
389185	606132
389174	606129
389159	606124
389137	606120
389122	606119
389092	606117
389008	606117
388960	606119
388902	606120
388889	606120
388881	606119
388870	606115
388849	606105
388823	606092
388795	606074
388783	606065
388778	606060
388778	606060
388768	606054
388767	606053
388766	606051
388767	606043
388768	606023
388769	606011
388769	605992
388771	605968
388771	605943
388771	605893
388773	605864
388775	605844
388780	605824
388780	605824
388780	605822
388780	605817
388778	605811
388773	605803
388762	605794
388746	605780
388726	605768
388698	605752
388698	605752
388672	605738
388657	605728
388646	605720
388635	605708
388629	605700
388581	605657
388566	605643
388556	605631
388533	605603
388516	605582
388516	605582
388450	605503
388410	605441
388371	605372
388342	605330
388330	605322
388319	605319
388304	605316
388269	605316
388218	605316
388185	605314
388161	605313
388119	605311
388097	605308
388065	605300
388033	605295
387989	605282
387958	605272
387926	605263
387889	605257
387861	605253
387806	605247
387744	605241
387713	605237
387692	605234
387657	605225
387593	605203
387499	605185
387445	605174
387406	605170
387318	605167
387275	605162
387226	605155
387109	605138
387026	605129
386965	605123
386911	605115
386851	605104
386793	605091
386713	605078
386621	605059
386577	605052
386514	605047
386423	605043
386299	605036
386226	605034
386170	605036
386113	605038
386061	605041
386006	605048
385952	605059
385929	605064
385885	605071
385849	605077
385819	605080
385781	605079
385708	605076
385612	605073
385544	605071
385474	605067
385414	605061
385363	605054
385313	605043
385270	605033
385231	605022
385190	605009
385154	604995
385115	604973
385093	604959
385056	604933
385004	604893
384987	604879
384966	604860
384945	604839
384916	604810
384882	604777
384838	604724
384820	604701
384771	604645
384723	604592
384687	604555
384661	604533
384602	604488
384449	604391
384410	604366
384357	604338
384263	604312
384263	604312
384250	604311
384152	604293
384003	604266
383923	604249
383890	604241
383740	604215
383622	604189
383564	604177
383564	604177
383518	604171
383475	604171
383406	604171
383351	604172
383304	604174
383112	604195
383047	604201
382911	604216
382869	604221
382829	604226
382690	604234
382547	604246
382473	604254
382387	604267
382332	604274
382285	604283
382246	604293
382227	604299
382211	604307
382188	604321
382173	604330
382118	604378
382056	604453
381986	604536
381913	604627
381879	604665
381866	604703
381851	604757
381851	604757
381844	604807
381836	604866
381819	604942
381805	604992
381810	605000
381810	605000
381810	605000
381808	605077
381803	605123
381786	605302
381780	605349
381774	605401
381769	605443
381755	605586
381752	605611
381747	605625
381716	605669
381695	605695
381601	605816
381553	605882
381497	605956
381452	606014
381403	606075
381402	606080
381401	606105
381401	606105
381372	606136
381359	606151
381342	606170
381329	606184
381311	606205
381289	606230
381247	606277
381219	606308
381215	606314
381215	606314
381209	606320
381178	606360
381151	606395
381134	606414
381120	606429
381109	606439
381098	606449
381089	606461
381084	606471
381080	606481
381076	606492
381069	606507
381062	606518
381055	606529
381029	606561
381021	606571
381001	606595
380959	606646
380951	606657
380939	606671
380918	606693
380889	606731
380881	606744
380870	606755
380849	606780
380818	606813
380807	606827
380786	606854
380771	606873
380750	606897
380729	606920
380706	606947
380665	606997
380649	607018
380638	607031
380638	607031
380600	607056
380589	607061
380582	607069
380555	607107
380526	607143
380457	607219
380400	607285
380383	607303
380366	607322
380343	607343
380325	607357
380285	607382
380227	607414
380193	607434
380139	607465
380101	607486
380101	607486
380082	607496
380048	607514
380000	607543
380000	607543
379971	607566
379934	607588
379892	607608
379868	607623
379832	607643
379796	607660
379773	607678
379754	607691
379727	607710
379702	607734
379694	607745
379685	607756
379673	607779
379666	607790
379650	607813
379642	607824
379624	607842
379624	607861
379621	607865
379604	607884
379589	607903
379576	607917
379559	607952
379548	607976
379533	607996
379517	608010
379499	608028
379455	608065
379412	608103
379350	608153
379265	608225
379247	608248
379230	608263
379212	608261
379190	608256
379190	608256
379171	608257
379147	608262
379126	608261
379104	608249
379093	608251
379084	608249
379070	608241
379051	608231
379051	608227
379031	608238
379011	608246
378995	608256
378982	608261
378970	608249
378953	608243
378908	608233
378878	608228
378864	608226
378845	608227
378826	608226
378809	608217
378792	608217
378778	608211
378763	608208
378729	608197
378707	608194
378707	608194
378699	608196
378690	608203
378675	608222
378670	608228
378655	608240
378645	608253
378645	608267
378648	608279
378636	608300
378637	608313
378633	608332
378620	608350
378613	608367
378602	608372
378592	608383
378569	608392
378554	608407
378528	608413
378515	608423
378503	608439
378487	608440
378476	608454
378469	608462
378461	608470
378439	608492
378405	608518
378388	608532
378372	608546
378338	608579
378317	608606
378309	608630
378287	608685
378279	608697
378271	608708
378252	608731
378252	608731
378156	608840
378183	608858
378208	608876
378246	608907
378304	608947
378348	608974
378367	608989
378421	609037
378438	609049
378455	609061
378585	609142
378647	609186
378686	609215
378727	609246
378742	609266
378747	609278
378751	609291
378757	609321
378765	609352
378777	609376
378788	609387
378800	609398
378832	609424
378863	609444
378893	609468
378929	609495
378967	609534
378998	609564
379032	609601
379042	609612
379053	609618
379079	609631
379093	609638
379125	609647
379152	609659
379153	609661
379163	609679
379172	609708
379187	609745
379155	609740
379126	609759
379103	609772
379072	609798
379028	609826
379001	609847
378948	609897
378920	609920
378896	609942
378889	609960
378888	609969
378887	609978
378886	610000
378886	610000
378886	610000
378884	610025
378882	610077
378883	610113
378883	610153
378881	610210
378883	610228
378872	610242
378847	610255
378832	610265
378824	610275
378822	610294
378821	610332
378821	610351
378822	610370
378826	610423
378832	610451
378840	610476
378852	610511
378864	610539
378871	610562
378875	610584
378873	610622
378874	610647
378874	610659
378879	610685
378880	610723
378880	610749
378879	610762
378875	610790
378873	610806
378870	610821
378867	610836
378858	610864
378847	610890
378842	610915
378839	610941
378842	610977
378845	611007
378839	611017
378825	611033
378673	611209
378655	611228
378636	611253
378623	611261
378577	611287
378554	611298
378523	611338
378477	611387
378452	611417
378426	611452
378350	611549
378343	611562
378324	611594
378305	611634
378300	611647
378285	611685
378252	611761
378265	611775
378265	611775
378284	611795
378310	611815
378363	611875
378377	611883
378425	611878
378445	611882
378486	611924
378499	611936
378527	611957
378547	611974
378555	611977
378586	611977
378616	611972
378673	611965
378693	611964
378714	611968
378724	611977
378743	611994
378775	612026
378792	612045
378803	612049
378835	612055
378874	612060
378909	612063
378943	612068
378961	612082
378976	612104
378987	612124
378993	612145
379001	612178
379002	612217
379006	612253
379008	612269
379011	612315
378984	612382
378941	612495
378887	612635
378846	612748
378961	612809
379034	612907
379054	612937
379080	612930
379158	612910
379165	612891
379178	612870
379222	612820
379233	612808
379260	612781
379287	612758
379317	612739
379344	612727
379371	612719
379440	612711
379502	612706
379532	612699
379593	612681
379655	612678
379683	612680
379707	612686
379730	612698
379745	612708
379760	612718
379792	612742
379804	612726
379810	612718
379855	612671
379867	612670
379906	612659
379942	612655
380000	612644
380000	612644
380009	612643
380021	612644
380065	612648
380092	612644
380164	612624
380184	612617
380203	612610
380263	612584
380271	612659
380288	612793
380309	612925
380346	612932
380398	612939
380413	612944
380443	612953
380458	612959
380477	612970
380518	613006
380530	613012
380599	613047
380630	613058
380681	613078
380699	613093
380724	613116
380748	613148
380812	613218
380835	613242
380858	613255
380885	613270
380937	613299
380958	613317
380974	613334
380992	613345
381019	613339
381045	613340
381071	613349
381144	613385
381178	613406
381203	613416
381277	613441
381341	613457
381348	613466
381363	613484
381377	613502
381383	613511
381388	613522
381392	613534
381394	613549
381397	613566
381409	613655
381418	613701
381445	613773
381465	613813
381482	613850
381500	613884
381478	613999
381456	614100
381536	614132
381635	614169
381755	614215
382015	614319
382107	614354
382132	614367
382154	614390
382173	614421
382201	614481
382232	614541
382250	614573
382264	614592
382285	614614
382328	614648
382339	614659
382350	614669
382369	614691
382459	614735
382506	614756
382527	614753
382672	614726
382725	614718
382763	614709
382793	614779
382855	614921
382873	614966
382890	615000
382890	615000
382890	615000
382901	615021
382920	615048
382970	615110
383016	615125
383076	615143
383106	615153
383119	615155
383132	615151
383150	615143
383211	615105
383254	615077
383309	615044
383327	615034
383344	615025
383361	615017
383372	615014
383382	615010
383428	615000
383429	615000
383438	614997
383502	614993
383502	615000
383501	615082
383522	615105
383552	615141
383552	615152
383557	615199
383561	615227
383569	615252
383573	615274
383574	615327
383573	615349
383575	615369
383583	615400
383596	615447
383607	615480
383630	615469
383640	615463
383650	615455
383675	615430
383689	615420
383704	615411
383734	615396
383763	615393
383808	615401
383823	615403
383853	615403
383886	615399
383900	615396
383939	615387
383963	615380
383978	615380
383993	615377
384008	615373
384040	615363
384078	615360
384114	615363
384157	615374
384187	615378
384266	615378
384306	615380
384325	615380
384343	615380
384380	615377
384452	615375
384480	615378
384527	615378
384585	615380
384660	615387
384697	615388
384729	615391
384750	615388
384775	615376
384810	615368
384839	615360
384857	615354
384874	615348
384906	615331
384941	615316
385000	615299
385000	615299
385029	615290
385064	615276
385102	615263
385117	615257
385123	615255
385136	615242
385153	615217
385173	615189
385188	615166
385204	615146
385211	615140
385219	615133
385235	615124
385266	615096
385283	615078
385301	615062
385311	615055
385332	615042
385359	615025
385393	615002
385399	615000
385399	615000
385399	615000
385461	614972
385473	615000
385473	615000
385473	615000
385488	615047
385521	615148
385546	615210
385571	615205
385615	615190
385638	615185
385657	615185
385741	615215
385826	615243
385883	615262
385910	615271
385964	615293
385974	615346
385981	615393
386031	615434
386069	615467
386105	615494
386128	615507
386162	615521
386202	615541
386353	615614
386395	615635
386430	615657
386534	615709
386588	615732
386697	615787
386751	615813
386933	615907
387009	615942
387088	615980
387096	615993
387103	616015
387112	616029
387130	616036
387151	616051
387174	616061
387186	616072
387204	616095
387213	616108
387237	616147
387265	616203
387282	616234
387292	616256
387324	616316
387335	616330
387353	616344
387374	616357
387402	616378
387440	616411
387460	616424
387520	616462
387550	616490
387587	616535
387627	616580
387640	616595
387673	616638
387694	616665
387724	616706
387762	616751
387771	616763
387780	616776
387812	616837
387817	616853
387833	616909
387843	616956
387859	617004
387871	617055
387867	617160
387868	617203
387865	617239
387861	617279
387857	617343
387861	617357
387866	617368
387872	617379
387885	617400
387896	617426
387902	617464
387913	617529
387921	617584
387938	617649
387951	617673
387980	617707
388012	617752
388058	617808
388079	617844
388093	617874
388102	617898
388109	617913
388116	617928
388138	617971
388145	617987
388154	618008
388177	618060
388182	618081
388175	618110
388164	618154
388153	618202
388148	618239
388144	618281
388126	618391
388107	618523
388098	618567
388100	618593
388107	618607
388172	618668
388187	618691
388206	618712
388238	618742
388297	618803
388330	618828
388360	618854
388391	618882
388413	618908
388438	618931
388464	618939
388489	618944
388506	618954
388540	618962
388556	618970
388596	618992
388625	619005
388658	619015
388728	619039
388798	619062
388890	619087
388955	619106
389009	619132
389040	619141
389069	619154
389086	619160
389108	619166
389157	619183
389187	619192
389233	619206
389279	619219
389292	619223
389304	619227
389327	619237
389396	619256
389429	619267
389467	619276
389512	619291
389569	619305
389634	619406
389634	619406
389608	619426
389596	619438
389581	619448
389535	619465
389503	619471
389478	619478
389446	619482
389410	619526
389384	619549
389354	619579
389313	619628
389277	619663
389255	619688
389183	619765
389146	619810
389131	619824
389116	619840
389105	619843
389088	619843
389067	619847
389029	619850
388968	619856
388926	619862
388889	619866
388859	619873
388838	619879
388762	619900
388609	619937
388486	619963
388457	619965
388431	619965
388409	619969
388355	619978
388313	619986
388291	619991
388261	620000
388261	620000
388261	620000
388236	620008
388222	620011
388208	620015
388164	620022
388121	620031
388046	620050
387899	620112
387826	620145
387796	620157
387763	620174
387741	620183
387709	620185
387681	620181
387642	620177
387587	620167
387447	620150
387405	620151
387396	620150
387395	620150
387385	620162
387371	620178
387355	620206
387342	620235
387322	620291
387314	620313
387301	620364
387283	620421
387272	620463
387259	620505
387244	620550
387233	620569
387220	620594
387203	620621
387181	620648
387157	620671
387136	620695
387118	620725
387097	620769
387079	620804
387065	620835
387058	620859
387056	620880
387056	620904
387059	620940
387060	620955
387067	620997
387075	621027
387085	621053
387103	621088
387125	621132
387147	621173
387183	621263
387206	621317
387225	621369
387242	621413
387249	621432
387288	621542
387308	621590
387319	621623
387318	621637
387316	621665
387314	621678
387304	621725
387300	621741
387293	621767
387277	621792
387261	621814
387233	621847
387207	621879
387180	621911
387166	621929
387152	621948
387127	621985
387113	622015
387102	622056
387084	622100
387068	622158
387018	622272
386906	622340
386911	622397
386916	622436
386909	622457
386875	622519
386849	622566
386814	622633
386807	622647
386800	622662
386779	622715
386709	622869
386675	622907
386571	623018
386541	623049
386481	623137
386430	623204
386396	623247
386382	623280
386356	623330
386298	623452
386264	623526
386237	623572
386191	623622
386175	623634
386166	623638
386156	623641
386133	623642
386114	623646
386093	623658
386062	623664
386029	623666
385992	623670
385958	623677
385922	623689
385790	623726
385698	623827
385695	623839
385645	623996
385637	624028
385640	624060
385648	624096
385656	624144
385676	624258
385679	624279
385682	624300
385683	624339
385684	624365
385709	624434
385720	624481
385731	624519
385717	624561
385720	624588
385725	624618
385735	624663
385743	624712
385755	624769
385777	624911
385779	624944
385780	625000
385780	625000
385781	625042
385787	625095
385789	625108
385797	625136
385808	625170
385814	625184
385826	625210
385833	625224
385850	625249
385870	625276
385882	625296
385886	625342
385893	625384
385909	625414
385924	625438
385938	625472
385908	625543
385900	625566
385900	625566
385882	625615
385874	625638
385859	625692
385840	625748
385811	625856
385773	625968
385730	626098
385730	626098
385631	626136
385512	626182
385376	626233
385367	626346
385359	626451
385351	626543
385348	626618
385366	626621
385364	626670
385364	626716
385360	626793
385358	626918
385355	627089
385352	627235
385348	627344
385344	627415
385342	627481
385347	627505
385357	627528
385368	627546
385382	627558
385391	627570
385397	627587
385399	627610
385397	627625
385390	627642
385384	627698
385381	627739
385396	627756
385414	627772
385425	627783
385432	627802
385440	627841
385446	627881
385447	627902
385445	627914
385443	627926
385440	627936
385435	627946
385423	627968
385405	627998
385355	628069
385338	628099
385328	628119
385318	628149
385305	628182
385291	628225
385277	628265
385260	628317
385211	628375
385196	628393
385182	628412
385155	628450
385131	628482
385103	628526
385070	628580
385061	628596
385015	628659
385003	628678
385000	628680
385000	628680
384996	628681
384984	628694
384940	628757
384909	628802
384910	628819
384918	628879
384927	628968
384934	629057
384938	629090
384942	629114
384939	629130
384928	629146
384912	629163
384890	629169
384872	629173
384862	629177
384853	629181
384797	629211
384764	629230
384731	629247
384703	629263
384687	629262
384663	629259
384611	629254
384574	629248
384539	629244
384519	629244
384463	629254
384453	629272
384411	629342
384388	629380
384360	629424
384345	629443
384332	629468
384310	629505
384276	629568
384255	629603
384258	629607
384257	629613
384232	629644
384212	629666
384193	629690
384174	629716
384148	629757
384136	629774
384121	629788
384112	629792
384079	629805
384024	629820
383994	629829
383958	629847
383926	629864
383891	629887
383857	629906
383835	629924
383807	629944
383745	630000
383745	630000
383745	630000
383708	630032
383717	630097
383724	630115
383732	630153
383728	630163
383713	630184
383695	630198
383683	630210
383670	630222
383646	630247
383630	630263
383617	630268
383591	630280
383566	630296
383538	630308
383511	630325
383467	630347
383441	630369
383410	630392
383389	630416
383354	630463
383307	630516
383277	630544
383262	630560
383247	630576
383221	630606
383186	630642
383157	630673
383135	630697
383123	630707
383087	630733
383069	630748
383052	630770
383037	630794
383004	630834
382986	630862
382972	630886
382953	630913
382944	630927
382920	630967
382903	630987
382886	631004
382873	631025
382860	631049
382841	631084
382841	631084
382832	631106
382821	631130
382813	631141
382789	631172
382774	631199
382749	631252
382734	631291
382722	631313
382685	631349
382666	631371
382644	631385
382557	631454
382462	631532
382435	631553
382352	631565
382286	631572
382172	631590
382108	631598
382102	631599
382099	631603
381980	631761
381908	631859
381891	631888
381884	631901
381848	631974
381815	632064
381784	632155
381769	632206
381750	632253
381742	632278
381700	632410
381682	632456
381671	632501
381667	632500
381669	632517
381672	632527
381692	632586
381696	632597
381700	632607
381711	632631
381724	632651
381749	632712
381756	632737
381756	632766
381758	632781
381760	632796
381766	632825
381783	632878
381788	632894
381796	632924
381820	632963
381827	632976
381838	633002
381853	633027
381877	633053
381910	633094
381933	633114
381940	633138
381945	633171
381942	633206
381944	633236
381953	633267
381957	633286
381943	633334
381938	633348
381936	633366
381923	633405
381919	633419
381914	633449
381911	633475
381910	633517
381925	633536
381951	633551
381975	633569
382029	633634
382047	633665
382079	633694
382054	633723
382028	633761
381999	633793
381969	633835
381941	633873
381918	633855
381900	633876
381890	633898
381900	633958
381911	633989
381924	634016
381925	634048
381923	634091
381933	634100
381939	634115
381951	634138
381966	634172
381967	634184
381967	634196
381960	634211
381938	634231
381932	634238
381926	634246
381913	634263
381892	634298
381809	634386
381806	634396
381813	634414
381834	634435
381875	634500
381847	634512
381802	634534
381774	634547
381747	634562
381724	634569
381713	634576
381684	634595
381663	634595
381640	634590
381615	634588
381582	634588
381550	634714
381484	635000
381484	635000
381484	635000
381482	635009
381481	635016
381486	635024
381505	635041
381476	635058
381441	635078
381393	635108
381316	635155
381218	635207
381011	635324
380879	635405
380826	635429
380803	635403
380777	635368
380741	635321
380720	635356
380699	635399
380638	635519
380627	635540
380577	635630
380538	635704
380509	635754
380470	635834
380346	636073
380283	636188
380231	636289
380191	636364
380238	636390
380284	636412
380333	636433
380429	636482
380468	636503
380521	636527
380643	636587
380643	636679
380642	636747
380642	636800
380649	636882
380652	636939
380654	637020
380661	637135
380666	637238
380665	637299
380639	637297
380606	637299
380568	637302
380526	637304
380520	637299
380470	637272
380437	637251
380423	637243
380409	637236
380354	637210
380319	637201
380305	637198
380291	637195
380264	637190
380260	637190
380257	637192
380235	637208
380207	637231
380205	637232
380185	637231
380157	637229
380114	637228
380106	637220
380086	637215
380080	637223
380053	637216
380040	637212
380027	637208
380000	637195
380000	637195
379978	637186
379960	637174
379944	637155
379937	637136
379929	637127
379923	637119
379918	637111
379914	637102
379902	637071
379888	637054
379884	637037
379876	637027
379864	637019
379855	637012
379846	637005
379833	636999
379811	636996
379789	636991
379767	636996
379759	636999
379751	637001
379738	637001
379731	637000
379706	637001
379686	637004
379676	637002
379641	637023
379631	637031
379620	637038
379609	637044
379600	637047
379588	637050
379536	637079
379459	637124
379435	637141
379428	637149
379414	637182
379406	637204
379370	637246
379362	637256
379345	637306
379342	637314
379332	637335
379310	637354
379305	637360
379297	637368
379292	637371
379285	637374
379278	637376
379268	637377
379237	637391
379215	637407
379209	637404
379205	637402
379201	637400
379196	637400
379192	637401
379188	637402
379184	637405
379181	637408
379176	637413
379166	637421
379124	637464
379083	637511
379066	637534
379033	637570
379032	637581
379028	637585
379014	637601
378995	637642
378996	637647
378995	637651
378993	637654
378991	637657
378988	637659
378984	637660
378963	637652
378953	637651
378943	637661
378937	637673
378946	637699
378943	637708
378953	637734
378966	637746
378978	637758
378991	637776
379000	637792
379000	637804
378997	637822
378991	637829
378987	637834
378985	637840
378985	637843
378989	637857
378991	637866
378995	637895
379005	637932
379009	637929
379011	637928
379011	637928
379012	637928
379018	637926
379023	637926
379028	637927
379033	637929
379039	637931
379048	637936
379070	637945
379079	637944
379102	637940
379125	637940
379156	637958
379209	637990
379252	638011
379252	638011
379263	638017
379312	638039
379365	638055
379419	638072
379464	638093
379474	638102
379496	638118
379509	638138
379531	638162
379535	638167
379543	638181
379551	638195
379569	638227
379573	638237
379579	638256
379582	638277
379594	638312
379602	638356
379602	638364
379601	638371
379596	638391
379591	638408
379588	638421
379588	638434
379589	638447
379587	638463
379576	638510
379575	638527
379576	638537
379578	638548
379584	638621
379592	638677
379598	638707
379604	638759
379609	638799
379620	638847
379627	638860
379631	638866
379636	638872
379642	638878
379653	638885
379713	638911
379769	638928
379798	638931
379826	638931
379836	638931
379925	638910
379966	638897
380000	638887
380000	638887
380079	638887
380111	638888
380127	638888
380157	638892
380215	638909
380258	638926
380272	638932
380300	638952
380322	638975
380363	639040
380385	639067
380414	639095
380442	639123
380457	639136
380486	639159
380501	639170
380516	639181
380532	639191
380566	639212
380606	639232
380644	639251
380682	639267
380720	639285
380806	639309
380853	639320
380956	639335
380978	639338
381045	639343
381087	639345
381108	639346
381128	639346
381222	639340
381254	639337
381261	639335
381283	639329
381344	639307
381386	639286
381432	639258
381453	639246
381521	639210
381574	639180
381620	639147
381683	639110
381684	639108
381684	639108
381704	639082
381734	639051
381756	639027
381809	638988
381839	638957
381868	638938
381906	638922
381950	638908
382000	638899
382043	638890
382091	638885
382152	638878
382210	638872
382270	638868
382373	638859
382488	638844
382545	638835
382593	638831
382640	638829
382688	638825
382714	638824
382739	638823
382786	638822
382839	638827
382889	638828
382935	638832
383039	638850
383094	638857
383153	638876
383205	638897
383261	638914
383287	638923
383323	638931
383360	638945
383401	638959
383437	638969
383550	638999
383586	639007
383621	639011
383659	639019
383697	639024
383729	639033
383798	639043
383865	639043
383902	639039
383938	639032
383965	639025
383988	639024
384013	639021
384036	639014
384079	638990
384096	638981
384198	638933
384232	638908
384271	638881
384269	638867
384260	638854
384243	638836
384225	638821
384234	638809
384317	638742
384349	638721
384370	638703
384380	638689
384389	638665
384407	638627
384427	638574
384448	638526
384451	638525
384475	638516
384500	638508
384530	638497
384562	638489
384619	638477
384632	638475
384666	638474
384707	638476
384749	638480
384768	638483
384835	638496
384839	638531
384841	638531
384856	638531
384887	638530
384909	638531
384927	638535
384949	638539
384981	638541
385000	638541
385000	638541
385000	638541
385091	638545
385119	638546
385142	638547
385171	638554
385185	638558
385213	638568
385227	638573
385277	638594
385304	638610
385318	638620
385332	638630
385357	638652
385375	638672
385415	638727
385426	638751
385432	638760
385432	638760
385437	638796
385441	638832
385443	638860
385443	638889
385443	638971
385445	639014
385445	639037
385441	639052
385436	639074
385433	639087
385434	639110
385434	639110
385424	639119
385416	639129
385394	639160
385394	639160
385386	639164
385372	639169
385360	639176
385328	639204
385298	639225
385291	639228
385284	639232
385277	639234
385269	639237
385246	639242
385234	639246
385223	639250
385203	639260
385177	639266
385132	639276
385103	639281
385071	639283
385054	639285
385037	639288
385000	639293
385000	639293
384979	639296
384955	639306
384936	639313
384916	639328
384890	639342
384837	639376
384799	639410
384787	639420
384758	639440
384732	639462
384683	639517
384632	639566
384602	639595
384572	639626
384558	639642
384546	639658
384523	639691
384503	639726
384486	639760
384475	639791
384470	639818
384470	639840
384477	639865
384490	639891
384511	639915
384535	639932
384550	639940
384565	639949
384582	639957
384600	639964
384622	639970
384688	639988
384712	640000
384712	640000
384712	640000
384754	640025
384778	640041
384788	640049
384818	640074
384845	640095
384897	640140
384920	640154
384941	640165
384962	640172
384987	640185
385000	640191
385000	640191
385024	640204
385063	640235
385137	640296
385163	640321
385190	640343
385213	640367
385235	640393
385246	640404
385281	640436
385312	640468
385333	640491
385356	640515
385363	640524
385377	640546
385387	640565
385395	640586
385404	640614
385419	640647
385434	640699
385438	640711
385443	640724
385458	640752
385473	640787
385485	640820
385493	640858
385511	640885
385542	640922
385551	640935
385569	640960
385606	640996
385637	641016
385655	641026
385673	641036
385709	641053
385749	641067
385794	641080
385830	641090
385869	641098
385902	641101
386036	641111
386054	641111
386095	641111
386117	641113
386139	641116
386156	641119
386202	641128
386260	641150
386291	641163
386304	641173
386329	641191
386340	641199
386356	641215
386373	641243
386390	641268
386405	641300
386414	641330
386421	641359
386430	641391
386436	641439
386443	641480
386444	641493
386445	641506
386445	641533
386442	641561
386435	641594
386424	641631
386416	641671
386405	641708
386397	641775
386388	641814
386375	641860
386359	641908
386345	641943
386328	641977
386314	642015
386302	642055
386291	642124
386280	642211
386279	642271
386287	642321
386296	642366
386302	642404
386314	642446
386329	642480
386347	642512
386399	642574
386429	642601
386444	642613
386460	642625
386494	642644
386529	642670
386585	642719
386625	642750
386638	642761
386666	642791
386692	642826
386718	642857
386747	642885
386789	642918
386831	642947
386869	642971
386907	642993
386940	643013
386962	643033
386964	643046
386964	643046
386972	643076
386981	643101
386984	643115
386987	643129
386992	643157
386994	643186
386994	643199
386993	643212
386989	643239
386989	643269
386991	643281
386996	643305
386999	643317
387008	643348
387013	643379
387022	643421
387027	643439
387031	643456
387039	643481
387061	643521
387078	643550
387087	643564
387106	643593
387137	643627
387148	643640
387161	643653
387187	643677
387253	643713
387292	643727
387326	643740
387354	643745
387425	643754
387473	643765
387488	643769
387501	643775
387543	643795
387600	643835
387620	643854
387662	643898
387684	643928
387713	643988
387723	644014
387739	644048
387755	644078
387763	644090
387809	644153
387814	644165
387820	644177
387830	644242
387841	644275
387861	644311
387876	644347
387907	644431
387937	644516
387972	644604
387981	644623
387990	644642
388009	644678
388019	644696
388028	644710
388037	644725
388047	644738
388080	644778
388089	644772
388129	644753
388167	644740
388174	644754
388186	644772
388206	644791
388220	644800
388228	644805
388237	644809
388253	644812
388266	644821
388274	644833
388282	644854
388301	644900
388330	644962
388330	644962
388348	645099
388369	645145
388382	645176
388389	645192
388401	645210
388425	645243
388448	645277
388458	645289
388476	645307
388495	645327
388510	645345
388540	645377
388577	645411
388620	645457
388648	645482
388665	645496
388703	645529
388713	645537
388730	645547
388744	645553
388799	645567
388829	645575
388840	645578
388859	645580
388869	645582
388881	645581
388894	645583
388927	645590
388959	645599
388991	645607
389047	645626
389088	645638
389166	645668
389239	645694
389264	645702
389287	645709
389320	645717
389346	645724
389394	645741
389420	645749
389435	645756
389461	645772
389516	645808
389559	645836
389570	645846
389580	645855
389589	645870
389598	645889
389604	645905
389616	645928
389623	645940
389625	645948
389627	645958
389626	645970
389615	646001
389608	646033
389604	646051
389599	646063
389593	646075
389584	646085
389573	646098
389559	646109
389543	646120
389517	646137
389502	646148
389489	646159
389479	646171
389465	646191
389458	646203
389451	646212
389432	646224
389393	646255
389353	646286
389336	646303
389303	646337
389280	646359
389267	646371
389260	646380
389256	646386
389254	646398
389252	646415
389252	646421
389251	646427
389245	646438
389237	646447
389227	646452
389218	646455
389214	646456
389211	646459
389199	646487
389189	646505
389149	646584
389121	646646
389107	646676
389081	646728
389066	646757
389053	646781
389043	646810
389031	646842
389014	646897
389004	646928
388972	647010
388970	647021
388967	647052
388963	647078
388959	647098
388954	647135
388954	647142
388960	647171
388962	647184
388974	647230
388988	647260
388991	647268
389010	647296
389057	647353
389124	647427
389124	647427
389141	647444
389163	647460
389200	647491
389218	647505
389237	647520
389250	647528
389284	647551
389310	647567
389363	647598
389414	647628
389442	647642
389456	647648
389476	647655
389510	647667
389531	647674
389565	647684
389611	647693
389646	647701
389673	647707
389691	647709
389724	647712
389792	647720
389827	647723
389888	647728
389920	647732
389959	647732
389987	647731
390001	647731
390021	647729
390050	647727
390101	647731
390117	647729
390130	647724
390167	647700
390203	647684
390232	647672
390253	647667
390281	647659
390304	647656
390328	647654
390354	647652
390412	647650
390454	647653
390486	647658
390486	647658
390534	647671
390548	647677
390566	647687
390631	647749
390640	647759
390644	647764
390656	647779
390669	647798
390691	647835
390697	647847
390714	647880
390730	647918
390735	647931
390753	647986
390772	648046
390806	648131
390812	648156
390816	648182
390818	648195
390819	648208
390819	648234
390818	648246
390817	648258
390814	648277
390806	648363
390799	648465
390789	648515
390751	648645
390727	648729
390693	648853
390690	648867
390688	648881
390684	648902
390681	648993
390682	649025
390686	649057
390690	649077
390695	649098
390700	649118
390705	649134
390715	649162
390723	649180
390736	649205
390758	649242
390812	649318
390856	649379
390893	649420
390893	649420
390897	649424
390923	649454
390939	649473
390945	649481
390957	649492
390973	649506
391013	649534
391030	649545
391056	649560
391153	649607
391192	649624
391213	649632
391268	649652
391338	649674
391388	649685
391456	649680
391519	649677
391519	649677
391581	649671
391592	649669
391616	649663
391643	649655
391679	649641
391703	649634
391727	649626
391781	649613
391850	649589
391856	649585
391861	649582
391866	649577
391870	649571
391874	649565
391877	649558
391878	649552
391879	649533
391883	649522
391886	649517
391889	649513
391902	649500
391909	649495
392093	649379
392170	649339
392191	649333
392221	649327
392239	649325
392259	649323
392275	649322
392293	649322
392310	649323
392331	649324
392351	649327
392368	649330
392395	649335
392419	649344
392441	649357
392472	649370
392501	649379
392514	649382
392535	649386
392568	649394
392618	649415
392635	649423
392645	649430
392659	649440
392672	649451
392685	649464
392703	649483
392712	649493
392719	649502
392723	649508
392735	649529
392738	649537
392740	649543
392743	649554
392743	649566
392741	649574
392738	649586
392733	649629
392725	649702
392723	649710
392720	649719
392716	649728
392711	649735
392705	649742
392698	649749
392686	649758
392668	649768
392668	649768
392665	649770
392647	649780
392637	649785
392633	649788
392626	649795
392622	649801
392615	649813
392608	649851
392609	649893
392617	649919
392617	649919
392617	649919
392625	649931
392639	649960
392657	650000
392657	650000
392658	650000
392664	650047
392672	650112
392674	650124
392676	650132
392692	650196
392705	650228
392721	650261
392739	650303
392756	650334
392765	650352
392788	650393
392816	650443
392834	650471
392842	650480
392877	650523
392886	650530
392893	650534
392920	650546
392953	650560
392978	650566
392990	650565
392999	650564
393024	650555
393039	650551
393133	650513
393186	650499
393244	650493
393259	650490
393272	650490
393278	650489
393302	650491
393312	650492
393348	650498
393356	650501
393361	650504
393368	650508
393371	650510
393388	650527
393406	650555
393412	650566
393417	650582
393423	650614
393436	650669
393443	650705
393446	650729
393447	650744
393448	650807
393447	650874
393443	650892
393434	650923
393426	650945
393412	650976
393391	651046
393385	651062
393378	651080
393367	651106
393325	651210
393304	651259
393278	651306
393270	651324
393264	651346
393260	651373
393254	651401
393229	651493
393227	651513
393223	651532
393221	651546
393220	651556
393220	651569
393222	651592
393222	651602
393222	651613
393223	651620
393226	651633
393234	651653
393236	651660
393237	651664
393239	651667
393244	651673
393254	651690
393274	651719
393282	651732
393289	651745
393300	651767
393332	651825
393343	651842
393361	651863
393365	651866
393401	651886
393456	651924
393522	651971
393542	651987
393574	652006
393627	652039
393657	652055
393690	652069
393696	652071
393729	652081
393788	652103
393807	652105
393835	652112
393976	652139
394060	652154
394102	652160
394122	652162
394129	652162
394151	652160
394230	652159
394252	652156
394276	652155
394297	652157
394318	652157
394335	652154
394352	652149
394385	652141
394418	652135
394425	652134
394441	652133
394463	652134
394471	652135
394476	652135
394484	652132
394496	652130
394517	652130
394542	652126
394661	652099
394671	652098
394680	652096
394693	652091
394693	652091
394724	652080
394724	652080
394723	652156
394723	652156
394720	652201
394720	652306
394717	652320
394716	652326
394705	652350
394702	652357
394701	652362
394695	652427
394694	652446
394695	652470
394715	652475
394718	652478
394723	652486
394727	652493
394729	652499
394731	652506
394733	652517
394732	652534
394727	652570
394717	652659
394717	652672
394717	652700
394720	652726
394721	652741
394720	652750
394717	652765
394705	652793
394703	652798
394698	652821
394695	652831
394687	652850
394673	652881
394667	652897
394655	652936
394642	652989
394616	653055
394615	653061
394616	653065
394619	653072
394628	653086
394630	653092
394630	653096
394628	653101
394613	653122
394612	653125
394611	653128
394612	653148
394610	653164
394611	653177
394608	653208
394608	653215
394610	653241
394615	653270
394619	653299
394650	653483
394665	653487
394666	653490
394667	653501
394669	653517
394670	653538
394670	653560
394668	653611
394666	653625
394660	653669
394654	653726
394652	653740
394652	653746
394653	653768
394653	653776
394652	653794
394652	653849
394652	653849
394652	653867
394655	653882
394662	653904
394672	653941
394686	654011
394687	654021
394699	654134
394708	654193
394709	654206
394710	654277
394714	654365
394704	654457
394697	654500
394688	654533
394684	654541
394680	654548
394676	654553
394620	654610
394595	654643
394564	654701
394559	654717
394555	654736
394548	654807
394546	654823
394545	654832
394545	654844
394560	655000
394570	655115
394568	655134
394562	655162
394561	655170
394560	655174
394562	655204
394563	655216
394573	655263
394576	655271
394581	655284
394585	655291
394591	655299
394617	655321
394628	655322
394641	655349
394690	655471
394692	655478
394694	655486
394698	655531
394705	655523
394709	655520
394723	655514
394770	655508
394777	655508
394796	655512
394828	655527
394839	655533
394858	655544
394866	655548
394909	655591
394942	655615
394946	655618
394959	655624
394966	655625
394969	655625
395000	655616
395024	655610
395042	655605
395055	655603
395062	655603
395097	655607
395104	655607
395110	655606
395126	655604
395174	655618
395257	655645
395272	655649
395285	655667
395293	655687
395295	655692
395308	655712
395316	655719
395351	655743
395362	655751
395372	655755
395378	655758
395384	655762
395391	655768
395400	655779
395467	655851
395476	655864
395488	655876
395496	655886
395551	655978
395576	655990
395729	656058
395892	656138
395887	656173
395886	656190
395887	656202
395889	656331
395919	656378
395928	656387
395940	656404
395968	656438
395994	656471
396015	656496
396027	656507
396035	656514
396128	656571
396157	656585
396197	656607
396212	656606
396227	656607
396266	656605
396302	656599
396315	656596
396335	656590
396592	656628
396635	656617
396653	656612
396782	656596
396799	656582
396814	656597
396838	656617
396881	656645
396905	656661
396980	656702
396986	656706
397005	656719
397025	656736
397035	656741
397053	656755
397059	656761
397068	656766
397079	656770
397090	656777
397114	656799
397128	656815
397135	656820
397140	656825
397149	656833
397169	656847
397173	656846
397180	656852
397189	656859
397232	656889
397239	656895
397246	656901
397300	656963
397330	656996
397341	657006
397353	657016
397362	657023
397376	657033
397475	657112
397472	657117
397467	657125
397462	657130
397453	657138
397483	657171
397497	657166
397631	657300
397639	657302
397658	657318
397664	657324
397674	657330
397680	657333
397722	657366
397757	657390
397777	657397
397793	657404
397811	657417
397815	657420
397851	657454
397859	657463
397885	657493
397908	657501
397911	657504
397918	657514
397922	657519
397927	657523
397936	657529
397943	657534
397943	657534
398017	657599
398017	657599
398102	657647
398253	657739
398448	657874
398608	657989
398762	658096
399152	658364
399493	658605
400133	659054
401396	659948
402537	660741
402676	660850
402676	660850
403232	660057
403549	659376
403698	659242
403857	659087
404112	658813
404208	658710
404243	658677
404915	658045
405471	657252
405880	656373
406093	655581
406131	655437
406136	655317
406151	655272
406174	655197
406209	655128
406461	654620
406712	653684
406725	653530
406725	653530
406793	652716
407124	652511
407809	651826
408102	651408
408653	651126
409754	650708
409855	650662
410927	650397
412403	649745
412872	649786
413837	649702
414774	649451
414954	649367
415165	649310
415367	649216
415367	649216
415790	649019
416081	648885
416263	648816
416842	648526
417636	647970
418321	647284
418877	646490
419126	646007
419200	645842
419200	645842
419361	645448
419607	644530
419607	644530
419612	644511
419697	643546
419631	642692
419635	642623
419719	641657
419675	641146
420534	640738
420747	640589
421327	640332
421379	640304
421677	640224
422555	639815
423349	639259
424034	638573
424590	637780
424733	637474
425247	637249
425342	637182
425415	637148
426209	636593
426894	635907
427450	635113
427538	634925
427737	634582
427835	634449
427885	634342
427903	634304
428158	633716
428259	633405
428455	632795
428508	632575
428508	632473
428687	632253
428870	631859
429047	631595
429457	630717
429708	629780
429792	628815
429740	628215
429796	628093
429845	627910
430084	627397
430108	627308
430132	627257
430389	626311
430640	625374
430666	625082
430776	624930
431185	624051
431436	623115
431520	622150
431506	621987
431532	621689
431532	621624
431546	621228
431535	621098
431588	620899
431624	620666
431636	620576
431682	619675
431675	619425
431617	618871
431953	618391
432361	617518
432522	617075
432577	616871
432607	616806
432858	615870
432943	614905
432906	614270
432888	614109
432871	614002
432949	613038
432854	612033
432838	611847
432587	610910
432178	610032
432035	609829
432811	609304
433331	608850
433819	608338
434374	607545
434784	606666
435000	605862
435000	605862
427875	605173
427875	605173
427297	605118
427274	605111
427237	605099
427154	605051
427113	605022
427026	604961
426900	604886
426815	604846
426752	604830
426723	604828
426650	604832
426591	604844
426533	604856
426507	604862
426436	604888
426375	604907
426323	604924
426297	604931
426245	604939
426213	604945
426174	604955
426122	604980
426056	605017
426007	605043
425969	605069
425883	605134
425856	605154
425805	605188
425775	605211
425746	605233
425719	605255
425646	605306
425618	605325
425580	605358
425548	605383
425529	605396
425510	605403
425480	605408
425408	605427
425304	605481
425206	605542
425095	605610
425032	605636
424945	605659
424945	605659
424943	605660
424934	605666
424927	605680
424921	605698
424920	605711
424922	605743
424925	605762
424938	605820
424943	605851
