1
5513
0
251327	669314
251348	669307
251360	669296
251373	669284
251388	669291
251400	669302
251412	669302
251435	669305
251451	669301
251469	669278
251483	669267
251499	669265
251509	669268
251516	669257
251524	669230
251531	669209
251544	669195
251563	669185
251587	669180
251605	669184
251613	669195
251621	669215
251630	669227
251646	669245
251662	669245
251662	669245
251670	669250
251688	669246
251704	669245
251729	669270
251762	669297
251787	669308
251811	669313
251837	669310
251862	669299
251887	669293
251912	669294
251943	669306
251953	669316
251941	669329
251938	669347
251946	669364
251946	669364
251960	669371
251967	669372
251973	669371
251979	669371
251987	669372
252002	669378
252014	669386
252020	669392
252027	669398
252040	669406
252055	669411
252063	669418
252075	669427
252079	669427
252081	669427
252084	669424
252089	669416
252096	669409
252110	669400
252117	669393
252138	669400
252152	669423
252165	669444
252165	669453
252167	669457
252170	669457
252175	669456
252182	669453
252211	669450
252214	669462
252273	669448
252301	669435
252314	669426
252315	669423
252314	669421
252321	669418
252321	669418
252337	669416
252350	669424
252360	669429
252368	669430
252379	669431
252391	669437
252404	669444
252411	669452
252420	669455
252429	669452
252445	669447
252454	669446
252470	669451
252482	669452
252492	669449
252503	669436
252509	669431
252521	669434
252539	669443
252566	669451
252579	669454
252590	669449
252608	669440
252619	669438
252638	669434
252656	669433
252665	669429
252675	669422
252683	669411
252694	669405
252707	669400
252721	669396
252740	669394
252757	669391
252771	669388
252780	669387
252786	669377
252791	669366
252794	669355
252796	669338
252796	669308
252794	669266
252793	669237
252797	669213
252800	669196
252806	669172
252810	669147
252811	669129
252811	669129
252809	669100
252812	669070
252838	669036
252865	668999
252900	668991
252929	668986
252952	668990
252986	668994
253005	668979
253029	668956
253055	668936
253077	668917
253121	668875
253151	668842
253182	668805
253200	668781
253244	668718
253244	668718
253250	668708
253266	668686
253286	668691
253331	668685
253460	668653
253531	668653
253613	668659
253631	668668
253629	668688
253607	668711
253607	668711
253602	668721
253597	668733
253591	668759
253586	668780
253585	668794
253586	668810
253590	668833
253605	668849
253605	668849
253615	668878
253618	668917
253625	668929
253625	668929
253627	668944
253629	668951
253642	668965
253654	668972
253668	668981
253681	668989
253700	668997
253721	669007
253751	669020
253769	669029
253797	669033
253797	669033
253822	669047
253855	669055
253914	669043
253961	669038
254007	669041
254053	669042
254070	669047
254070	669047
254087	669043
254110	669041
254119	669041
254129	669045
254141	669054
254147	669061
254175	669111
254215	669160
254226	669175
254236	669188
254236	669188
254277	669204
254292	669213
254292	669213
254353	669250
254358	669242
254375	669213
254375	669213
254377	669193
254382	669157
254413	669157
254494	669166
254548	669171
254585	669117
254601	669085
254642	669095
254642	669095
254646	669082
254655	669059
254664	669039
254663	669017
254662	668975
254658	668952
254658	668952
254656	668923
254645	668880
254642	668860
254645	668821
254648	668712
254652	668597
254651	668549
254642	668469
254636	668380
254633	668313
254631	668282
254620	668173
254620	668173
254599	668034
254588	668024
254577	668024
254565	668016
254548	668005
254532	667997
254512	667989
254497	667985
254474	667979
254463	667978
254449	667979
254443	667980
254430	667870
254336	667892
254302	667899
254278	667898
254250	667893
254172	667880
254106	667866
254106	667866
254052	667856
254026	667847
253988	667826
253970	667810
253955	667793
253943	667773
253937	667756
253880	667563
253880	667563
253861	667548
253833	667541
253785	667526
253665	667490
253649	667486
253558	667278
253557	667262
253554	667218
253574	667183
253599	667112
253600	667101
253587	667094
253572	667091
253424	667105
253385	667104
253363	667103
253304	667111
253220	667099
253157	667087
253127	667083
253027	666969
252987	666920
252987	666920
252866	667000
252800	667059
252741	667115
252697	667146
252606	667203
252568	667231
252542	667254
252542	667254
252492	667186
252453	667187
252387	667191
252360	667120
252349	667104
252216	667171
252225	667209
252174	667234
252084	667313
252084	667313
251977	667408
251977	667408
251854	667517
251841	667523
251758	667538
251687	667554
251664	667563
251655	667564
251647	667561
251600	667541
251552	667517
251521	667506
251480	667494
251446	667487
251401	667483
251363	667480
251333	667477
251288	667469
251258	667465
251231	667459
251215	667452
251202	667440
251201	667418
251208	667392
251208	667392
251239	667371
251266	667354
251282	667343
251293	667337
251327	667319
251316	667301
251257	667209
251279	667190
251274	667156
251268	667145
251258	667139
251235	667134
251219	667127
251203	667117
251190	667102
251163	667067
251160	667056
251162	667050
251176	667033
251195	667010
251255	666853
251260	666846
251293	666836
251293	666836
251310	666829
251355	666811
251392	666797
251461	666773
251491	666762
251483	666734
251483	666721
251494	666713
251511	666697
251527	666679
251536	666662
251541	666641
251541	666641
251558	666633
251598	666606
251660	666557
251732	666498
251754	666423
251789	666307
251800	666274
251822	666215
251853	666160
251870	666133
251884	666113
251894	666105
251933	666094
252149	666038
252270	666008
252270	666008
252428	665970
252548	665939
252582	665931
252582	665931
252587	665928
252592	665921
252601	665900
252601	665900
252608	665883
252597	665871
252597	665871
252611	665855
252639	665813
252656	665784
252674	665755
252687	665726
252721	665642
252749	665577
252775	665514
252794	665471
252816	665420
252829	665381
252836	665358
252836	665358
252841	665334
252843	665318
252847	665295
252876	665282
253013	665211
252997	665182
253034	665139
253080	665088
253111	665060
253171	665002
253171	665002
253182	664965
253255	664827
253262	664814
253266	664799
253267	664778
253258	664517
253258	664517
253309	664510
253295	664401
253286	664327
253286	664327
253318	664307
253336	664293
253406	664242
253417	664239
253417	664239
253422	664238
253458	664215
253476	664202
253509	664181
253537	664182
253537	664182
253559	664174
253569	664167
253634	664116
253643	664106
253703	664070
253725	664056
253747	664040
253777	664016
253793	664005
253810	663992
253832	663979
253853	663968
253853	663968
253911	663921
253934	663901
253934	663901
254040	663806
254078	663770
254131	663729
254257	663645
254455	663523
254568	663464
254589	663454
254589	663454
254691	663445
254866	663403
254917	663392
254940	663380
254999	663330
254999	663330
255136	663212
255300	663206
255334	663244
255384	663300
255428	663345
255511	663415
255511	663415
255522	663470
255525	663508
255523	663538
255519	663560
255486	663666
255480	663691
255469	663773
255462	663838
255459	663875
255545	663866
255630	663856
255692	663845
255717	663840
255756	663828
255830	663800
255969	663741
256022	663718
256022	663718
256011	663706
255990	663680
255968	663655
255947	663631
256034	663603
256034	663603
256076	663586
256153	663565
256221	663560
256297	663561
256346	663551
256415	663527
256415	663527
256421	663540
256431	663592
256435	663608
256441	663630
256450	663659
256459	663689
256467	663711
256477	663740
256491	663772
256509	663811
256519	663832
256528	663853
256541	663850
256559	663898
256566	663941
256596	663938
256638	663931
256650	663929
256659	663924
256690	663918
256718	663906
256767	663885
256778	663882
256808	663878
256818	663878
256850	663866
256885	663849
256905	663840
256916	663838
256930	663837
256930	663837
256934	663847
256939	663869
256955	663962
256959	663971
256959	663971
256964	663999
256986	664126
256986	664126
256985	664137
257001	664232
257003	664244
256972	664221
256972	664221
257001	664440
257012	664525
257194	664570
257194	664570
257193	664595
257196	664709
257201	664811
257258	664765
257316	664715
257366	664678
257418	664647
257448	664633
257470	664627
257502	664624
257612	664612
257715	664610
257739	664771
257873	664755
257873	664755
257870	664699
257868	664661
257868	664642
257868	664622
257869	664611
257875	664601
257887	664593
257893	664589
257897	664579
257904	664564
257909	664556
257905	664547
257908	664534
257914	664522
257923	664516
257952	664521
257972	664530
257984	664532
257990	664527
257992	664515
257987	664493
257981	664465
257978	664447
257980	664433
257986	664426
257999	664426
258004	664423
258006	664408
258010	664373
258017	664367
258033	664357
258036	664349
258029	664340
258018	664331
258017	664322
258021	664309
258021	664309
258029	664303
258037	664297
258041	664291
258042	664282
258042	664272
258046	664259
258049	664252
258057	664251
258069	664253
258078	664251
258086	664245
258095	664238
258102	664236
258110	664239
258118	664245
258124	664249
258136	664250
258148	664249
258157	664254
258166	664255
258178	664252
258190	664247
258197	664241
258202	664233
258218	664224
258236	664213
258241	664204
258240	664198
258236	664192
258231	664184
258230	664174
258234	664165
258241	664153
258243	664137
258243	664123
258240	664113
258236	664110
258224	664106
258209	664103
258200	664098
258196	664091
258190	664061
258184	664054
258176	664043
258172	664032
258167	664019
258198	663983
258198	663979
258194	663973
258184	663961
258184	663953
258187	663942
258186	663933
258180	663927
258168	663924
258151	663925
258148	663922
258144	663872
258143	663864
258151	663845
258150	663823
258152	663814
258184	663791
258190	663785
258190	663778
258187	663774
258175	663771
258171	663769
258166	663746
258166	663746
258158	663703
258151	663687
258131	663648
258128	663635
258126	663613
258124	663588
258121	663574
258115	663554
258109	663531
258110	663508
258110	663480
258110	663454
258109	663441
258104	663428
258099	663412
258097	663397
258093	663385
258084	663370
258071	663347
258057	663330
258038	663305
258029	663284
258020	663261
258009	663231
257993	663173
257982	663134
257965	663090
257955	663064
257919	662992
257886	662887
257878	662854
257878	662854
257948	662833
258011	662821
258029	662811
258118	662745
258139	662739
258139	662739
258262	662695
258262	662695
258219	662505
258219	662504
258219	662504
258228	662502
258348	662475
258440	662461
258582	662444
258784	662419
258789	662426
258804	662499
258819	662505
258968	662479
259007	662472
259034	662479
259102	662492
259147	662502
259183	662508
259208	662519
259226	662536
259251	662558
259263	662572
259356	662764
259368	662783
259413	662820
259413	662820
259545	663009
259538	663014
259545	663022
259537	663027
259537	663027
259543	663036
259564	663066
259592	663060
259613	663048
259641	663039
259678	663029
259715	663014
259767	662979
259785	662972
259845	662969
259999	662972
259999	662972
260193	662971
260193	662971
260215	662995
260263	662958
260299	662922
260317	662899
260322	662885
260314	662835
260301	662817
260293	662807
260291	662801
260288	662755
260288	662724
260256	662688
260239	662670
260252	662646
260275	662602
260275	662602
260301	662545
260312	662498
260289	662460
260289	662460
260271	662459
260257	662460
260249	662458
260246	662456
260240	662447
260227	662419
260222	662407
260215	662404
260201	662400
260185	662392
260118	662338
260102	662326
260090	662314
260077	662300
260061	662288
260051	662283
260045	662283
260028	662297
260021	662300
260014	662298
260004	662287
259999	662284
259991	662285
259991	662285
259983	662289
259975	662289
259964	662283
259951	662271
259945	662270
259937	662272
259913	662292
259906	662296
259897	662296
259891	662292
259889	662281
259886	662256
259883	662253
259847	662246
259819	662241
259812	662239
259807	662225
259799	662206
259794	662201
259783	662199
259772	662200
259762	662204
259754	662202
259719	662177
259691	662156
259673	662134
259665	662129
259652	662127
259639	662125
259634	662117
259626	662100
259619	662090
259615	662081
259612	662055
259607	662043
259599	662030
259587	662015
259577	662000
259571	661983
259563	661946
259556	661912
259555	661889
259550	661871
259542	661848
259531	661826
259523	661810
259507	661792
259498	661779
259493	661769
259491	661751
259484	661704
259484	661670
259483	661653
259477	661628
259467	661612
259460	661607
259402	661585
259356	661568
259356	661568
259354	661537
259353	661527
259353	661527
259346	661466
259338	661414
259334	661398
259323	661383
259230	661299
259220	661287
259220	661287
259217	661283
259194	661249
259181	661220
259137	661069
259121	661006
259100	660797
259100	660797
259119	660766
259136	660750
259142	660737
259141	660719
259123	660676
259107	660642
259218	660543
259318	660462
259370	660423
259370	660423
259390	660402
259421	660365
259433	660354
259433	660346
259428	660334
259416	660321
259402	660306
259394	660287
259390	660269
259378	660256
259378	660256
259381	660250
259381	660222
259372	660109
259376	660051
259387	659999
259411	659897
259411	659897
259453	659689
259453	659689
259366	659670
259341	659660
259325	659651
259307	659637
259293	659623
259281	659606
259274	659591
259266	659563
259254	659504
259237	659388
259228	659348
259224	659343
259187	659323
259181	659320
259166	659312
259151	659305
259134	659298
259127	659295
259123	659287
259116	659269
259111	659257
259095	659230
259078	659204
259060	659178
259050	659167
259008	659134
258943	659084
258934	659076
258931	659070
258925	659054
258917	659034
258914	659025
258908	659018
258902	659007
258894	658992
258880	658966
258876	658954
258870	658946
258866	658937
258862	658926
258857	658917
258853	658906
258846	658890
258843	658881
258830	658859
258810	658820
258797	658792
258778	658753
258772	658743
258769	658739
258758	658735
258692	658698
258626	658662
258601	658647
258595	658645
258531	658648
258492	658652
258477	658653
258465	658656
258431	658670
258414	658675
258409	658678
258403	658682
258393	658695
258383	658703
258327	658743
258324	658745
258319	658748
258317	658756
258317	658767
258314	658774
258308	658782
258297	658789
258286	658792
258266	658794
258258	658795
258256	658799
258255	658804
258257	658815
258256	658823
258252	658825
258238	658825
258229	658824
258225	658827
258220	658834
258213	658838
258199	658841
258177	658843
258158	658843
258158	658843
258145	658845
258136	658799
258123	658773
258106	658745
258086	658706
258066	658659
258065	658651
258066	658645
258070	658639
258078	658632
258088	658625
258096	658621
258156	658612
258285	658579
258313	658575
258335	658566
258343	658557
258347	658548
258353	658532
258358	658500
258385	658428
258402	658390
258400	658375
258389	658354
258336	658299
258290	658224
258290	658224
258266	658182
258253	658153
258248	658109
258249	658037
258250	658026
258246	658000
258237	657968
258222	657928
258208	657901
258199	657892
258190	657888
258100	657860
257984	657867
257943	657862
257943	657862
257937	657860
257919	657841
257910	657829
257897	657744
257881	657700
257892	657678
257911	657656
257930	657628
257945	657594
257958	657575
257972	657535
257978	657500
257993	657450
258034	657363
258056	657327
258075	657280
258093	657249
258093	657237
258085	657222
258066	657204
258066	657204
258032	657173
258009	657144
257989	657105
257978	657058
257976	657041
257972	657035
257962	657032
257894	657031
257888	657031
257884	657029
257884	657029
257855	657026
257842	657024
257835	657020
257829	657015
257826	657006
257826	656994
257830	656977
257836	656963
257848	656941
257856	656923
257868	656885
257871	656871
257880	656862
257893	656856
257909	656853
257922	656847
257935	656835
257938	656820
257943	656799
257946	656777
257952	656765
257966	656750
257983	656735
257991	656725
257994	656709
257993	656691
257992	656665
257998	656619
258000	656587
258000	656572
257993	656550
257969	656500
257948	656451
257937	656430
257925	656417
257902	656405
257855	656383
257826	656371
257806	656362
257795	656354
257785	656341
257779	656324
257777	656306
257778	656285
257784	656260
257793	656239
257804	656219
257807	656208
257802	656183
257792	656161
257784	656150
257740	656118
257721	656103
257701	656091
257676	656080
257660	656069
257651	656059
257642	656044
257633	656016
257627	655984
257621	655961
257616	655947
257608	655931
257606	655918
257607	655900
257615	655873
257622	655859
257635	655845
257680	655823
257695	655814
257713	655797
257732	655763
257736	655744
257736	655728
257736	655728
257728	655710
257706	655669
257695	655653
257684	655642
257652	655618
257615	655598
257572	655577
257553	655565
257515	655538
257503	655526
257493	655514
257483	655505
257476	655503
257467	655502
257418	655513
257391	655515
257323	655510
257308	655506
257301	655503
257285	655485
257265	655456
257251	655439
257170	655358
257153	655337
257119	655319
257098	655310
257000	655284
256954	655270
256954	655270
256921	655259
256911	655252
256906	655244
256901	655214
256898	655133
256915	655089
256931	655036
256935	655015
256936	655000
256936	655000
256938	654984
256956	654907
256963	654863
256968	654845
256976	654831
256997	654803
257024	654779
257032	654762
257034	654743
257031	654727
257025	654715
257009	654692
257008	654684
257015	654666
257024	654651
257036	654636
257049	654624
257069	654610
257075	654601
257075	654601
257091	654571
257095	654559
257097	654534
257094	654508
257091	654500
257068	654449
257050	654417
257045	654401
257045	654390
257058	654342
257062	654333
257068	654325
257095	654297
257142	654243
257176	654219
257302	654153
257358	654119
257378	654089
257381	654082
257382	654061
257364	654009
257349	653961
257339	653941
257339	653920
257336	653908
257317	653870
257274	653823
257271	653816
257273	653808
257277	653804
257281	653803
257295	653803
257328	653808
257339	653807
257346	653805
257361	653793
257371	653762
257383	653697
257380	653671
257377	653662
257368	653646
257355	653632
257323	653591
257319	653578
257322	653567
257325	653564
257336	653561
257349	653562
257364	653566
257402	653584
257411	653586
257417	653584
257431	653573
257452	653554
257462	653543
257478	653520
257495	653509
257497	653501
257498	653468
257498	653463
257483	653441
257480	653439
257440	653431
257437	653427
257439	653420
257450	653397
257461	653390
257513	653369
257532	653368
257546	653373
257563	653384
257590	653405
257610	653427
257621	653435
257631	653437
257637	653437
257656	653431
257665	653430
257697	653430
257711	653433
257730	653441
257753	653453
257828	653501
257831	653504
257830	653508
257835	653523
257836	653536
257821	653572
257804	653593
257803	653599
257805	653609
257816	653627
257832	653641
257856	653649
257868	653649
257877	653647
257919	653603
257956	653556
257975	653515
257976	653510
257962	653453
257962	653448
257965	653426
257962	653416
257972	653408
257983	653402
258017	653393
258028	653388
258034	653380
258045	653355
258047	653347
258048	653315
258057	653264
258066	653202
258068	653167
258079	653099
258077	653093
258057	653067
258055	653061
258056	653057
258063	653053
258072	653052
258087	653059
258113	653076
258118	653076
258127	653071
258137	653061
258141	653050
258139	653042
258122	653016
258121	653004
258131	652985
258144	652967
258156	652953
258170	652942
258177	652939
258240	652939
258264	652936
258273	652943
258299	652974
258306	652985
258317	653018
258355	653067
258376	653079
258390	653080
258403	653075
258414	653067
258477	652963
258502	652940
258512	652928
258519	652913
258524	652899
258525	652883
258519	652822
258521	652745
258540	652697
258540	652697
258544	652685
258549	652656
258548	652647
258545	652640
258537	652632
258528	652625
258525	652618
258526	652587
258532	652570
258532	652554
258527	652537
258506	652496
258495	652459
258497	652442
258519	652385
258526	652375
258533	652367
258538	652364
258600	652364
258624	652367
258651	652373
258664	652380
258677	652391
258689	652393
258703	652387
258723	652366
258735	652351
258743	652336
258758	652297
258759	652287
258758	652268
258757	652255
258752	652239
258757	652199
258765	652171
258773	652160
258795	652138
258799	652137
258808	652143
258813	652143
258827	652137
258829	652134
258830	652096
258822	652059
258823	652048
258828	652040
258835	652036
258866	652030
258871	652026
258873	652013
258869	651986
258868	651955
258921	651881
258926	651865
258928	651848
258934	651835
258938	651830
258950	651824
258955	651819
258965	651775
258981	651767
259009	651756
259036	651785
259046	651792
259047	651784
259042	651739
259053	651710
259054	651703
259047	651678
259048	651672
259064	651653
259069	651650
259076	651648
259091	651648
259099	651651
259109	651644
259120	651633
259127	651621
259128	651602
259123	651595
259114	651589
259106	651586
259097	651584
259078	651589
259042	651587
259033	651584
259006	651566
258996	651563
258993	651554
258996	651533
258998	651526
259017	651511
259052	651493
259077	651483
259093	651480
259122	651482
259136	651488
259153	651487
259182	651474
259214	651456
259234	651447
259249	651438
259253	651432
259252	651430
259239	651407
259241	651402
259247	651399
259258	651396
259271	651397
259293	651403
259300	651403
259305	651401
259314	651392
259316	651388
259317	651379
259317	651365
259319	651359
259343	651324
259354	651298
259383	651268
259385	651258
259387	651223
259389	651208
259392	651205
259408	651208
259433	651200
259454	651196
259503	651192
259575	651193
259605	651196
259614	651195
259625	651191
259638	651180
259690	651121
259696	651116
259703	651115
259711	651114
259726	651116
259775	651127
259799	651139
259805	651140
259810	651134
259813	651133
259850	651151
259867	651155
259877	651154
259885	651147
259896	651127
259898	651119
259902	651082
259888	651039
259880	651009
259877	651004
259867	650997
259862	650988
259862	650977
259868	650964
259874	650956
259874	650950
259868	650933
259857	650922
259837	650909
259813	650904
259809	650898
259810	650892
259818	650885
259828	650884
259850	650893
259863	650896
259887	650899
259917	650906
259927	650904
259932	650897
259941	650877
259954	650831
259963	650815
259967	650811
259999	650796
259999	650796
260023	650783
260034	650773
260041	650763
260046	650753
260053	650746
260062	650725
260071	650718
260088	650709
260104	650714
260116	650712
260143	650702
260167	650691
260178	650690
260194	650686
260220	650697
260232	650690
260237	650684
260258	650683
260310	650665
260325	650662
260398	650671
260429	650664
260420	650596
260433	650557
260443	650543
260467	650518
260475	650496
260489	650412
260515	650181
260532	650054
260551	650026
260556	650014
260557	650006
260556	650000
260556	650000
260554	649993
260535	649959
260539	649931
260533	649931
260531	649922
260530	649898
260538	649874
260539	649848
260543	649842
260543	649838
260460	649747
260476	649707
260467	649631
260480	649621
260487	649611
260494	649597
260496	649570
260496	649545
260490	649547
260492	649537
260485	649513
260488	649508
260500	649499
260508	649490
260513	649480
260511	649447
260508	649444
260502	649441
260500	649432
260496	649398
260498	649377
260509	649354
260536	649200
260540	649192
260578	649170
260644	649196
260706	649040
260706	649040
260709	649031
260679	648980
260689	648915
260676	648883
260667	648847
260660	648838
260648	648833
260646	648798
260642	648781
260637	648701
260641	648668
260648	648589
260611	648524
260582	648481
260522	648424
260513	648405
260478	648363
260391	648196
260342	648041
260347	648037
260332	647839
260193	647411
260236	647220
260248	647196
260260	647180
260320	647082
260324	647075
260330	647059
260396	646788
260421	646669
260448	646467
260448	646467
260439	646464
260429	646453
260420	646449
260416	646433
260404	646424
260394	646409
260382	646399
260377	646390
260338	646359
260331	646351
260321	646336
260317	646333
260310	646321
260302	646314
260290	646310
260273	646297
260256	646276
260246	646263
260239	646250
260214	646228
260186	646206
260170	646180
260159	646171
260140	646161
260125	646158
260092	646138
260000	646089
259999	646089
259999	646089
259817	645959
258942	645404
258937	645269
258924	645245
258908	645223
258845	645146
258813	645129
258813	645129
258800	645122
258801	645112
258793	645103
258773	645097
258752	645085
258733	645072
258721	645072
258715	645075
258712	645084
258706	645091
258701	645090
258699	645083
258703	645041
258701	645033
258696	645027
258688	645022
258677	645020
258655	645021
258650	645020
258642	645004
258647	645000
258646	645000
258646	645000
258646	644997
258644	644993
258629	644986
258625	644978
258626	644974
258628	644973
258644	644974
258645	644972
258645	644969
258636	644966
258632	644963
258629	644958
258629	644953
258631	644943
258634	644940
258636	644938
258647	644936
258650	644933
258651	644928
258648	644918
258640	644910
258638	644903
258635	644886
258628	644874
258613	644896
258617	644917
258615	644923
258611	644926
258547	644936
258523	644942
258520	644942
258514	644940
258494	644929
258469	644922
258455	644920
258443	644923
258439	644922
258432	644915
258427	644906
258414	644903
258394	644893
258387	644897
258380	644898
258375	644893
258370	644882
258367	644880
258358	644882
258353	644876
258354	644871
258350	644864
258341	644863
258336	644860
258330	644851
258314	644855
258307	644844
258293	644831
258272	644821
258257	644822
258255	644819
258254	644811
258250	644809
258242	644806
258208	644787
258200	644786
258197	644793
258194	644795
258178	644794
258171	644801
258168	644811
258169	644820
258159	644827
258154	644832
258147	644849
258132	644874
258122	644882
258108	644885
258100	644896
258095	644899
258088	644900
258077	644911
258065	644912
258054	644917
258041	644912
258036	644912
258031	644914
258015	644936
257998	644944
257993	644955
257992	644968
257993	644975
257986	644979
257977	644988
257974	644999
257976	645000
257976	645000
257978	645000
257975	645010
257966	645012
257962	645014
257971	645025
257976	645039
257977	645058
257982	645067
257982	645072
257976	645078
257977	645084
257999	645105
258001	645109
257998	645120
258008	645139
258008	645161
258006	645165
257993	645167
257989	645169
257986	645173
257982	645193
257980	645200
257976	645204
257964	645208
257949	645210
257946	645212
257950	645225
257948	645229
257938	645239
257938	645245
257942	645262
257941	645266
257937	645271
257937	645276
257941	645285
257934	645308
257925	645320
257920	645331
257914	645336
257892	645344
257884	645364
257888	645378
257864	645427
257854	645479
257849	645550
257849	645569
257846	645577
257822	645610
257789	645647
257771	645664
257688	645760
257662	645787
257602	645849
257559	645887
257523	645921
257289	645795
257167	645612
256608	645156
256608	645156
255796	645748
255752	645781
255260	645922
255238	645932
255210	645936
255000	645996
255000	645996
254434	646158
254046	646271
254044	646275
254036	646278
254032	646282
254029	646282
254021	646288
254011	646289
254005	646296
253991	646294
253991	646299
253989	646306
253981	646310
253963	646305
253957	646309
253949	646317
253941	646317
253935	646328
253931	646331
253927	646331
253833	646551
253742	646668
253719	646687
253711	646723
253706	646730
253692	646739
253677	646744
253658	646745
253485	647019
253476	647248
253454	647670
253442	647671
252567	647522
252248	647410
252200	647394
251761	648310
251759	648318
251765	648343
251773	648348
251780	648356
251788	648360
251804	648379
251833	648398
251824	648402
251815	648401
251811	648411
251805	648414
251801	648414
251797	648419
251791	648424
251789	648434
251795	648447
251793	648453
251785	648456
251772	648456
251765	648462
251762	648469
251757	648474
251757	648481
251754	648487
251746	648491
251743	648496
251746	648504
251740	648511
251740	648521
251731	648525
251715	648524
251709	648526
251696	648548
251696	648555
251692	648561
251687	648563
251683	648564
251676	648561
251669	648564
251664	648562
251660	648555
251650	648553
251650	648559
251648	648564
251647	648565
251640	648565
251637	648567
251631	648584
251630	648592
251635	648600
251636	648606
251622	648614
251617	648612
251614	648609
251612	648609
251609	648614
251609	648628
251607	648636
251604	648637
251596	648651
251592	648655
251588	648672
251572	648676
251567	648675
251563	648678
251558	648677
251537	648665
251527	648664
251522	648662
251519	648658
251513	648656
251498	648657
251488	648653
251464	648648
251460	648645
251457	648639
251458	648627
251454	648620
251443	648614
251422	648605
251415	648605
251404	648609
251382	648608
251353	648595
251343	648593
251323	648594
251267	648621
251258	648630
251261	648636
251265	648639
251266	648642
251265	648654
251259	648660
251245	648663
251240	648666
251237	648671
251234	648684
251220	648696
251215	648707
251207	648713
251201	648712
251194	648706
251191	648692
251186	648692
251184	648694
251180	648706
251159	648730
251157	648737
251157	648742
251158	648744
251178	648753
251177	648758
251178	648761
251173	648774
251174	648775
251184	648777
251185	648778
251182	648791
251178	648794
251172	648795
251167	648794
251155	648783
251149	648780
251143	648783
251145	648806
251154	648823
251152	648840
251145	648852
251141	648855
251135	648854
251129	648848
251125	648847
251116	648850
251115	648855
251108	648861
251106	648861
251097	648854
251092	648854
251091	648874
251092	648881
251086	648900
251080	648907
251072	648908
251066	648897
251060	648892
251049	648889
251042	648874
251030	648878
251016	648888
251012	648889
251008	648886
251000	648871
250998	648869
250982	648873
250978	648874
250974	648872
250970	648867
250971	648860
250973	648856
250971	648851
250963	648846
250933	648839
250926	648846
250920	648870
250887	648932
250860	648985
250852	648992
250843	649050
250843	649067
250834	649118
250832	649142
250823	649190
250822	649211
250827	649219
250831	649235
250830	649247
250827	649252
250828	649262
250830	649271
250836	649284
250838	649292
250836	649300
250838	649313
250847	649338
250856	649360
250900	649445
250923	649472
250924	649476
250933	649491
250934	649523
250929	649536
250922	649548
250916	649569
250912	649573
250906	649575
250888	649575
250878	649571
250863	649576
250854	649576
250845	649579
250839	649581
250828	649595
250821	649599
250810	649604
250805	649603
250792	649612
250769	649617
250761	649620
250738	649646
250724	649667
250722	649673
250720	649680
250721	649699
250735	649712
250744	649726
250743	649730
250737	649740
250731	649759
250719	649785
250716	649788
250706	649788
250697	649791
250676	649803
250661	649819
250644	649825
250637	649836
250623	649847
250597	649877
250591	649880
250576	649892
250573	649894
250566	649894
250533	649913
250525	649934
250505	649936
250494	649943
250481	649958
250476	649961
250465	649976
250455	649988
250452	650000
250452	650000
250452	650001
250439	650012
250430	650028
250424	650031
250415	650031
250407	650047
250394	650054
250392	650058
250392	650068
250403	650090
250401	650091
250399	650096
250399	650109
250386	650111
250378	650119
250372	650144
250364	650141
250362	650146
250359	650148
250344	650150
250342	650153
250334	650213
250340	650216
250331	650304
250331	650304
250331	650306
250324	650300
250308	650301
250303	650299
250301	650277
250303	650272
250302	650271
250286	650267
250268	650259
250250	650243
250248	650242
250235	650245
250230	650243
250228	650238
250226	650226
250209	650205
250148	650178
250135	650154
250128	650138
250129	650127
250127	650121
250122	650118
250112	650118
250108	650117
250110	650101
250109	650097
250085	650082
250072	650069
250070	650068
250062	650068
250051	650072
250038	650065
250025	650064
250021	650066
250015	650072
249997	650075
249983	650066
249976	650048
249966	650043
249959	650035
249957	650031
249963	650016
249960	650006
249961	650000
249961	650000
249962	649996
249961	649989
249940	649962
249915	649941
249911	649936
249906	649921
249899	649917
249898	649910
249891	649901
249874	649891
249855	649890
249833	649886
249815	649873
249804	649875
249754	649842
249688	649787
249680	649785
249669	649793
249669	649793
249666	649793
249659	649786
249641	649774
249628	649762
249612	649755
249604	649756
249578	649727
249544	649712
249538	649706
249523	649687
249508	649676
249506	649666
249498	649641
249495	649637
249494	649630
249489	649627
249463	649577
249439	649526
249430	649504
249364	649392
249349	649379
249282	649297
249000	649609
248796	649832
248688	649959
248651	650000
248651	650000
248360	650320
248356	650326
248387	650356
248407	650383
248385	650478
248373	650470
248358	650495
248255	650694
248230	650739
248198	650779
248152	650825
248100	650862
248124	650901
248030	650948
248030	650948
247928	651000
247666	651156
247578	651211
247268	651399
247135	651641
247089	651677
246954	651767
246954	651767
246842	651634
246301	651798
246234	651826
246159	651860
245734	651995
245731	651988
245720	651972
245717	651971
245699	651971
245697	651962
245692	651966
245689	651959
245664	651943
245625	651909
245612	651893
245559	651770
245527	651677
245516	651661
245505	651650
245500	651639
245494	651633
245488	651631
245469	651631
245335	651608
245272	651586
245215	651575
245202	651575
245174	651567
245150	651563
245123	651560
245114	651553
245103	651556
245089	651552
245054	651786
245000	651797
245000	651797
244809	651836
244823	651912
244894	652108
244999	652205
245000	652206
245000	652206
245010	652218
245049	652225
245064	652223
245087	652234
245101	652241
245115	652250
245131	652265
245143	652271
245159	652285
245189	652315
245200	652331
245242	652373
245278	652403
245297	652421
245342	652553
245342	652553
245354	652588
245354	652588
245341	652599
245342	652609
245315	652634
245302	652645
245288	652658
245267	652677
245251	652690
245230	652708
245213	652725
245202	652735
245187	652749
245173	652761
245157	652777
245146	652774
245131	652768
245107	652757
245095	652753
245071	652750
245056	652748
245032	652746
245004	652747
244980	652745
244957	652747
244923	652750
244884	652752
244869	652737
244861	652726
244850	652725
244818	652727
244802	652728
244782	652734
244763	652744
244738	652760
244720	652771
244709	652778
244696	652780
244684	652781
244674	652783
244659	652779
244634	652768
244613	652758
244582	652740
244569	652739
244567	652732
244571	652720
244575	652715
244562	652704
244553	652701
244544	652699
244539	652695
244531	652695
244521	652700
244508	652704
244499	652707
244485	652706
244470	652710
244447	652715
244421	652720
244397	652724
244368	652730
244340	652736
244317	652740
244305	652743
244298	652731
244292	652716
244288	652705
244280	652700
244269	652693
244263	652684
244257	652677
244248	652677
244236	652675
244220	652669
244208	652658
244197	652653
244175	652650
244165	652653
244151	652660
244144	652663
244133	652669
244124	652669
244114	652669
244101	652666
244072	652660
244050	652655
244028	652650
244003	652644
243977	652639
243936	652629
243915	652624
243899	652620
243876	652609
243853	652598
243818	652580
243806	652573
243792	652565
243777	652557
243765	652550
243756	652543
243745	652535
243736	652527
243729	652520
243721	652515
243717	652508
243709	652504
243699	652498
243685	652492
243675	652487
243667	652481
243657	652477
243646	652476
243643	652483
243641	652491
243628	652492
243615	652494
243609	652497
243603	652507
243594	652514
243581	652519
243572	652521
243551	652520
243532	652516
243508	652507
243490	652499
243466	652490
243437	652481
243420	652475
243401	652469
243392	652466
243374	652459
243365	652457
243351	652461
243339	652468
243327	652471
243308	652478
243293	652485
243287	652487
243279	652489
243264	652509
243239	652542
243225	652559
243210	652579
243191	652604
243190	652619
243180	652633
243165	652651
243149	652672
243148	652698
243149	652711
243150	652748
243152	652793
243154	652834
243159	652876
243163	652890
243171	652909
243168	652925
243155	652950
243130	652969
243114	652984
243112	653001
243108	653036
243104	653043
243101	653070
243094	653088
243086	653109
243081	653121
243078	653124
243066	653128
243060	653131
243053	653159
243048	653180
243045	653200
243044	653209
243052	653221
243062	653237
243069	653256
243079	653277
243083	653286
243090	653299
243098	653317
243095	653327
243086	653339
243091	653346
243083	653358
243073	653370
243063	653380
243052	653393
243046	653407
243038	653412
243029	653427
243022	653435
243012	653438
243002	653440
242988	653449
242973	653452
242953	653468
242929	653493
242919	653499
242907	653506
242902	653507
242893	653511
242884	653508
242877	653503
242870	653501
242857	653505
242852	653509
242847	653515
242838	653518
242828	653521
242821	653525
242796	653532
242772	653538
242739	653544
242732	653545
242721	653549
242714	653553
242705	653560
242684	653570
242659	653578
242641	653584
242630	653587
242630	653587
242623	653584
242617	653577
242614	653568
242606	653556
242604	653553
242596	653553
242579	653553
242577	653552
242568	653549
242561	653535
242556	653534
242552	653535
242546	653536
242537	653538
242531	653542
242526	653551
242521	653559
242516	653563
242506	653565
242488	653570
242483	653574
242479	653581
242463	653587
242463	653587
242450	653605
242443	653610
242426	653618
242405	653630
242387	653638
242381	653646
242373	653658
242359	653669
242336	653672
242306	653665
242284	653656
242262	653653
242245	653654
242223	653672
242216	653676
242196	653675
242197	653696
242189	653718
242176	653732
242156	653739
242132	653748
242132	653748
242138	653766
242118	653769
242080	653777
242062	653782
241999	653797
241999	653797
242006	653852
241979	653868
241971	653883
241971	653883
241963	653886
241887	653915
241850	653926
241823	653936
241823	653936
241866	654026
241903	654096
241995	654249
242000	654267
242005	654276
242023	654295
242038	654307
242048	654323
242055	654327
242078	654333
242085	654338
242089	654344
242092	654357
242094	654360
242094	654360
242078	654387
242058	654413
242018	654465
242000	654493
241972	654534
241947	654562
241929	654585
241907	654615
241890	654621
241889	654636
241885	654660
241857	654689
241831	654715
241820	654732
241786	654729
241755	654720
241735	654720
241697	654718
241672	654700
241644	654677
241601	654643
241560	654608
241538	654593
241511	654567
241496	654528
241484	654492
241457	654436
241451	654424
241427	654369
241387	654297
241366	654266
241333	654221
241303	654166
241269	654093
241201	654142
241132	654187
241079	654226
241022	654267
241003	654272
240965	654277
240933	654285
240912	654301
240897	654324
240864	654341
240864	654341
240737	654413
240717	654426
240716	654426
240716	654426
240720	654452
240723	654488
240722	654521
240718	654562
240705	654613
240684	654636
240659	654663
240624	654702
240595	654717
240569	654722
240569	654722
240544	654714
240528	654708
240500	654697
240473	654686
240447	654677
240423	654666
240400	654658
240391	654651
240379	654641
240363	654629
240345	654616
240327	654603
240312	654591
240288	654573
240274	654562
240261	654552
240251	654545
240229	654528
240214	654515
240174	654492
240082	654439
240030	654400
239982	654366
239937	654337
239899	654324
239867	654311
239832	654294
239815	654281
239783	654248
239760	654223
239740	654193
239717	654170
239698	654152
239668	654133
239647	654118
239628	654095
239619	654078
239610	654057
239602	654036
239596	654016
239591	653999
239587	653981
239583	653965
239575	653932
239570	653913
239566	653894
239560	653867
239557	653848
239556	653829
239556	653797
239555	653769
239555	653747
239554	653731
239553	653712
239547	653698
239540	653679
239533	653662
239526	653646
239486	653644
239439	653642
239379	653632
239325	653616
239281	653598
239217	653569
239217	653569
239197	653568
239155	653572
239112	653593
239095	653605
239076	653617
239076	653617
239028	653588
238958	653548
238866	653508
238866	653508
238865	653515
238856	653551
238852	653567
238846	653593
238845	653599
238837	653635
238834	653645
238827	653676
238825	653682
238821	653698
238820	653706
238822	653712
238824	653718
238830	653723
238836	653726
238846	653731
238861	653739
238869	653744
238886	653754
238897	653759
238929	653777
238936	653781
238940	653790
238938	653799
238933	653811
238914	653855
238910	653865
238900	653887
238892	653905
238886	653918
238875	653924
238850	653935
238824	653946
238789	653960
238757	653974
238719	653991
238702	653999
238679	654008
238647	654022
238618	654035
238591	654045
238570	654055
238559	654061
238554	654068
238552	654076
238553	654085
238559	654124
238560	654135
238562	654156
238564	654176
238567	654200
238570	654218
238572	654237
238578	654255
238582	654269
238582	654289
238583	654311
238583	654330
238585	654335
238589	654346
238593	654360
238597	654373
238599	654385
238599	654396
238602	654407
238605	654426
238609	654443
238607	654449
238608	654457
238616	654463
238625	654465
238632	654465
238643	654468
238654	654472
238664	654477
238666	654486
238669	654496
238672	654505
238677	654511
238686	654514
238688	654513
238695	654507
238705	654505
238717	654507
238720	654510
238724	654524
238725	654534
238725	654558
238729	654574
238730	654590
238727	654600
238716	654608
238705	654612
238700	654617
238703	654623
238712	654634
238717	654642
238725	654657
238731	654675
238727	654679
238720	654682
238699	654680
238688	654679
238679	654681
238672	654688
238678	654692
238685	654693
238702	654708
238718	654722
238725	654747
238725	654750
238732	654765
238752	654804
238759	654818
238768	654835
238776	654850
238796	654890
238808	654913
238815	654928
238816	654933
238819	654974
238821	654995
238821	655004
238824	655011
238827	655025
238834	655057
238836	655068
238840	655089
238840	655102
238840	655128
238841	655144
238844	655163
238849	655204
238852	655227
238856	655230
238866	655227
238895	655220
238925	655212
238933	655213
238941	655223
238949	655234
238970	655229
238980	655224
238984	655220
238992	655215
239010	655216
239019	655214
239038	655209
239057	655203
239078	655198
239108	655189
239124	655185
239151	655184
239166	655186
239176	655191
239189	655199
239207	655211
239219	655220
239229	655231
239238	655244
239250	655265
239278	655315
239291	655336
239307	655361
239318	655380
239327	655394
239332	655395
239375	655402
239397	655407
239425	655413
239457	655419
239482	655424
239510	655429
239520	655432
239533	655433
239545	655435
239549	655439
239553	655445
239561	655449
239559	655461
239570	655478
239579	655494
239588	655509
239597	655526
239613	655550
239613	655550
239613	655555
239602	655690
239631	655789
239664	655916
239652	655935
239623	655943
239607	655950
239579	655966
239525	656002
239485	656053
239474	656079
239362	656108
239341	656155
239342	656163
239360	656254
239352	656300
239341	656334
239332	656351
239324	656357
239314	656361
239291	656359
239286	656361
239244	656440
239238	656455
239235	656475
239234	656505
239236	656591
239242	656737
239240	656760
239236	656790
239231	656812
239226	656827
239218	656841
239206	656854
239198	656868
239188	656877
239151	656897
239092	656919
239086	656918
239081	656914
239061	656890
239044	656877
238993	656855
238972	656850
238957	656850
238942	656853
238922	656861
238900	656871
238866	656885
238854	656895
238839	656911
238811	656931
238796	656941
238765	656956
238759	656963
238756	656970
238754	657006
238752	657019
238715	657134
238714	657150
238715	657189
238716	657194
238722	657204
238757	657244
238762	657252
238768	657266
238777	657298
238797	657404
238797	657416
238793	657448
238788	657456
238775	657459
238641	657461
238627	657458
238596	657449
238512	657421
238478	657396
238452	657374
238422	657339
238397	657326
238380	657305
238376	657296
238353	657229
238352	657214
238355	657189
238356	657167
238346	657123
238341	657115
238329	657103
238310	657061
238301	657050
238294	657030
238284	657013
238281	656980
238277	656961
238265	656938
238248	656925
238236	656895
238221	656849
238221	656842
238231	656798
238306	656765
238309	656762
238311	656745
238311	656738
238288	656713
238260	656685
238229	656667
238196	656652
238188	656645
238168	656631
238154	656618
238138	656612
238115	656597
238107	656594
238093	656577
238085	656573
238078	656573
238042	656576
238024	656587
238014	656586
238000	656579
237996	656579
237994	656582
237994	656594
237987	656604
237979	656609
237965	656613
237960	656617
237952	656627
237949	656635
237948	656652
237960	656674
237977	656692
237981	656697
237981	656700
237971	656712
237957	656718
237944	656728
237940	656729
237933	656726
237866	656695
237862	656695
237839	656712
237818	656718
237767	656710
237749	656704
237732	656708
237725	656708
237686	656701
237677	656695
237663	656653
237653	656645
237637	656636
237625	656632
237584	656637
237574	656637
237527	656616
237505	656601
237482	656568
237467	656554
237453	656547
237429	656529
237401	656515
237372	656503
237362	656495
237357	656488
237346	656463
237330	656430
237297	656376
237293	656371
237256	656336
237237	656307
237231	656281
237231	656247
237229	656237
237220	656224
237203	656212
237191	656206
237182	656205
237168	656206
237157	656209
237114	656246
237100	656252
237064	656310
237034	656315
237026	656314
237020	656310
236973	656271
236917	656158
236902	656132
236904	656127
236893	656117
236882	656109
236866	656100
236832	656083
236815	656078
236795	656079
236709	656072
236701	656065
236677	656036
236669	656019
236665	656015
236656	656011
236641	656007
236622	655998
236608	655994
236604	655985
236600	655959
236603	655943
236583	655879
236579	655873
236569	655874
236564	655873
236552	655863
236549	655857
236556	655829
236555	655807
236556	655777
236555	655766
236548	655749
236543	655746
236537	655745
236521	655752
236509	655749
236503	655747
236493	655739
236473	655729
236468	655728
236455	655731
236437	655731
236426	655737
236420	655738
236342	655709
236321	655692
236311	655679
236301	655631
236294	655616
236289	655609
236276	655600
236194	655559
236189	655546
236156	655482
236146	655457
236042	655240
236032	655227
236020	655214
235981	655177
235948	655139
235932	655124
235922	655117
235914	655115
235911	655117
235908	655119
235904	655127
235902	655134
235905	655160
235901	655169
235890	655178
235887	655189
235886	655210
235888	655225
235897	655253
235919	655268
235921	655272
235920	655279
235916	655283
235893	655298
235891	655303
235895	655319
235895	655326
235891	655347
235874	655371
235847	655395
235853	655421
235846	655439
235837	655474
235834	655478
235828	655485
235816	655494
235810	655496
235803	655494
235791	655476
235781	655467
235767	655450
235762	655448
235742	655454
235721	655453
235702	655461
235680	655458
235680	655458
235624	655457
235588	655448
235563	655434
235544	655437
235532	655431
235529	655431
235518	655433
235509	655437
235503	655437
235494	655435
235477	655428
235470	655427
235460	655429
235452	655433
235449	655443
235447	655444
235403	655447
235374	655455
235360	655463
235348	655474
235340	655477
235327	655478
235317	655464
235295	655458
235277	655464
235258	655461
235198	655476
235193	655479
235175	655501
235164	655508
235143	655516
235108	655518
235099	655517
235095	655514
235091	655507
235089	655497
235085	655492
235071	655487
235049	655476
235044	655475
235041	655478
235044	655516
235053	655532
235058	655549
235058	655562
235055	655571
235052	655576
235046	655579
235027	655584
235023	655590
235004	655605
235000	655605
235000	655605
234981	655606
234974	655611
234969	655623
234967	655630
234968	655641
234965	655651
234953	655674
234926	655707
234916	655729
234907	655743
234892	655781
234892	655792
234903	655811
234908	655824
234910	655838
234885	655882
234875	655893
234865	655900
234851	655906
234829	655911
234825	655917
234826	655926
234842	655955
234846	655985
234845	656028
234842	656054
234843	656083
234834	656106
234829	656129
234826	656167
234823	656181
234823	656192
234825	656203
234831	656215
234849	656242
234857	656259
234898	656326
234913	656357
234971	656456
234977	656470
234994	656495
235000	656506
235000	656506
235014	656533
235011	656538
235001	656540
235000	656540
235000	656540
234994	656543
234983	656555
234966	656568
234958	656575
234944	656583
234915	656604
234905	656616
234891	656622
234885	656623
234869	656640
234860	656647
234849	656669
234839	656698
234840	656706
234849	656722
234874	656741
234897	656763
234904	656776
234874	656758
234845	656744
234804	656728
234786	656726
234739	656708
234622	656674
234604	656664
234590	656648
234197	656007
234070	655681
234000	655494
233911	655297
233911	655297
233837	655202
233805	655154
233791	655126
233780	655133
233769	655128
233766	655136
233744	655134
233739	655140
233733	655141
233720	655132
233703	655128
233703	655122
233696	655113
233690	655109
233678	655110
233676	655108
233677	655102
233666	655097
233661	655097
233640	655108
233627	655109
233627	655106
233636	655100
233644	655088
233646	655082
233640	655079
233626	655078
233613	655074
233608	655074
233598	655076
233578	655091
233570	655090
233565	655084
233559	655071
233540	655059
233529	655048
233521	655033
233512	655028
233499	655024
233478	655025
233472	655029
233461	655024
233456	655026
233436	655025
233397	655037
233383	655043
233364	655046
233354	655049
233345	655049
233312	655036
233289	655032
233276	655034
233257	655042
233249	655044
233249	655044
233230	655040
233220	655042
233195	655044
233193	655050
233196	655058
233204	655070
233222	655088
233246	655103
233246	655103
233248	655103
233270	655117
233278	655125
233285	655140
233293	655150
233325	655173
233338	655191
233346	655207
233349	655238
233360	655269
233368	655283
233370	655291
233369	655308
233367	655320
233347	655371
233346	655381
233348	655395
233356	655413
233361	655421
233392	655450
233396	655455
233398	655467
233399	655478
233396	655520
233398	655523
233413	655535
233418	655546
233419	655561
233415	655573
233404	655590
233396	655596
233376	655603
233346	655624
233338	655632
233327	655651
233316	655679
233314	655693
233314	655747
233313	655751
233305	655757
233298	655760
233270	655763
233256	655768
233237	655782
233213	655811
233213	655811
233196	655823
233186	655833
233173	655851
233163	655861
233120	655885
233109	655893
233091	655921
233084	655943
233075	655950
233069	655950
233066	655949
233055	655940
233043	655929
233032	655914
233019	655893
233010	655886
233001	655884
232987	655884
232971	655888
232958	655894
232946	655904
232923	655932
232898	655966
232873	656007
232870	656015
232871	656026
232872	656037
232876	656050
232878	656083
232890	656108
232898	656117
232906	656123
232918	656124
232952	656120
232958	656121
232970	656133
232977	656147
232979	656160
232978	656172
232968	656192
232955	656212
232950	656226
232952	656250
232947	656287
232942	656297
232928	656313
232909	656323
232888	656324
232873	656318
232858	656316
232839	656317
232825	656321
232818	656327
232797	656362
232795	656369
232795	656373
232800	656382
232807	656388
232811	656390
232832	656391
232847	656398
232854	656405
232858	656414
232859	656423
232856	656432
232838	656460
232819	656480
232816	656486
232811	656508
232807	656515
232797	656522
232772	656533
232752	656549
232737	656564
232722	656590
232712	656600
232698	656622
232686	656649
232682	656665
232682	656673
232688	656676
232703	656678
232714	656675
232719	656677
232721	656680
232725	656725
232721	656741
232711	656766
232683	656801
232678	656812
232672	656866
232675	656871
232680	656875
232701	656880
232723	656902
232727	656908
232727	656912
232724	656915
232716	656921
232699	656928
232689	656927
232651	656922
232648	656923
232647	656946
232645	656955
232621	656987
232601	657005
232582	657017
232580	657027
232586	657056
232585	657077
232579	657104
232568	657140
232564	657147
232556	657152
232533	657157
232518	657169
232507	657175
232501	657176
232490	657174
232481	657175
232477	657182
232475	657205
232470	657212
232464	657214
232414	657214
232383	657219
232366	657220
232354	657219
232326	657210
232268	657213
232240	657208
232219	657207
232180	657214
232176	657215
232174	657218
232174	657222
232176	657228
232207	657273
232220	657314
232220	657339
232205	657367
232206	657396
232200	657425
232204	657438
232222	657471
232228	657491
232232	657530
232231	657574
232233	657596
232238	657607
232250	657623
232265	657637
232277	657643
232304	657646
232316	657658
232319	657663
232319	657668
232306	657681
232307	657686
232319	657693
232355	657708
232370	657715
232379	657741
232379	657754
232382	657763
232392	657773
232410	657778
232423	657787
232433	657808
232439	657835
232440	657844
232456	657869
232469	657884
232474	657920
232464	657947
232466	657990
232468	657997
232473	658008
232490	658028
232492	658034
232492	658044
232493	658051
232502	658062
232504	658071
232502	658082
232498	658087
232489	658090
232475	658088
232467	658093
232457	658107
232450	658127
232450	658155
232457	658176
232462	658183
232470	658187
232490	658190
232502	658195
232507	658194
232510	658198
232510	658203
232506	658211
232495	658222
232480	658235
232464	658244
232451	658258
232457	658276
232478	658315
232476	658317
232470	658324
232448	658341
232432	658356
232417	658363
232412	658368
232398	658397
232393	658404
232383	658414
232346	658431
232339	658443
232309	658474
232305	658478
232303	658485
232290	658538
232272	658572
232268	658576
232234	658598
232226	658606
232224	658620
232227	658644
232227	658644
232228	658648
232227	658656
232223	658666
232208	658686
232200	658709
232182	658728
232184	658750
232178	658778
232179	658788
232182	658799
232179	658812
232166	658828
232155	658838
232135	658877
232131	658890
232133	658904
232131	658925
232133	658951
232126	658970
232125	659015
232122	659029
232118	659035
232114	659036
232085	659040
232080	659051
232077	659066
232079	659105
232072	659118
232066	659118
232060	659116
232057	659116
232053	659120
232048	659125
232042	659142
232034	659157
232030	659159
232022	659160
232010	659155
231996	659155
231982	659162
231973	659174
231970	659199
231974	659236
231977	659248
231975	659258
231971	659265
231961	659303
231960	659322
231961	659352
231958	659360
231947	659374
231942	659382
231939	659390
231936	659406
231933	659415
231925	659423
231916	659428
231895	659453
231871	659528
231871	659542
231875	659566
231875	659602
231869	659619
231857	659636
231843	659648
231840	659654
231839	659660
231841	659667
231840	659673
231841	659696
231840	659707
231832	659726
231826	659728
231822	659734
231820	659744
231821	659751
231827	659755
231839	659757
231844	659761
231847	659768
231846	659807
231842	659823
231822	659859
231816	659878
231809	659891
231774	659938
231768	659950
231771	659965
231770	659975
231766	659982
231758	659988
231738	659996
231719	659998
231709	659996
231697	659998
231688	659996
231677	660000
231677	660000
231674	660001
231668	660008
231666	660014
231663	660029
231665	660043
231664	660050
231660	660055
231638	660068
231603	660068
231595	660071
231579	660083
231572	660085
231566	660085
231547	660082
231503	660072
231480	660070
231461	660065
231441	660055
231413	660057
231389	660054
231366	660047
231346	660048
231320	660035
231310	660032
231292	660029
231283	660029
231269	660031
231260	660027
231246	660026
231237	660033
231208	660024
231195	660022
231186	660017
231171	660014
231165	660015
231155	660020
231139	660022
231105	660009
231046	660000
231046	660000
231046	660000
231010	659989
230994	659988
230983	659992
230975	660000
230974	660001
230966	660002
230966	660002
230955	660008
230885	660016
230726	660029
230653	660039
230572	660042
230482	660052
230246	660071
230153	660088
230000	660120
230000	660120
229936	660133
229845	660147
229715	660172
229594	660220
229545	660294
229532	660327
229451	660402
229293	660553
229119	660731
229084	660777
229000	660901
229059	661019
229191	661273
229431	661749
229544	661969
229251	662076
229039	662144
228315	662360
228146	662413
227906	662734
227552	662904
227353	663002
227353	663002
227326	663031
227271	663099
227075	663333
226996	663422
226927	663487
226336	663969
226073	664187
225786	664236
225783	664272
225785	664277
225797	664286
225801	664292
225799	664300
225790	664302
225785	664312
225787	664319
225787	664325
225776	664342
225775	664348
225779	664355
225781	664367
225782	664387
225784	664402
225782	664413
225776	664425
225776	664428
225776	664431
225790	664448
225804	664457
225811	664470
225817	664477
225814	664503
225809	664508
225805	664518
225806	664524
225808	664528
225815	664534
225814	664542
225817	664550
225818	664557
225815	664570
225822	664587
225823	664592
225816	664642
225815	664654
225816	664659
225819	664663
225841	664674
225845	664679
225848	664693
225854	664697
225865	664698
225879	664692
225888	664694
225896	664693
225898	664687
225903	664685
225906	664688
225908	664701
225911	664707
225925	664713
225936	664714
225947	664706
225951	664706
225953	664707
225954	664711
225949	664716
225948	664721
225950	664738
225953	664743
225959	664742
225969	664734
225974	664733
225981	664736
225990	664745
225993	664741
225993	664736
225997	664731
226001	664730
226004	664733
226000	664740
226002	664744
226026	664748
226029	664747
226030	664743
226029	664733
226030	664730
226034	664727
226052	664741
226063	664743
226075	664753
226079	664755
226084	664755
226091	664751
226095	664751
226114	664760
226127	664770
226133	664771
226142	664767
226145	664770
226146	664772
226145	664776
226141	664780
226143	664783
226155	664785
226164	664773
226168	664771
226171	664774
226172	664778
226172	664801
226180	664802
226185	664799
226187	664796
226186	664779
226187	664776
226190	664775
226198	664775
226202	664777
226203	664784
226207	664789
226223	664795
226232	664793
226238	664785
226242	664783
226265	664789
226282	664787
226298	664789
226304	664786
226306	664782
226306	664776
226308	664775
226322	664778
226327	664778
226329	664769
226335	664762
226349	664760
226372	664765
226395	664765
226393	664756
226399	664751
226403	664751
226407	664754
226412	664774
226416	664777
226427	664764
226430	664748
226434	664745
226450	664753
226468	664751
226473	664753
226478	664757
226483	664769
226489	664770
226502	664768
226534	664759
226550	664759
226554	664756
226560	664748
226570	664748
226592	664741
226602	664743
226609	664748
226617	664764
226625	664770
226633	664769
226643	664775
226677	664779
226681	664774
226687	664775
226689	664777
226701	664797
226709	664802
226714	664801
226718	664797
226722	664779
226728	664770
226740	664763
226745	664762
226751	664763
226756	664769
226755	664774
226753	664777
226738	664783
226737	664786
226738	664789
226745	664795
226747	664807
226754	664817
226781	664821
226791	664816
226794	664816
226796	664821
226789	664831
226790	664836
226799	664847
226809	664851
226816	664851
226833	664841
226846	664840
226866	664847
226876	664856
226883	664859
226891	664856
226901	664843
226912	664835
226917	664833
226928	664832
226936	664837
226942	664850
226945	664855
226950	664858
226956	664843
226965	664831
226977	664826
226980	664826
226990	664844
226994	664845
227023	664836
227027	664836
227035	664840
227043	664851
227053	664856
227062	664856
227075	664850
227083	664850
227097	664841
227100	664840
227119	664842
227131	664849
227149	664847
227164	664849
227195	664861
227212	664878
227220	664881
227231	664881
227241	664884
227255	664899
227264	664904
227270	664906
227281	664905
227299	664896
227310	664901
227312	664910
227323	664919
227326	664924
227329	664944
227328	664957
227323	664971
227323	664976
227329	664990
227347	664987
227359	664988
227365	664991
227374	664998
227380	665000
227380	665000
227410	665009
227427	665011
227443	665011
227469	665024
227478	665037
227491	665045
227520	665060
227538	665067
227578	665074
227610	665065
227622	665065
227653	665073
227701	665091
227709	665097
227712	665102
227715	665114
227715	665124
227722	665136
227729	665140
227744	665142
227737	665174
227737	665184
227741	665195
227758	665210
227783	665225
227793	665227
227815	665226
227830	665228
227842	665231
227847	665236
227858	665252
227863	665262
227872	665266
227882	665263
227882	665263
227876	665273
227867	665279
227863	665283
227860	665293
227862	665304
227861	665311
227859	665312
227850	665308
227845	665311
227847	665319
227851	665326
227851	665330
227851	665333
227843	665342
227845	665354
227842	665361
227835	665369
227837	665379
227832	665388
227830	665403
227825	665410
227817	665410
227815	665416
227813	665416
227811	665422
227813	665429
227812	665433
227806	665435
227791	665429
227787	665429
227785	665430
227783	665434
227784	665442
227780	665445
227751	665431
227739	665447
227731	665456
227726	665457
227713	665456
227700	665458
227697	665460
227698	665466
227712	665478
227712	665481
227702	665482
227690	665480
227685	665480
227679	665477
227679	665475
227677	665473
227670	665473
227663	665476
227662	665482
227660	665483
227648	665482
227644	665483
227642	665487
227643	665499
227638	665500
227634	665497
227623	665494
227615	665493
227611	665495
227607	665500
227602	665525
227596	665536
227598	665544
227594	665547
227586	665546
227582	665549
227578	665557
227584	665566
227582	665571
227580	665573
227572	665572
227570	665575
227571	665584
227560	665599
227549	665602
227543	665606
227538	665606
227532	665611
227530	665618
227514	665629
227501	665651
227494	665654
227496	665667
227492	665674
227492	665686
227487	665704
227482	665709
227472	665713
227470	665716
227467	665725
227458	665731
227447	665743
227444	665749
227430	665760
227419	665765
227412	665775
227394	665786
227375	665810
227370	665814
227360	665817
227353	665824
227352	665828
227329	665850
227315	665856
227309	665863
227306	665864
227303	665863
227296	665867
227291	665875
227271	665886
227258	665908
227252	665911
227251	665913
227241	665919
227238	665936
227218	665992
227092	666299
227081	666314
227079	666325
227082	666338
227075	666344
227063	666345
227059	666349
227058	666353
227060	666364
227061	666386
227049	666404
227051	666411
227060	666418
227062	666428
227058	666434
227052	666437
227031	666435
227024	666444
227005	666489
227003	666497
226998	666500
226984	666500
226979	666504
226977	666509
226977	666516
226984	666528
226984	666536
226981	666541
226974	666548
226963	666549
226959	666554
226949	666560
226949	666580
226943	666587
226943	666599
226939	666604
226931	666609
226925	666618
226922	666651
226926	666658
226945	666672
226948	666678
226945	666683
226926	666688
226916	666695
226909	666712
226906	666724
226911	666728
226912	666731
226908	666746
226908	666765
226913	666792
226913	666811
226895	666850
226889	666860
226879	666866
226871	666868
226868	666885
226861	666896
226854	666902
226846	666907
226840	666918
226818	666927
226812	666938
226810	666947
226794	666971
226742	666995
226732	666993
226725	666997
226711	667016
226687	667040
226672	667062
226669	667064
226665	667064
226663	667066
226661	667093
226641	667116
226637	667116
226634	667115
226621	667091
226621	667085
226617	667082
226609	667083
226595	667090
226592	667098
226589	667099
226584	667116
226578	667125
226573	667128
226566	667130
226543	667121
226537	667122
226533	667126
226526	667142
226524	667152
226527	667176
226525	667186
226519	667190
226501	667184
226498	667185
226478	667210
226462	667220
226430	667235
226411	667249
226400	667253
226376	667258
226369	667257
226361	667261
226347	667274
226339	667286
226334	667298
226324	667307
226280	667302
226277	667305
226272	667317
226261	667327
226226	667373
226220	667378
226205	667396
226196	667404
226187	667409
226179	667409
226164	667400
226144	667402
226136	667405
226122	667403
226111	667407
226108	667410
226104	667423
226107	667435
226113	667438
226139	667444
226143	667448
226140	667453
226126	667458
226083	667482
226077	667489
226077	667493
226079	667496
226094	667498
226108	667497
226110	667498
226112	667501
226110	667518
226103	667530
226100	667557
226097	667566
226088	667582
226080	667586
226062	667590
226053	667589
226039	667581
226030	667578
226003	667580
225993	667578
225991	667571
226001	667551
226001	667545
225999	667543
225979	667545
225950	667551
225918	667551
225914	667546
225916	667533
225911	667529
225905	667529
225900	667532
225897	667536
225895	667549
225896	667555
225908	667569
225912	667581
225910	667592
225908	667596
225904	667596
225898	667594
225891	667594
225886	667592
225880	667586
225875	667586
225873	667590
225865	667593
225842	667599
225829	667607
225784	667624
225757	667642
225737	667662
225731	667665
225715	667668
225703	667684
225694	667688
225650	667696
225634	667701
225594	667709
225572	667715
225560	667718
225518	667736
225484	667738
225440	667772
225421	667782
225405	667794
225391	667801
225374	667813
225369	667821
225370	667832
225364	667840
225353	667844
225322	667848
225308	667847
225277	667871
225275	667875
225275	667884
225277	667924
225268	667961
225270	667986
225270	668001
225267	668017
225265	668021
225257	668031
225241	668035
225220	668056
225215	668078
225210	668084
225190	668101
225187	668106
225186	668115
225194	668158
225195	668171
225194	668182
225188	668194
225177	668208
225136	668246
225116	668261
225105	668274
225101	668285
225102	668293
225104	668300
225111	668306
225117	668320
225118	668338
225114	668357
225104	668380
225094	668400
225078	668424
225069	668425
225061	668423
225049	668426
225019	668440
225011	668446
225004	668461
225003	668476
225009	668493
225031	668521
225036	668526
225039	668532
225039	668541
225029	668566
225031	668579
225037	668598
225037	668598
225039	668610
225036	668627
225016	668668
225008	668689
225000	668698
225000	668698
224995	668701
224970	668694
224956	668694
224939	668699
224935	668701
224929	668710
224923	668731
224919	668755
224919	668760
224926	668770
224941	668804
224946	668821
224947	668842
224940	668876
224934	668890
224917	668919
224911	668932
224901	668966
224902	668973
224907	668981
224940	668997
224956	669014
224961	669025
224962	669036
224961	669081
224957	669115
224947	669143
224944	669158
224944	669173
224947	669195
224946	669203
224938	669224
224937	669234
224942	669288
224947	669298
224956	669305
224962	669311
224964	669316
224965	669326
224962	669334
224954	669346
224954	669355
224943	669369
224932	669394
224928	669411
224929	669425
224943	669466
224945	669469
224966	669486
224972	669497
224970	669505
224964	669517
224966	669534
224965	669545
224968	669561
224973	669566
224981	669571
224986	669582
224997	669585
225000	669586
225000	669586
225020	669600
225046	669623
225065	669637
225068	669648
225068	669660
225062	669675
225058	669694
225049	669713
225048	669721
225050	669727
225074	669752
225077	669765
225077	669776
225076	669782
225071	669789
225067	669789
225054	669796
225053	669806
225041	669820
225036	669831
225037	669835
225049	669845
225052	669856
225052	669859
225045	669875
225042	669897
225037	669912
225036	669930
225048	669961
225048	670000
225048	670000
225048	670008
225039	670027
225017	670036
225016	670040
225016	670047
225019	670056
225023	670076
225036	670120
225033	670131
225023	670152
225000	670148
224975	670139
224835	670136
224517	670000
224516	670000
224516	670000
224205	669872
224098	669645
224095	669634
224091	669631
224080	669626
224076	669619
224076	669614
224074	669607
224069	669602
224055	669595
224052	669584
224042	669576
224034	669575
224024	669578
224019	669578
224009	669576
223998	669560
223990	669554
223975	669546
223964	669543
223949	669545
223932	669560
223930	669567
223932	669575
223925	669584
223905	669585
223884	669593
223880	669595
223872	669603
223860	669606
223847	669618
223825	669630
223814	669626
223804	669630
223801	669633
223797	669633
223787	669629
223775	669618
223749	669618
223730	669609
223726	669609
223723	669614
223719	669614
223716	669607
223719	669594
223717	669586
223713	669584
223712	669586
223702	669588
223701	669586
223707	669581
223707	669575
223703	669572
223687	669571
223685	669569
223686	669558
223685	669555
223679	669553
223656	669550
223651	669541
223640	669541
223637	669536
223634	669534
223627	669535
223618	669540
223612	669539
223610	669535
223608	669525
223599	669518
223594	669510
223587	669509
223583	669503
223581	669498
223590	669493
223590	669489
223583	669487
223575	669489
223569	669486
223567	669483
223568	669474
223566	669470
223560	669466
223559	669462
223560	669458
223570	669451
223571	669448
223564	669438
223570	669429
223567	669426
223555	669424
223552	669421
223546	669405
223543	669402
223537	669401
223534	669406
223530	669405
223529	669401
223531	669395
223540	669383
223540	669378
223538	669375
223526	669376
223519	669382
223514	669384
223499	669384
223489	669387
223474	669387
223463	669382
223453	669380
223419	669352
223415	669346
223405	669338
223384	669309
223380	669296
223368	669289
223354	669269
223351	669260
223352	669236
223350	669229
223332	669209
223313	669179
223302	669155
223270	669139
223260	669136
223243	669135
223237	669137
223224	669129
223218	669128
223204	669129
223178	669128
223162	669124
223153	669112
223133	669109
223121	669098
223118	669092
223113	669089
223071	669084
223066	669083
223061	669078
223048	669075
223026	669077
223005	669071
223000	669067
222972	669054
222966	669049
222949	669039
222932	669036
222919	669027
222906	669024
222894	669012
222882	669003
222851	668988
222841	668985
222813	668962
222792	668955
222783	668947
222783	668947
222751	668920
222722	668904
222695	668887
222672	668868
222651	668855
222611	668820
222599	668812
222592	668799
222587	668775
222583	668767
222558	668742
222549	668728
222540	668718
222535	668701
222528	668686
222524	668683
222514	668684
222493	668681
222484	668674
222481	668667
222481	668658
222486	668635
222486	668631
222482	668627
222467	668619
222452	668607
222442	668592
222437	668587
222422	668581
222407	668572
222392	668557
222388	668547
222387	668542
222390	668519
222383	668510
222356	668488
222347	668477
222342	668450
222341	668440
222339	668433
222335	668427
222330	668425
222323	668424
222301	668435
222270	668428
222255	668428
222246	668425
222237	668421
222223	668408
222218	668401
222216	668395
222217	668378
222211	668366
222160	668336
222145	668332
222124	668332
222095	668326
222076	668326
222068	668330
222047	668351
222004	668349
221991	668358
221971	668379
221962	668385
221962	668389
221964	668398
221988	668436
221993	668446
221994	668457
221994	668470
221991	668478
221988	668481
221982	668483
221977	668486
221975	668492
221974	668497
221980	668536
221978	668548
221973	668553
221951	668558
221926	668581
221909	668586
221892	668596
221874	668601
221855	668608
221846	668614
221840	668615
221824	668610
221818	668603
221787	668556
221763	668526
221749	668515
221728	668505
221714	668495
221706	668480
221706	668470
221710	668466
221714	668466
221724	668472
221727	668473
221730	668471
221733	668468
221730	668452
221727	668448
221711	668436
221693	668427
221676	668406
221672	668402
221666	668404
221654	668421
221647	668426
221635	668427
221619	668434
221606	668441
221595	668439
221589	668435
221565	668405
221555	668404
221547	668399
221536	668401
221519	668390
221506	668378
221494	668364
221474	668330
221461	668315
221439	668308
221425	668298
221398	668302
221387	668300
221375	668295
221359	668292
221345	668293
221327	668298
221321	668298
221305	668278
221292	668266
221282	668267
221265	668281
221245	668298
221217	668330
221207	668337
221163	668355
221149	668363
221141	668366
221121	668368
221078	668364
221045	668366
221006	668350
220992	668349
220943	668338
220929	668337
220914	668340
220888	668343
220873	668355
220869	668357
220864	668357
220857	668353
220851	668341
220836	668325
220813	668335
220799	668339
220791	668334
220776	668318
220749	668298
220742	668296
220717	668301
220681	668297
220669	668289
220667	668285
220668	668266
220666	668264
220622	668261
220610	668251
220578	668233
220571	668231
220533	668227
220498	668229
220489	668231
220464	668244
220427	668256
220404	668250
220374	668253
220364	668235
220363	668233
220355	668233
220346	668238
220318	668263
220310	668267
220301	668265
220277	668250
220266	668247
220248	668253
220228	668255
220218	668257
220198	668276
220188	668283
220182	668285
220130	668296
220110	668302
220099	668309
220076	668335
220062	668357
220059	668365
220055	668381
220053	668384
220024	668408
220019	668410
220006	668408
220000	668410
219999	668411
219999	668411
219967	668429
219934	668442
219912	668454
219896	668458
219887	668457
219878	668445
219868	668437
219847	668432
219831	668434
219785	668460
219772	668463
219749	668466
219726	668467
219671	668465
219641	668457
219584	668454
219577	668457
219561	668471
219525	668469
219517	668468
219505	668458
219489	668441
219458	668434
219435	668435
219426	668433
219395	668396
219389	668392
219372	668388
219361	668387
219361	668387
219322	668380
219287	668384
219261	668388
219261	668388
219152	668344
219032	668311
218887	668288
218744	668268
218507	668260
218069	668267
217164	668267
216816	668281
216816	668281
216851	668490
216920	668928
216955	669443
217038	669895
217122	670333
217275	670883
217386	671203
217533	671488
217804	672114
218027	672587
218117	672976
218222	673429
218326	673714
218451	673992
218584	674298
218730	674625
218855	675036
218966	675425
219099	676037
219154	676330
219217	676566
219300	676747
219412	676928
219614	677171
219913	677505
220094	677714
220268	677909
220546	678291
220797	678618
221002	678879
221002	678879
222180	678869
222866	678927
223086	678970
223086	678970
223286	679039
223467	679076
223727	679100
224061	679107
224479	679086
225029	679065
225592	679114
226177	679149
226706	679156
227124	679114
227583	679059
227938	678982
228216	678871
228592	678683
228856	678516
229291	678158
229605	677897
229855	677747
230161	677587
230506	677465
230986	677354
231171	677292
231292	677212
231369	677100
231463	676881
231585	676481
231773	676154
231943	675984
232284	675799
232514	675674
232636	675563
232879	675260
233231	674887
233231	674887
233448	674810
233555	674780
233660	674759
233790	674741
233880	674733
233985	674733
234205	674752
234311	674765
234311	674765
234422	674781
234994	674874
234999	674874
234999	674874
235197	674904
235377	674929
235463	674938
235583	674947
235583	674947
235694	674953
235747	674954
235791	674953
235834	674948
235894	674937
235961	674922
236118	674882
236243	674847
236285	674833
236399	674792
236541	674738
236889	674617
237074	674548
237074	674548
237140	674527
237191	674517
237274	674505
237371	674494
237371	674494
237521	674463
237647	674440
237750	674422
237817	674414
237869	674400
237911	674386
238000	674349
238071	674312
238104	674292
238147	674261
238147	674261
238413	674088
238489	674041
238567	673997
238619	673982
238642	673977
238678	673972
238776	673961
238839	673956
238994	673956
239110	673948
239159	673949
239214	673954
239285	673965
239357	673982
239514	674024
239546	674030
239599	674034
239689	674035
239733	674033
239836	674027
239885	674011
239999	673977
239999	673977
239999	673977
240131	673938
240228	673913
240259	673912
240335	673917
240363	673917
240363	673917
240429	673912
240585	673882
240600	673883
240623	673888
240635	673888
240659	673883
240694	673872
240726	673866
240793	673858
240793	673858
240965	673837
241139	673800
241347	673766
241606	673729
241731	673706
241799	673696
241846	673682
241890	673666
241953	673636
241993	673624
242170	673560
242190	673555
242373	673524
242509	673506
242635	673487
242739	673482
242827	673482
242935	673478
243071	673469
243295	673446
243493	673423
243546	673421
243662	673411
243690	673406
243727	673398
243741	673396
243756	673398
243786	673411
243816	673417
243857	673421
243939	673431
243987	673428
244048	673438
244211	673450
244322	673462
244381	673473
244413	673477
244491	673477
244536	673472
244577	673466
244647	673451
244696	673438
244805	673397
244871	673376
244896	673367
244938	673346
244999	673310
244999	673310
245007	673306
245249	673185
245374	673120
245374	673120
245500	673056
245600	673000
245735	672919
245797	672877
245832	672852
245863	672824
245920	672768
245966	672726
246000	672690
246133	672535
246177	672472
246208	672416
246208	672416
246219	672395
246257	672343
246331	672253
246331	672253
246482	672071
246569	671945
246686	671797
246720	671752
246752	671706
246781	671659
246843	671550
246879	671479
246891	671461
246904	671444
246904	671444
247063	671228
247112	671164
247175	671086
247250	671000
247250	671000
247281	670969
247298	670955
247376	670901
247376	670901
247460	670845
247500	670824
247646	670762
247764	670720
247806	670706
247868	670692
247979	670675
248145	670645
248222	670627
248327	670600
248436	670567
248509	670540
248604	670500
248652	670475
248739	670427
248810	670383
248873	670334
248902	670306
248961	670242
249111	670066
249166	670000
249166	670000
249336	669779
249447	669639
249582	669457
249694	669313
249694	669313
249717	669284
249737	669262
249826	669177
249879	669131
249879	669131
249908	669109
250000	669045
250000	669045
250017	669033
250086	668991
250150	668954
250270	668891
250363	668842
250424	668812
250424	668812
250451	668840
250475	668858
250475	668858
250484	668865
250505	668881
250516	668893
250527	668911
250537	668922
250565	668939
250575	668960
250587	668979
250600	668985
250614	668986
250622	668984
250632	668980
250658	668964
250671	668959
250682	668958
250693	668960
250703	668979
250710	668984
250713	668982
250720	668967
250726	668960
250748	668947
250763	668941
250776	668938
250788	668938
250800	668941
250805	668940
250876	668901
250891	668896
250908	668897
250920	668906
250927	668914
250930	668919
250930	668919
250930	668920
250930	668928
250922	668944
250921	668955
250919	668960
250904	668977
250904	668992
250902	668993
250902	668993
250896	669025
250895	669030
250884	669041
250869	669064
250860	669072
250848	669081
250847	669091
250857	669106
250870	669107
250883	669107
250920	669094
250932	669096
250962	669092
250975	669099
250992	669125
250992	669125
250996	669122
250998	669124
251004	669120
251017	669117
251031	669117
251035	669118
251043	669138
251054	669152
251056	669157
251056	669163
251051	669181
251052	669188
251066	669206
251066	669206
251070	669208
251082	669212
251087	669216
251089	669225
251091	669231
251095	669231
251101	669231
251111	669229
251129	669225
251138	669221
251144	669220
251155	669219
251163	669219
251172	669216
251179	669212
251186	669207
251194	669206
251204	669206
251214	669210
251220	669217
251224	669224
251226	669230
251228	669243
251235	669294
251236	669308
251238	669314
251241	669317
251249	669323
251252	669326
251253	669330
251255	669339
251257	669343
251260	669345
251265	669345
251274	669341
251291	669331
251300	669328
251308	669325
251313	669324
251327	669314
