1
3687
0
215084	573223
215094	573261
215101	573315
215100	573346
215097	573371
215094	573405
215103	573430
215111	573463
215108	573486
215086	573491
215051	573496
215033	573495
215017	573487
215004	573484
215001	573505
215021	573532
215043	573555
215056	573589
215069	573633
215083	573679
215089	573706
215106	573750
215114	573771
215113	573801
215105	573842
215098	573857
215089	573857
215071	573847
215048	573831
215021	573818
214990	573813
214964	573809
214942	573798
214913	573789
214884	573787
214848	573800
214811	573821
214786	573830
214774	573855
214755	573895
214743	573910
214746	573923
214752	573941
214755	573949
214764	573957
214772	573971
214778	573997
214779	574008
214773	574026
214768	574036
214774	574041
214784	574050
214792	574063
214802	574078
214810	574088
214817	574095
214821	574107
214834	574125
214845	574139
214847	574154
214848	574160
214861	574172
214875	574184
214884	574192
214894	574199
214898	574212
214904	574218
214911	574217
214922	574211
214928	574214
214931	574232
214929	574254
214928	574274
214925	574288
214920	574304
214916	574315
214918	574319
214926	574319
214934	574314
214939	574315
214946	574326
214956	574344
214956	574360
214957	574371
214962	574383
214972	574390
214990	574395
215014	574404
215030	574409
215039	574415
215052	574424
215066	574428
215069	574434
215066	574444
215064	574462
215076	574481
215090	574501
215105	574518
215116	574522
215132	574527
215133	574538
215128	574545
215117	574550
215116	574558
215126	574574
215130	574581
215132	574589
215134	574597
215140	574600
215153	574599
215166	574603
215177	574611
215181	574629
215182	574644
215188	574662
215198	574679
215204	574692
215214	574700
215227	574711
215232	574719
215230	574737
215232	574748
215245	574756
215257	574761
215270	574766
215276	574773
215279	574784
215277	574792
215271	574797
215257	574800
215249	574809
215248	574818
215261	574829
215276	574842
215283	574849
215288	574851
215304	574850
215308	574852
215313	574864
215307	574876
215304	574885
215307	574893
215321	574895
215343	574894
215360	574895
215371	574897
215400	574912
215428	574935
215445	574956
215464	574981
215480	574995
215484	575011
215499	575022
215512	575024
215526	575029
215532	575035
215532	575050
215528	575063
215522	575083
215525	575106
215527	575124
215532	575138
215542	575154
215554	575157
215566	575159
215573	575161
215577	575166
215596	575194
215611	575208
215622	575221
215638	575233
215646	575241
215650	575248
215653	575265
215657	575280
215672	575293
215684	575303
215691	575316
215700	575327
215703	575337
215709	575340
215712	575354
215717	575366
215729	575367
215746	575360
215755	575364
215755	575373
215749	575381
215753	575387
215760	575390
215770	575389
215777	575394
215776	575402
215776	575402
215781	575402
215806	575411
215818	575409
215834	575399
215839	575397
215853	575400
215858	575406
215865	575422
215875	575435
215876	575441
215881	575451
215886	575456
215892	575470
215897	575477
215901	575478
215908	575482
215914	575493
215920	575495
215928	575493
215942	575495
215958	575483
215978	575474
216003	575484
216012	575483
216028	575484
216039	575479
216052	575483
216057	575483
216063	575490
216072	575485
216080	575483
216107	575488
216110	575486
216114	575467
216131	575445
216162	575415
216188	575394
216209	575382
216225	575365
216229	575359
216233	575351
216240	575342
216251	575333
216266	575325
216289	575320
216303	575320
216323	575307
216334	575303
216366	575298
216377	575304
216394	575317
216405	575323
216413	575324
216433	575312
216447	575308
216464	575309
216478	575305
216493	575306
216505	575310
216525	575313
216538	575325
216562	575330
216574	575335
216598	575352
216619	575370
216632	575385
216633	575421
216636	575428
216643	575438
216649	575441
216668	575443
216688	575452
216694	575456
216701	575469
216715	575489
216725	575496
216746	575506
216778	575518
216870	575541
216892	575546
216901	575546
216910	575539
216915	575538
216934	575559
216938	575559
216953	575551
216971	575554
216990	575567
217003	575571
217023	575596
217032	575604
217036	575605
217053	575598
217057	575592
217067	575592
217078	575582
217090	575581
217102	575582
217112	575573
217116	575571
217120	575576
217136	575579
217139	575578
217151	575569
217157	575570
217176	575584
217184	575591
217187	575598
217190	575599
217197	575598
217220	575612
217223	575613
217228	575610
217234	575603
217238	575602
217242	575603
217254	575600
217263	575606
217273	575606
217287	575610
217292	575614
217312	575610
217322	575610
217328	575613
217330	575618
217341	575618
217345	575625
217350	575626
217376	575620
217382	575608
217380	575602
217386	575592
217393	575599
217398	575596
217405	575594
217408	575588
217417	575588
217418	575597
217422	575598
217442	575596
217458	575578
217480	575562
217485	575537
217496	575531
217509	575529
217524	575538
217528	575545
217532	575548
217550	575546
217556	575550
217567	575565
217574	575560
217587	575572
217597	575588
217610	575603
217632	575617
217641	575619
217646	575626
217648	575635
217647	575655
217653	575696
217660	575712
217665	575717
217705	575736
217713	575737
217720	575734
217735	575738
217751	575745
217788	575775
217797	575778
217807	575776
217819	575756
217825	575755
217829	575758
217837	575769
217851	575796
217858	575802
217909	575839
217928	575849
217935	575850
217938	575849
217940	575827
217943	575819
217948	575816
217958	575815
217964	575816
217970	575821
217987	575819
218005	575810
218009	575806
218012	575789
218020	575775
218023	575775
218036	575781
218040	575786
218039	575825
218032	575838
218032	575842
218039	575847
218085	575859
218095	575860
218100	575857
218103	575853
218103	575849
218085	575817
218084	575812
218087	575808
218091	575807
218111	575814
218123	575815
218129	575814
218147	575802
218160	575799
218168	575801
218178	575806
218204	575829
218215	575833
218225	575834
218235	575833
218239	575830
218240	575826
218238	575809
218225	575789
218224	575783
218225	575777
218228	575774
218255	575773
218277	575779
218332	575783
218350	575781
218372	575770
218379	575769
218387	575771
218391	575776
218398	575808
218399	575820
218393	575861
218394	575879
218397	575890
218402	575899
218408	575901
218428	575893
218437	575892
218453	575894
218472	575900
218488	575907
218504	575916
218519	575922
218551	575927
218575	575938
218581	575938
218585	575935
218586	575927
218579	575899
218579	575891
218583	575883
218587	575878
218592	575876
218597	575878
218612	575894
218620	575901
218633	575907
218648	575909
218663	575906
218686	575896
218719	575877
218747	575855
218787	575828
218794	575819
218798	575811
218799	575804
218796	575793
218789	575782
218775	575770
218739	575752
218734	575746
218727	575732
218724	575712
218724	575701
218731	575690
218749	575673
218757	575670
218765	575669
218803	575656
218825	575643
218834	575636
218838	575631
218832	575587
218835	575578
218841	575573
218865	575562
218882	575563
218896	575554
218923	575531
218934	575519
218937	575511
218936	575501
218923	575487
218897	575471
218895	575465
218889	575454
218849	575435
218843	575429
218838	575405
218846	575343
218849	575340
218874	575343
218878	575341
218892	575326
218908	575293
218922	575243
218929	575235
218941	575228
218952	575224
218980	575218
219030	575202
219055	575198
219060	575194
219065	575179
219067	575157
219066	575144
219061	575131
219052	575125
219041	575125
219035	575129
219031	575129
219026	575124
219023	575097
219027	575077
219032	575069
219037	575067
219041	575067
219051	575073
219058	575071
219062	575066
219062	575059
219017	575008
219012	575000
219012	575000
219012	575000
219010	574990
219014	574978
219011	574952
219008	574937
219009	574928
219005	574911
219007	574899
219010	574892
219016	574890
219049	574884
219062	574884
219083	574877
219091	574881
219097	574889
219101	574898
219110	574902
219120	574901
219126	574889
219128	574874
219139	574860
219141	574846
219141	574837
219138	574830
219134	574828
219117	574834
219110	574830
219105	574808
219096	574796
219136	574796
219170	574787
219203	574787
219213	574790
219236	574807
219247	574812
219261	574815
219284	574832
219301	574831
219322	574824
219339	574825
219350	574835
219368	574863
219403	574852
219408	574855
219413	574863
219419	574881
219428	574891
219441	574901
219446	574909
219446	574913
219442	574927
219445	574944
219461	574956
219466	574967
219470	574996
219467	575000
219467	575000
219464	575002
219459	575005
219455	575011
219463	575032
219461	575046
219462	575054
219471	575059
219477	575065
219486	575088
219517	575143
219523	575174
219525	575194
219523	575232
219520	575252
219512	575277
219507	575298
219512	575322
219512	575335
219503	575363
219495	575375
219498	575391
219503	575403
219513	575417
219522	575425
219524	575431
219520	575449
219529	575451
219544	575450
219549	575446
219555	575446
219558	575454
219566	575462
219569	575462
219573	575459
219580	575457
219594	575463
219603	575470
219609	575477
219613	575493
219617	575496
219626	575497
219625	575499
219631	575504
219639	575506
219651	575498
219665	575497
219672	575494
219679	575498
219687	575506
219698	575510
219723	575513
219749	575511
219758	575508
219770	575511
219786	575519
219795	575522
219816	575523
219835	575528
219843	575527
219862	575519
219873	575516
219896	575504
219915	575498
219932	575495
219956	575494
219965	575496
219972	575504
219974	575510
219984	575515
220000	575531
220000	575531
220005	575537
220008	575543
220019	575547
220038	575564
220044	575584
220054	575603
220090	575625
220090	575625
220091	575626
220119	575650
220144	575679
220191	575673
220253	575659
220303	575640
220335	575649
220365	575647
220389	575641
220421	575652
220453	575650
220480	575671
220500	575694
220516	575687
220540	575669
220572	575670
220586	575671
220606	575691
220646	575715
220676	575703
220690	575708
220706	575715
220712	575715
220722	575711
220752	575710
220757	575715
220772	575743
220779	575744
220782	575743
220789	575725
220796	575718
220805	575715
220814	575709
220828	575694
220848	575683
220886	575672
220905	575663
220914	575661
220924	575662
220945	575674
220952	575684
220961	575710
220970	575745
220981	575777
220984	575783
220991	575787
221021	575797
221042	575800
221051	575799
221095	575782
221135	575771
221160	575768
221183	575758
221195	575755
221248	575745
221276	575751
221285	575752
221296	575750
221294	575741
221280	575715
221278	575685
221272	575669
221272	575647
221269	575642
221247	575628
221237	575616
221231	575605
221241	575573
221239	575542
221263	575484
221281	575459
221290	575454
221301	575451
221313	575455
221338	575457
221369	575446
221395	575423
221410	575399
221427	575383
221441	575365
221454	575353
221492	575305
221558	575224
221571	575205
221615	575157
221678	575082
221695	575059
221711	575029
221716	575000
221716	575000
221716	575000
221731	574966
221735	574953
221737	574941
221740	574935
221752	574920
221775	574902
221749	574895
221696	574869
221679	574856
221654	574831
221641	574814
221629	574790
221621	574780
221619	574771
221618	574738
221612	574720
221601	574700
221584	574678
221577	574666
221569	574634
221559	574608
221528	574552
221526	574540
221529	574518
221533	574504
221538	574494
221551	574472
221578	574436
221597	574414
221605	574407
221619	574399
221639	574393
221678	574373
221694	574361
221703	574351
221729	574336
221775	574307
221793	574300
221808	574299
221824	574285
221834	574282
221834	574282
221837	574293
221832	574310
221835	574322
221833	574328
221844	574336
221849	574343
221858	574352
221877	574359
221884	574364
221902	574386
221919	574397
221948	574443
221952	574458
221956	574465
221982	574495
221985	574502
221989	574524
221992	574530
221999	574540
222014	574556
222025	574571
222032	574586
222037	574603
222043	574617
222051	574628
222077	574658
222093	574688
222103	574698
222115	574715
222129	574757
222144	574774
222160	574815
222166	574823
222184	574833
222198	574849
222204	574860
222214	574897
222221	574911
222232	574929
222237	574950
222241	574956
222256	574970
222263	574989
222269	575000
222269	575000
222270	575000
222289	575049
222298	575060
222322	575077
222336	575083
222355	575088
222362	575093
222377	575112
222390	575136
222397	575143
222408	575162
222411	575162
222417	575160
222425	575155
222430	575157
222441	575169
222449	575193
222456	575206
222464	575213
222490	575222
222533	575251
222549	575265
222570	575277
222579	575281
222596	575283
222611	575293
222622	575309
222639	575322
222655	575338
222678	575346
222687	575352
222695	575362
222699	575393
222706	575396
222721	575409
222723	575417
222722	575431
222726	575436
222724	575448
222765	575443
222805	575434
222826	575423
222866	575405
222909	575381
222939	575367
222993	575355
223028	575351
223072	575327
223138	575299
223225	575254
223317	575224
223347	575211
223390	575187
223414	575171
223500	575119
223552	575050
223623	575000
223623	575000
223637	574990
223657	574980
223660	574980
223664	574985
223667	574994
223671	574997
223679	574997
223683	575000
223683	575000
223700	575010
223704	575018
223712	575027
223712	575036
223715	575040
223727	575042
223739	575042
223742	575044
223748	575053
223771	575072
223780	575084
223797	575095
223803	575095
223815	575088
223828	575088
223843	575079
223853	575077
223867	575088
223883	575102
223897	575121
223902	575133
223941	575148
223947	575155
223953	575166
223956	575198
223961	575207
223979	575228
223978	575254
223981	575264
223996	575283
224001	575294
224003	575314
224010	575322
224016	575325
224027	575325
224038	575331
224045	575332
224084	575345
224097	575351
224127	575347
224139	575349
224149	575353
224168	575351
224192	575355
224207	575361
224224	575375
224236	575378
224247	575404
224252	575411
224265	575421
224288	575433
224292	575437
224293	575446
224292	575486
224300	575513
224309	575525
224320	575534
224332	575539
224353	575542
224367	575548
224374	575553
224379	575561
224385	575585
224398	575614
224407	575633
224415	575643
224423	575645
224459	575646
224465	575645
224473	575642
224508	575610
224528	575580
224538	575578
224567	575582
224587	575593
224610	575611
224625	575617
224630	575618
224654	575610
224659	575611
224670	575617
224678	575625
224683	575635
224699	575681
224702	575684
224707	575685
224717	575683
224719	575684
224736	575703
224738	575708
224739	575722
224741	575726
224751	575728
224774	575722
224782	575726
224783	575729
224782	575743
224784	575748
224797	575763
224801	575766
224812	575789
224820	575821
224824	575848
224828	575873
224828	575884
224831	575893
224835	575895
224842	575895
224853	575898
224871	575912
224881	575930
224884	575933
224899	575936
224918	575950
224926	575947
224932	575949
224939	575960
224954	575969
224959	575969
224972	575966
224989	575966
225000	575963
225000	575963
225017	575958
225025	575953
225029	575946
225031	575939
225029	575923
225029	575903
225034	575899
225056	575867
225051	575833
225054	575824
225072	575820
225084	575813
225093	575799
225099	575779
225094	575756
225088	575749
225088	575731
225084	575715
225089	575708
225089	575683
225097	575660
225100	575628
225098	575617
225088	575617
225086	575614
225088	575608
225094	575598
225101	575594
225115	575601
225125	575602
225134	575592
225144	575576
225156	575574
225163	575568
225180	575542
225182	575523
225185	575514
225181	575506
225182	575493
225191	575454
225183	575426
225188	575400
225194	575389
225203	575378
225215	575374
225221	575376
225246	575366
225255	575365
225262	575359
225276	575333
225282	575329
225297	575322
225330	575310
225370	575311
225393	575309
225403	575313
225410	575318
225431	575340
225442	575344
225465	575369
225478	575390
225519	575445
225525	575443
225544	575464
225550	575462
225555	575453
225566	575443
225578	575435
225587	575434
225599	575444
225607	575447
225614	575447
225626	575442
225635	575434
225646	575431
225658	575435
225665	575442
225669	575471
225679	575478
225706	575493
225716	575501
225723	575511
225745	575529
225748	575535
225744	575546
225742	575562
225745	575570
225754	575583
225767	575592
225777	575598
225782	575643
225785	575648
225805	575666
225817	575673
225829	575678
225850	575681
225856	575683
225869	575694
225878	575707
225892	575717
225902	575728
225916	575737
225939	575747
225944	575747
225950	575740
225977	575729
226014	575707
226022	575704
226032	575670
226057	575671
226063	575672
226070	575668
226079	575660
226087	575636
226100	575627
226133	575613
226151	575597
226175	575585
226183	575577
226187	575567
226188	575546
226213	575469
226220	575459
226230	575452
226237	575445
226245	575434
226264	575420
226286	575388
226290	575375
226292	575344
226295	575331
226299	575320
226305	575312
226305	575300
226308	575289
226322	575266
226325	575242
226337	575211
226348	575202
226366	575183
226376	575180
226394	575171
226404	575157
226425	575110
226435	575099
226441	575084
226449	575071
226465	575058
226475	575055
226512	575028
226514	575020
226513	575012
226509	575000
226509	575000
226508	574995
226508	574989
226513	574977
226515	574962
226527	574919
226530	574911
226538	574899
226539	574881
226544	574874
226553	574847
226558	574837
226566	574832
226579	574817
226590	574814
226626	574820
226646	574829
226655	574834
226663	574844
226695	574867
226712	574877
226735	574883
226767	574912
226789	574923
226801	574931
226807	574939
226807	574946
226805	574952
226797	574960
226796	574965
226797	574968
226811	574976
226814	574989
226815	575000
226815	575000
226815	575000
226817	575002
226842	575013
226869	575038
226874	575039
226879	575037
226899	575017
226919	575000
226919	575000
226931	574990
226954	574981
226985	574985
226998	574976
227013	574968
227026	574968
227033	574971
227040	574979
227041	574997
227042	575000
227042	575000
227050	575014
227062	575044
227069	575058
227085	575074
227093	575079
227099	575081
227111	575081
227129	575076
227155	575064
227172	575059
227199	575057
227212	575060
227223	575066
227226	575072
227233	575095
227251	575130
227258	575132
227271	575131
227297	575144
227317	575151
227325	575156
227397	575211
227415	575227
227424	575238
227434	575240
227457	575236
227469	575236
227495	575243
227497	575237
227533	575237
227544	575240
227549	575244
227560	575246
227576	575246
227588	575253
227598	575264
227613	575260
227635	575247
227637	575253
227651	575247
227656	575249
227671	575255
227712	575282
227722	575286
227741	575297
227803	575349
227810	575357
227820	575362
227836	575376
227842	575378
227857	575378
227868	575371
227894	575359
227903	575352
227912	575333
227924	575327
227934	575325
227957	575331
227966	575336
227973	575342
227983	575355
227983	575360
227973	575369
227973	575375
227977	575379
227984	575380
228008	575379
228014	575380
228021	575385
228025	575393
228028	575424
228019	575450
228017	575485
228026	575517
228038	575530
228046	575533
228068	575529
228074	575525
228078	575496
228081	575482
228097	575469
228107	575465
228115	575464
228126	575470
228148	575502
228176	575522
228202	575549
228236	575571
228242	575572
228256	575572
228265	575570
228270	575565
228303	575501
228318	575488
228327	575485
228371	575488
228424	575484
228463	575486
228500	575484
228532	575485
228607	575482
228677	575483
228755	575480
228818	575482
228824	575486
228833	575499
228903	575574
228909	575577
228919	575590
229075	575738
229065	575903
229061	576000
229144	576040
229273	576077
229322	576086
229366	576090
229413	576107
229430	576120
229494	576177
229527	576200
229550	576199
229647	576173
229674	576163
229727	576156
229736	576157
229830	576227
229857	576234
229896	576248
229964	576354
229972	576363
229979	576366
229983	576366
229981	576374
230000	576377
230000	576377
230011	576382
230016	576395
230024	576400
230028	576400
230031	576398
230037	576391
230039	576390
230042	576391
230044	576396
230042	576416
230060	576435
230066	576439
230074	576442
230103	576442
230108	576444
230112	576447
230119	576456
230128	576460
230133	576459
230146	576452
230171	576431
230183	576434
230193	576442
230196	576452
230199	576454
230215	576454
230238	576442
230247	576440
230263	576443
230293	576451
230310	576452
230313	576451
230315	576447
230314	576439
230317	576427
230313	576414
230323	576380
230320	576365
230329	576359
230334	576357
230345	576358
230351	576356
230360	576343
230365	576339
230379	576336
230388	576338
230392	576342
230395	576355
230398	576363
230409	576376
230421	576384
230438	576388
230438	576397
230440	576401
230444	576404
230460	576406
230500	576430
230513	576441
230516	576446
230519	576459
230528	576469
230539	576473
230544	576472
230552	576464
230559	576454
230566	576450
230592	576460
230599	576466
230605	576482
230615	576494
230620	576504
230635	576524
230643	576530
230654	576544
230680	576555
230689	576556
230700	576553
230710	576557
230720	576566
230729	576582
230740	576595
230752	576603
230764	576608
230775	576608
230802	576600
230805	576601
230813	576607
230821	576622
230836	576630
230850	576635
230861	576636
230889	576629
230899	576630
230912	576635
230920	576641
230928	576654
230945	576690
230950	576697
230968	576694
230982	576698
230988	576702
231000	576713
231012	576720
231042	576745
231049	576747
231056	576746
231079	576730
231086	576712
231085	576683
231090	576663
231087	576658
231078	576654
231074	576642
231071	576640
231062	576646
231058	576646
231050	576643
231032	576620
231031	576603
231028	576598
230992	576583
230982	576576
230977	576571
230974	576564
230974	576548
230977	576541
230983	576533
231004	576521
231018	576497
231032	576483
231050	576474
231067	576469
231071	576455
231082	576444
231094	576417
231114	576395
231118	576384
231119	576374
231119	576371
231111	576362
231111	576356
231119	576343
231120	576332
231129	576305
231159	576268
231162	576251
231161	576240
231150	576210
231145	576184
231146	576159
231143	576155
231144	576136
231141	576122
231148	576121
231142	576107
231117	576013
231098	575986
231087	575957
231072	575924
231064	575902
231069	575896
231075	575892
231104	575890
231144	575864
231150	575862
231162	575867
231165	575877
231163	575882
231152	575897
231150	575907
231154	575911
231160	575921
231166	575927
231176	575932
231189	575936
231195	575936
231208	575933
231212	575934
231217	575936
231227	575947
231233	575950
231242	575952
231255	575952
231254	575947
231277	575947
231303	575950
231304	575957
231315	575964
231330	575980
231333	575988
231337	576004
231345	576002
231355	576023
231354	576032
231355	576038
231364	576064
231391	576095
231404	576101
231417	576097
231422	576094
231425	576089
231426	576077
231435	576061
231438	576054
231439	576047
231437	576025
231439	576021
231443	576018
231455	576018
231471	576022
231476	576026
231474	576031
231532	576048
231580	576070
231605	576079
231608	576079
231628	576075
231644	576067
231656	576098
231660	576103
231669	576109
231684	576114
231734	576121
231767	576123
231783	576120
231803	576138
231818	576146
231850	576156
231850	576156
231858	576180
231870	576179
231883	576184
231943	576268
231949	576275
231960	576285
231966	576294
231970	576306
231993	576388
232040	576533
232048	576548
232057	576560
232082	576578
232091	576594
232097	576614
232094	576643
232097	576649
232113	576661
232167	576695
232211	576713
232238	576717
232259	576716
232290	576707
232344	576701
232394	576688
232409	576687
232422	576688
232448	576695
232502	576702
232521	576701
232540	576696
232582	576695
232604	576697
232633	576693
232650	576695
232663	576698
232676	576708
232695	576737
232734	576760
232747	576765
232778	576767
232805	576782
232836	576792
232876	576817
232889	576823
232911	576830
232928	576832
232957	576839
232970	576840
233003	576845
233034	576871
233055	576910
233065	576917
233074	576940
233089	576950
233106	576956
233108	576974
233114	576995
233116	576998
233152	577001
233165	577009
233180	577012
233202	577009
233212	577010
233223	577013
233234	577019
233258	577025
233322	577052
233352	577059
233372	577063
233405	577066
233464	577077
233493	577080
233549	577091
233565	577097
233581	577107
233591	577116
233629	577157
233647	577165
233658	577163
233664	577153
233667	577139
233667	577103
233670	577089
233672	577083
233683	577072
233692	577069
233703	577077
233712	577097
233719	577103
233725	577105
233750	577099
233761	577101
233790	577116
233805	577127
233810	577134
233812	577140
233810	577178
233812	577189
233817	577200
233834	577228
233863	577264
233890	577288
233903	577297
233920	577304
233975	577307
234027	577306
234033	577307
234071	577323
234122	577357
234134	577363
234146	577367
234162	577365
234170	577360
234176	577353
234181	577338
234180	577312
234170	577266
234160	577234
234158	577220
234158	577211
234160	577200
234164	577191
234174	577181
234178	577179
234199	577182
234208	577181
234233	577176
234244	577172
234262	577159
234271	577148
234274	577139
234274	577133
234269	577125
234262	577121
234253	577121
234241	577114
234231	577101
234229	577094
234233	577081
234246	577059
234257	577036
234264	577011
234265	577001
234261	576959
234252	576924
234233	576825
234231	576798
234237	576785
234272	576764
234277	576757
234281	576745
234291	576729
234315	576699
234326	576693
234333	576693
234341	576698
234359	576729
234367	576739
234374	576744
234383	576748
234399	576749
234414	576744
234424	576737
234437	576725
234457	576697
234491	576667
234511	576635
234523	576626
234529	576623
234537	576624
234544	576628
234562	576654
234573	576664
234583	576669
234589	576669
234597	576667
234621	576658
234676	576658
234707	576672
234719	576676
234736	576677
234743	576676
234752	576673
234763	576664
234768	576655
234781	576610
234802	576561
234827	576516
234854	576476
234891	576427
234928	576396
234966	576369
234995	576341
234999	576335
234999	576335
235079	576234
235097	576199
235110	576171
235137	576102
235176	576021
235219	575922
235255	575859
235281	575822
235299	575793
235321	575749
235361	575657
235370	575643
235386	575630
235425	575593
235438	575573
235448	575553
235454	575533
235459	575505
235479	575370
235491	575326
235503	575300
235524	575259
235540	575233
235562	575204
235569	575189
235600	575098
235611	575041
235616	575025
235627	575000
235627	575000
235627	575000
235639	574979
235681	574918
235686	574902
235698	574816
235699	574778
235692	574735
235685	574710
235661	574647
235652	574618
235651	574594
235656	574574
235663	574562
235676	574553
235697	574545
235729	574537
235761	574518
235769	574512
235819	574455
235838	574430
235846	574405
235852	574397
235870	574382
235878	574380
235882	574374
235883	574369
235884	574346
235896	574309
235895	574296
235870	574201
235855	574163
235854	574152
235854	574141
235860	574115
235872	574073
235887	574041
235897	574026
235989	573920
235999	573906
236009	573888
236064	573740
236076	573712
236125	573618
236143	573578
236163	573553
236174	573529
236234	573368
236247	573316
236269	573246
236292	573173
236307	573132
236319	573107
236357	573055
236368	573026
236395	572987
236437	572899
236477	572826
236556	572702
236576	572674
236592	572655
236627	572616
236668	572580
236691	572567
236703	572563
236712	572562
236735	572563
236758	572569
236776	572571
236788	572570
236803	572566
236846	572542
236883	572509
236904	572483
236942	572429
236967	572385
236993	572345
237059	572251
237074	572233
237082	572220
237092	572197
237100	572165
237100	572144
237094	572112
237095	572091
237104	572064
237115	572046
237193	571948
237258	571879
237344	571792
237425	571703
237501	571622
237527	571598
237552	571571
237560	571561
237586	571516
237606	571489
237629	571464
237629	571464
237666	571424
237747	571326
237777	571287
237817	571246
237872	571197
237881	571192
237892	571190
237909	571197
237918	571186
237939	571155
237969	571104
237980	571073
237990	571029
237992	571015
237992	570986
237987	570964
237967	570892
237953	570859
237925	570780
237924	570776
237923	570763
237927	570733
237944	570684
237953	570669
237965	570655
237978	570637
237987	570630
238008	570619
238029	570603
238072	570563
238106	570534
238213	570432
238284	570354
238337	570288
238364	570251
238367	570241
238367	570231
238365	570222
238360	570214
238345	570200
238335	570184
238327	570155
238325	570142
238326	570128
238330	570116
238337	570103
238348	570092
238358	570078
238373	570016
238382	570000
238382	570000
238382	570000
238386	569996
238419	569978
238441	569970
238450	569970
238460	569973
238471	569973
238479	569969
238494	569959
238504	569950
238513	569937
238524	569916
238532	569894
238533	569875
238531	569851
238535	569817
238531	569806
238510	569777
238498	569745
238496	569736
238514	569554
238513	569523
238514	569493
238522	569458
238530	569437
238535	569429
238548	569419
238552	569413
238564	569381
238595	569329
238613	569293
238622	569271
238627	569255
238633	569227
238635	569208
238632	569181
238625	569148
238623	569107
238623	569072
238633	569018
238631	569002
238630	568988
238644	568950
238652	568934
238677	568827
238674	568788
238674	568741
238671	568725
238640	568634
238624	568614
238610	568602
238598	568582
238592	568563
238575	568523
238575	568514
238578	568505
238593	568484
238606	568430
238618	568395
238627	568361
238644	568311
238665	568273
238688	568242
238705	568225
238722	568211
238725	568199
238730	568193
238740	568186
238797	568160
238803	568166
238807	568165
238811	568161
238814	568155
238816	568139
238818	568102
238814	568096
238795	568074
238766	568052
238745	568033
238731	568017
238698	567991
238691	567978
238685	567957
238684	567925
238689	567900
238699	567867
238735	567772
238743	567728
238774	567626
238782	567594
238784	567576
238782	567559
238771	567539
238763	567507
238751	567477
238702	567395
238681	567374
238679	567366
238680	567358
238682	567354
238691	567351
238696	567347
238707	567316
238716	567307
238727	567301
238741	567297
238759	567299
238776	567295
238793	567289
238813	567285
238867	567267
238889	567262
238899	567263
238922	567274
238950	567304
238970	567321
239020	567351
239045	567362
239063	567366
239078	567364
239137	567345
239148	567340
239158	567331
239204	567271
239217	567256
239226	567248
239272	567220
239281	567214
239297	567197
239308	567180
239313	567170
239318	567150
239320	567128
239320	567088
239325	567061
239338	567032
239365	566980
239363	566965
239363	566965
239388	566963
239419	566971
239449	566964
239476	566954
239520	566959
239566	566970
239599	566976
239680	566975
239704	566980
239716	566991
239750	567030
239795	567054
239842	567069
239918	567090
239947	567090
239964	567074
239999	567032
240033	566983
240068	566942
240083	566929
240102	566920
240119	566919
240149	566933
240170	566943
240218	566973
240253	566991
240271	566996
240298	566993
240319	566980
240346	566958
240372	566941
240399	566928
240433	566911
240468	566891
240513	566859
240551	566831
240575	566812
240613	566777
240659	566734
240693	566702
240759	566648
240788	566626
240810	566610
240854	566582
240882	566565
240924	566538
240943	566520
240964	566484
240979	566455
240995	566411
241001	566386
241001	566373
240988	566304
240977	566256
240969	566203
240969	566154
240975	566127
240990	566084
241013	566030
241027	566005
241041	565982
241059	565933
241083	565866
241098	565816
241116	565754
241133	565699
241152	565640
241173	565553
241184	565528
241219	565456
241244	565399
241250	565376
241253	565356
241259	565326
241262	565257
241264	565191
241265	565144
241265	565144
241265	565108
241267	565093
241275	565063
241296	565007
241300	565000
241300	565000
241304	564991
241335	564953
241342	564937
241353	564933
241432	564834
241447	564818
241465	564805
241506	564785
241546	564761
241560	564756
241580	564746
241596	564730
241604	564717
241614	564673
241623	564659
241628	564646
241645	564577
241645	564577
241586	564573
241543	564559
241500	564530
241465	564488
241449	564462
241449	564462
241447	564444
241447	564432
241451	564415
241460	564397
241461	564378
241463	564368
241483	564334
241491	564322
241494	564319
241507	564318
241512	564315
241528	564290
241537	564273
241545	564256
241543	564242
241545	564218
241550	564204
241557	564189
241566	564180
241578	564169
241586	564159
241590	564157
241590	564157
241604	564143
241614	564128
241614	564128
241626	564096
241636	564082
241666	564066
241684	564061
241696	564062
241715	564070
241725	564078
241772	564134
241783	564141
241804	564144
241871	564145
241889	564144
241933	564148
241953	564144
241970	564138
242000	564123
242020	564107
242049	564071
242071	564050
242103	564033
242118	564028
242141	564024
242172	564023
242184	564025
242211	564036
242277	564074
242316	564088
242329	564092
242354	564091
242389	564080
242395	564075
242406	564061
242415	564045
242421	564027
242496	563816
242507	563777
242514	563749
242515	563733
242513	563715
242505	563695
242496	563680
242484	563670
242462	563657
242439	563652
242365	563655
242310	563664
242272	563669
242249	563668
242229	563664
242199	563651
242188	563644
242177	563635
242166	563617
242160	563597
242161	563579
242171	563539
242183	563512
242201	563484
242220	563458
242237	563439
242280	563399
242301	563385
242326	563373
242345	563368
242369	563368
242388	563372
242436	563395
242486	563416
242551	563439
242606	563456
242677	563485
242700	563498
242732	563528
242744	563545
242749	563559
242751	563573
242747	563590
242741	563605
242731	563619
242714	563638
242674	563678
242662	563698
242655	563718
242644	563757
242642	563780
242642	563799
242648	563826
242657	563854
242674	563889
242691	563916
242729	563964
242763	564000
242781	564013
242798	564022
242821	564028
242846	564032
242875	564032
242890	564029
242909	564022
242928	564012
242938	564003
242952	563979
242964	563948
242974	563912
242981	563872
242998	563829
243026	563778
243039	563760
243048	563751
243064	563739
243073	563733
243084	563729
243101	563726
243125	563726
243157	563735
243181	563744
243206	563754
243245	563777
243336	563837
243363	563849
243387	563858
243399	563860
243422	563862
243432	563861
243448	563859
243462	563854
243491	563839
243521	563810
243550	563769
243563	563743
243571	563712
243574	563686
243574	563659
243571	563629
243551	563546
243548	563517
243547	563490
243551	563392
243559	563328
243569	563279
243589	563219
243598	563183
243600	563168
243601	563148
243600	563120
243594	563105
243580	563081
243543	563036
243506	563000
243442	562945
243430	562937
243410	562926
243396	562921
243361	562918
243335	562920
243312	562928
243295	562939
243265	562974
243239	563007
243165	563109
243146	563132
243134	563144
243102	563166
243084	563174
243066	563178
243038	563178
243010	563169
242982	563154
242964	563137
242927	563092
242907	563060
242876	562991
242864	562955
242859	562926
242860	562914
242863	562903
242870	562892
242881	562881
242913	562866
242939	562860
242960	562853
243081	562796
243098	562786
243119	562771
243181	562716
243197	562697
243249	562632
243268	562599
243304	562526
243355	562445
243384	562408
243410	562384
243436	562369
243477	562352
243503	562346
243541	562340
243558	562340
243584	562343
243611	562349
243676	562368
243705	562381
243756	562411
243821	562457
243938	562550
243938	562550
243975	562564
244038	562570
244121	562570
244183	562563
244227	562557
244271	562557
244323	562562
244354	562571
244383	562572
244411	562571
244450	562570
244450	562570
244533	562556
244661	562539
244699	562531
244720	562530
244739	562533
244755	562539
244780	562552
244787	562552
244879	562503
244929	562479
244999	562436
244999	562436
245008	562430
245068	562379
245091	562354
245103	562339
245117	562316
245123	562303
245131	562280
245133	562265
245132	562244
245128	562227
245126	562222
245126	562222
245119	562205
245110	562191
245075	562148
245000	562075
244999	562075
244999	562075
244887	561983
244872	561960
244855	561916
244847	561905
244828	561892
244755	561858
244733	561842
244721	561829
244713	561818
244704	561802
244700	561789
244697	561775
244698	561762
244705	561737
244758	561637
244785	561577
244799	561551
244820	561536
244826	561522
244848	561499
244861	561476
244868	561458
244870	561447
244866	561410
244860	561395
244861	561389
244866	561377
244868	561372
244861	561344
244854	561295
244854	561265
244856	561236
244860	561216
244869	561189
244877	561172
244897	561142
244934	561106
244958	561088
244992	561078
244999	561074
244999	561074
245141	560995
245172	560976
245208	560956
245273	560930
245336	560894
245407	560861
245500	560823
245591	560792
245679	560765
245801	560731
245948	560696
246151	560642
246184	560631
246198	560629
246265	560637
246294	560635
246306	560632
246355	560605
246381	560585
246404	560563
246437	560518
246451	560492
246454	560471
246454	560463
246447	560445
246436	560396
246434	560378
246428	560360
246429	560332
246432	560286
246448	560237
246459	560153
246477	560085
246478	560073
246480	560055
246478	560040
246468	560004
246465	560000
246465	560000
246455	559982
246445	559975
246433	559969
246416	559957
246405	559940
246357	559888
246335	559860
246287	559791
246257	559762
246236	559733
246170	559650
246160	559624
246126	559577
246109	559548
246092	559526
246051	559462
245989	559370
245950	559286
245942	559259
245939	559230
245887	559177
245879	559166
245874	559147
245873	559129
245876	559115
245884	559092
245889	559058
245888	559033
245882	558994
245884	558991
245890	558986
245897	558983
245903	558982
245899	558967
245900	558952
245895	558907
245883	558856
245885	558826
245889	558800
245898	558776
245911	558752
245938	558718
245962	558678
245985	558652
246000	558643
246038	558626
246063	558622
246110	558623
246120	558621
246124	558618
246186	558544
246271	558412
246313	558355
246410	558247
246439	558220
246490	558165
246539	558122
246590	558080
246652	558037
246673	558028
246725	558017
246757	558008
246801	557988
246833	557968
246874	557941
246908	557915
246940	557886
246968	557856
246985	557833
247000	557809
247019	557772
247034	557738
247052	557687
247075	557612
247135	557475
247143	557447
247180	557365
247194	557317
247206	557270
247209	557239
247208	557211
247204	557120
247197	557046
247190	556935
247172	556851
247170	556825
247173	556785
247156	556676
247156	556676
247151	556630
247145	556555
247135	556456
247129	556392
247118	556301
247111	556246
247106	556204
247095	556127
247091	556093
247084	556044
247074	555969
247067	555908
247063	555876
247058	555833
247051	555769
247043	555710
247027	555545
247013	555471
247004	555420
246996	555373
246987	555297
246979	555209
246968	555124
246961	555038
246958	554995
246958	554995
246957	554974
246956	554937
246957	554916
246963	554893
246969	554865
246975	554842
246984	554818
246989	554797
246996	554770
247005	554724
247009	554701
247027	554600
247034	554560
247040	554539
247040	554539
247082	554358
247129	554114
247178	553844
247206	553738
247206	553738
247258	553654
247304	553585
247319	553497
247337	553409
247420	553136
247439	553080
247538	552776
247552	552737
247683	552437
247705	552403
247885	552131
247935	552070
248010	551933
248049	551814
248049	551814
248083	551748
248328	551394
248526	551121
248875	550735
249071	550541
249175	550437
249710	549907
249852	549763
250345	549270
250539	549080
251136	548479
251226	548386
251823	547801
251930	547699
252502	547155
252648	547011
253238	546441
253367	546322
254045	545663
254730	545014
255396	544363
256054	543722
256716	543075
257237	542553
257403	542401
257784	542055
257784	542055
261167	538999
261167	538999
260459	539188
260210	539294
259752	539417
258873	539826
258820	539863
258451	540036
257657	540592
256972	541277
256882	541405
256790	541536
256327	541999
256327	541999
256219	542107
256159	542192
256085	542267
255894	542540
255782	542570
254904	542979
254167	543519
254104	543031
254114	542922
254037	542047
254037	542047
254029	541956
253799	541095
253791	541035
253770	540941
253697	540695
253869	540327
253906	540188
253965	540061
254216	539125
254229	538973
254316	538590
254400	537625
254316	536659
254065	535723
254017	535620
253880	535110
253471	534232
253325	534023
252924	533163
252358	532360
252083	531972
251910	531725
251225	531040
250670	530652
250096	530077
249835	529894
249773	529832
248979	529276
248100	528867
247164	528616
247097	528610
246776	528524
245811	528440
245484	528449
245355	528457
245134	528483
245004	528472
244039	528556
243102	528807
242982	528863
242921	528879
242043	529289
241739	529502
241560	529585
241144	529873
240500	530312
240420	530374
240221	530528
240120	530599
239979	530617
239523	530734
238380	531166
237574	531577
236880	531896
235294	532993
234904	533193
234784	533272
233990	533828
233704	534114
233597	534221
233140	534525
233076	534573
231867	535820
231761	535870
231572	536002
230778	536558
230093	537243
229537	538037
229127	538915
229062	539151
228803	539706
228725	539996
228553	540366
228302	541303
227665	541772
226660	542610
226408	542780
226408	542780
225036	543700
224012	544586
222881	545835
222810	545841
222440	545940
221673	546007
220737	546258
219859	546667
219820	546690
219261	547019
219261	547019
218776	547304
218430	547525
218216	547673
217383	548432
216699	547983
216843	547448
216921	546751
216930	546557
216924	546396
216922	546344
216920	546281
217025	546055
217122	545696
217177	545617
217588	544732
217710	544471
217961	543534
218005	543122
218005	543122
218041	542777
218051	542515
218055	542307
218046	542204
218200	541629
218237	541306
218269	541237
218373	540923
218489	540535
218597	540421
218814	540269
219089	539992
219089	539992
219511	539567
219712	539367
220268	538573
220677	537694
220928	536758
221012	535793
220928	534827
220850	534457
220721	533938
220632	533646
220797	533410
221207	532532
221458	531595
221542	530630
221458	529664
221207	528728
221030	528299
220940	528104
220586	527454
220478	527285
220044	526692
219358	526006
218663	525519
218663	525519
218564	525450
217686	525041
216750	524790
215784	524705
215691	524712
215432	524689
215094	524719
214965	524708
214750	524713
214542	524694
213577	524779
212640	525030
212370	525156
212303	525175
211425	525584
211271	525695
211211	525738
211025	525788
210780	525903
209844	526154
209618	526253
208739	526662
207945	527218
207752	527412
207573	527537
207379	527730
207134	527905
207134	527905
206448	528590
206372	528699
206196	528875
206024	529121
205899	529247
205764	529384
205300	529696
204615	530381
204059	531175
203989	531312
203940	531401
203889	531514
203589	532177
203338	533113
203289	533676
203230	533896
203203	534205
203138	534369
202887	535305
202803	536270
202887	537236
203138	538172
203195	538288
202639	539082
202388	539571
202330	539700
202172	540089
201921	541025
201874	541563
201571	542213
201496	542490
201395	542708
201169	543552
201169	543552
201144	543644
201114	543989
201037	544032
200842	544200
200210	544840
199654	545634
199245	546512
198822	546815
198137	547500
197801	547980
197193	548405
196579	549008
196381	549234
196310	549318
196243	549414
196190	549467
195627	550269
195473	550423
195405	550520
195248	550678
195146	550804
195081	550885
194470	551496
193914	552290
193859	552391
193824	552441
193744	552613
193581	552837
193474	553007
193374	553174
192965	554052
192925	554202
192831	554402
192725	554724
192688	554850
192543	555465
192457	556430
192362	556783
192313	556971
192265	557039
191855	557918
191807	558099
191527	558698
191354	558945
190945	559823
190879	560016
190803	560249
190783	560333
190588	560941
190407	561672
190323	562638
190361	563074
190343	563635
190317	563934
190328	564059
190311	564245
190330	564458
190323	564539
190398	565393
190374	565663
190382	565967
190395	566197
190429	566416
190423	566485
190508	567450
190670	568055
190585	569020
190673	570008
190720	570270
190734	570319
190745	570400
190995	571336
191375	572223
191471	572582
191571	572798
191571	572798
191575	572805
191594	572876
192003	573755
192313	574196
192410	574346
192569	574686
193069	575412
193184	575554
193247	575628
193726	576313
194411	576998
195205	577554
196084	577964
196321	578033
197257	578284
198210	578390
198289	578438
198547	578564
199425	578973
199666	579038
199666	579038
200001	578651
201356	577161
201694	576744
202057	576328
202659	575336
203175	574139
203506	572923
203740	572463
203740	572463
203989	572097
204188	571720
204485	571101
204561	570950
204688	570948
205060	571058
205271	571120
205501	571187
205634	571235
205634	571235
205662	571250
205662	571250
205663	571250
205693	571274
205702	571277
205733	571275
205758	571278
205786	571288
205798	571297
205835	571312
205868	571324
205930	571352
205969	571373
206025	571420
206079	571505
206086	571525
206117	571557
206129	571566
206163	571585
206194	571607
206220	571643
206239	571651
206241	571658
206246	571666
206287	571699
206287	571703
206297	571720
206304	571729
206322	571734
206326	571738
206331	571748
206342	571758
206416	571762
206431	571760
206639	571840
206843	571909
206841	571913
206934	571949
207254	572069
207283	572069
207620	572141
208034	572222
208220	572260
208395	572295
208395	572295
208597	572335
208741	572374
208829	572400
208925	572484
208971	572519
209030	572545
209069	572557
209109	572573
209439	572435
209635	572356
209733	572418
209807	572474
209858	572520
209928	572560
209977	572593
209977	572593
210017	572620
210026	572617
210036	572617
210043	572616
210048	572609
210052	572600
210058	572573
210057	572558
210057	572541
210059	572526
210067	572512
210072	572506
210074	572496
210078	572483
210082	572470
210082	572457
210079	572450
210081	572439
210088	572426
210091	572419
210089	572401
210091	572396
210093	572378
210095	572354
210098	572344
210097	572338
210092	572334
210090	572330
210088	572319
210088	572306
210099	572291
210106	572286
210108	572278
210106	572274
210103	572271
210099	572267
210098	572259
210098	572259
210097	572246
210095	572240
210091	572237
210086	572236
210081	572239
210075	572237
210072	572229
210072	572211
210068	572207
210063	572203
210058	572200
210057	572192
210066	572165
210066	572159
210064	572151
210059	572144
210048	572135
210038	572123
210041	572108
210046	572100
210055	572104
210063	572106
210071	572102
210086	572086
210092	572090
210097	572097
210102	572098
210132	572085
210140	572087
210152	572093
210177	572109
210182	572111
210189	572109
210194	572105
210203	572082
210208	572072
210214	572071
210220	572076
210240	572090
210248	572090
210258	572084
210268	572076
210275	572076
210281	572088
210286	572102
210289	572105
210293	572105
210297	572100
210299	572093
210307	572092
210315	572095
210316	572105
210311	572117
210311	572121
210316	572129
210321	572135
210330	572141
210337	572151
210344	572150
210353	572141
210362	572142
210366	572145
210373	572155
210383	572169
210396	572172
210411	572173
210422	572175
210442	572179
210466	572187
210477	572192
210489	572191
210497	572185
210504	572179
210508	572178
210513	572182
210514	572190
210520	572197
210529	572195
210536	572183
210536	572183
210541	572180
210559	572183
210575	572184
210596	572179
210608	572174
210617	572166
210619	572161
210617	572152
210608	572136
210606	572126
210611	572115
210618	572107
210634	572105
210648	572112
210660	572115
210667	572111
210659	572087
210654	572078
210659	572071
210672	572056
210687	572051
210694	572046
210700	572039
210710	572029
210728	572026
210742	572024
210755	572016
210763	572001
210768	571999
210780	572002
210787	572001
210797	571981
210802	571980
210806	571982
210812	571980
210824	571974
210835	571974
210839	571983
210839	571998
210841	572011
210851	572009
210862	571999
210865	571992
210871	571986
210878	571977
210880	571963
210878	571947
210877	571928
210885	571913
210894	571907
210906	571904
210912	571899
210918	571893
210946	571872
210953	571878
210960	571881
210976	571884
210985	571881
210988	571874
210989	571864
210990	571858
210991	571852
210987	571847
210976	571842
210966	571832
210963	571825
210961	571818
210962	571815
210968	571812
211000	571807
211011	571802
211017	571791
211026	571763
211025	571755
211022	571745
211011	571713
211011	571699
211011	571684
211019	571661
211030	571649
211040	571641
211044	571626
211042	571613
211040	571604
211037	571597
211037	571592
211042	571580
211041	571574
211036	571568
211025	571549
211024	571536
211028	571528
211030	571523
211029	571514
211036	571508
211045	571510
211048	571522
211048	571529
211052	571533
211059	571533
211072	571526
211081	571514
211082	571506
211082	571494
211077	571465
211077	571458
211074	571447
211067	571435
211064	571423
211069	571420
211080	571422
211085	571418
211087	571409
211088	571390
211081	571377
211077	571369
211077	571364
211079	571354
211097	571336
211108	571332
211128	571323
211142	571314
211153	571306
211164	571292
211159	571284
211155	571275
211132	571275
211121	571272
211112	571264
211107	571247
211106	571238
211104	571216
211103	571199
211111	571178
211121	571168
211134	571160
211135	571174
211137	571185
211144	571196
211153	571208
211159	571222
211163	571236
211167	571257
211172	571275
211179	571293
211185	571303
211190	571306
211202	571309
211213	571313
211221	571321
211229	571331
211234	571339
211243	571345
211258	571350
211275	571354
211279	571359
211280	571376
211281	571398
211283	571402
211286	571408
211293	571409
211300	571409
211312	571404
211322	571401
211327	571402
211331	571405
211336	571416
211343	571424
211364	571434
211370	571439
211374	571447
211380	571458
211390	571466
211403	571471
211422	571476
211434	571481
211437	571486
211439	571490
211446	571497
211451	571504
211452	571515
211460	571527
211467	571532
211476	571529
211487	571520
211495	571515
211505	571512
211513	571506
211523	571502
211541	571494
211553	571493
211564	571489
211578	571485
211591	571485
211605	571481
211611	571478
211619	571476
211629	571468
211631	571463
211631	571463
211650	571465
211670	571456
211701	571415
211720	571387
211746	571356
211776	571324
211805	571294
211839	571256
211876	571224
211892	571212
211942	571217
211987	571225
212025	571230
212078	571243
212122	571253
212177	571279
212224	571307
212263	571329
212305	571353
212336	571370
212430	571421
212473	571447
212522	571472
212559	571491
212594	571506
212640	571528
212673	571552
212691	571569
212713	571589
212732	571607
212751	571626
212757	571632
212782	571633
212821	571635
212871	571637
212920	571638
212947	571638
212986	571640
213023	571641
213060	571643
213066	571643
213070	571636
213074	571625
213080	571620
213089	571620
213099	571621
213114	571629
213121	571634
213135	571645
213154	571648
213181	571641
213199	571634
213213	571619
213231	571600
213251	571599
213271	571597
213282	571593
213288	571582
213289	571560
213284	571541
213279	571526
213265	571508
213247	571492
213222	571475
213204	571462
213193	571441
213197	571420
213201	571395
213207	571375
213207	571375
213218	571385
213239	571377
213268	571361
213284	571363
213292	571375
213292	571407
213302	571444
213318	571467
213318	571484
213303	571511
213302	571532
213325	571530
213358	571535
213398	571557
213444	571579
213481	571601
213493	571609
213489	571650
213487	571681
213523	571701
213546	571714
213545	571727
213546	571743
213548	571756
213553	571763
213560	571765
213568	571764
213572	571750
213577	571736
213581	571726
213591	571722
213599	571727
213603	571737
213604	571748
213599	571758
213594	571772
213590	571779
213586	571801
213585	571818
213585	571830
213589	571848
213586	571862
213578	571876
213568	571893
213567	571909
213572	571917
213572	571917
213590	571917
213615	571917
213646	571920
213674	571929
213699	571953
213722	571983
213731	571993
213745	572016
213749	572030
213747	572049
213740	572073
213743	572079
213758	572081
213784	572081
213801	572095
213822	572125
213844	572160
213869	572208
213869	572208
213882	572234
213896	572275
213903	572300
213923	572312
213939	572320
213983	572318
214021	572314
214048	572330
214072	572366
214089	572385
214120	572426
214154	572450
214182	572469
214212	572477
214256	572480
214277	572487
214307	572529
214339	572557
214373	572582
214406	572613
214415	572628
214431	572642
214466	572667
214474	572684
214476	572730
214485	572756
214504	572772
214536	572790
214553	572797
214561	572831
214573	572860
214591	572873
214611	572875
214645	572864
214677	572851
214697	572849
214706	572857
214717	572895
214732	572923
214759	572939
214796	572953
214841	572961
214873	572958
214893	572936
214914	572911
214938	572870
214954	572859
214954	572859
214973	572861
214987	572859
215029	572854
215079	572847
215082	572847
215081	572854
215080	572861
215094	572909
215105	572985
215112	573020
215116	573066
215121	573126
215118	573140
215113	573151
215084	573223
