1
6811
0
337985	644228
337908	644170
337868	644142
337782	644078
337763	644066
337730	644063
337666	644057
337604	644051
337479	644041
337354	644030
337237	644015
337178	644008
337166	644006
337157	644001
337157	644001
337154	644063
337187	644277
337052	644392
336989	644451
336957	644488
336850	644593
336799	644637
336695	644710
336697	644820
336700	644892
336699	644961
336653	645000
336653	645000
336653	645000
336549	645106
336526	645124
336396	645137
336299	645167
336256	645175
336193	645177
336187	645185
336162	645205
335989	645399
335856	645543
335848	645569
335820	645633
335789	645656
335755	645677
335680	645721
335662	645737
335614	645788
335543	645869
335540	645874
335542	645901
335550	645948
335559	645979
335560	646004
335558	646044
335565	646080
335584	646142
335565	646169
335478	646277
335458	646299
335410	646340
335371	646367
335345	646390
335331	646400
335318	646416
335281	646468
335241	646496
335195	646519
335159	646534
335102	646542
335074	646544
335055	646542
335000	646543
335000	646543
335000	646543
334820	646596
334551	646467
334456	646617
334069	646816
333670	646905
333477	647209
333250	647303
332874	647584
332862	647945
332835	647906
332498	647882
331998	647849
331888	647823
331785	647793
331637	647763
331587	647858
331539	647968
331530	648005
331522	648054
331512	648175
331512	648175
331471	648132
331170	647945
331097	647908
330950	647840
330832	647792
330765	647780
330649	647766
330524	647754
330329	647573
330000	647479
330000	647479
329711	647400
329703	647393
329601	647272
329382	647010
329293	646906
329205	646900
328822	647030
328563	647562
328657	647978
328526	648042
328485	648043
328354	648035
328293	648033
328271	648021
328222	648020
328163	648033
328126	648026
328132	648039
328132	648039
328142	648052
328162	648071
328168	648080
328178	648099
328179	648111
328182	648117
328180	648154
328177	648165
328178	648182
328170	648192
328159	648253
328156	648260
328147	648276
328134	648291
328087	648337
328064	648353
328034	648399
328023	648412
328017	648414
328010	648413
327979	648421
327972	648424
327968	648432
327960	648438
327953	648438
327939	648434
327930	648437
327919	648448
327893	648461
327880	648469
327866	648490
327850	648499
327837	648513
327829	648526
327820	648550
327811	648587
327803	648600
327797	648615
327796	648624
327800	648637
327796	648672
327797	648693
327786	648748
327786	648765
327781	648803
327781	648821
327782	648826
327787	648832
327796	648835
327800	648840
327806	648869
327799	648896
327801	648909
327868	649037
328029	649332
328074	649419
328143	649545
328152	649565
328170	649614
328222	649761
328245	649837
328252	649935
328254	650000
328254	650000
328254	650000
328271	650222
328183	650337
328166	650353
328152	650357
328142	650363
328125	650381
328117	650395
328099	650444
328089	650456
328075	650479
328043	650504
328030	650528
328026	650546
328008	650557
328001	650577
327977	650579
327954	650586
327929	650633
327927	650635
327901	650646
327883	650666
327869	650672
327860	650678
327818	650742
327810	650747
327791	650747
327767	650755
327755	650754
327748	650752
327734	650746
327728	650749
327726	650759
327721	650763
327697	650769
327692	650768
327681	650772
327662	650769
327648	650775
327644	650774
327641	650768
327628	650772
327613	650780
327607	650790
327598	650796
327589	650808
327577	650817
327564	650839
327553	650841
327551	650846
327551	650855
327549	650860
327526	650880
327502	650891
327496	650897
327490	650910
327465	650923
327434	650935
327417	650939
327397	650940
327389	650943
327384	650953
327391	650963
327392	650967
327390	650970
327387	650973
327383	650974
327376	650972
327369	650973
327364	650986
327358	650987
327350	650983
327348	650984
327347	650988
327349	650996
327347	651001
327338	651004
327315	651020
327302	651033
327301	651037
327301	651046
327292	651048
327283	651053
327279	651062
327276	651075
327280	651082
327282	651092
327274	651106
327271	651125
327249	651138
327247	651141
327240	651157
327242	651167
327241	651176
327228	651186
327224	651197
327221	651210
327208	651235
327208	651253
327216	651269
327215	651271
327206	651275
327195	651278
327186	651298
327183	651326
327188	651350
327184	651365
327184	651368
327194	651382
327194	651389
327191	651396
327163	651416
327156	651430
327154	651440
327162	651475
327163	651491
327164	651494
327170	651495
327172	651497
327170	651518
327175	651529
327174	651541
327174	651544
327168	651546
327165	651550
327161	651561
327158	651563
327146	651566
327143	651568
327141	651576
327143	651578
327160	651576
327164	651579
327163	651585
327160	651597
327146	651604
327144	651606
327143	651610
327146	651620
327135	651629
327131	651635
327131	651638
327142	651666
327141	651669
327135	651672
327130	651677
327138	651700
327137	651702
327123	651711
327119	651720
327127	651730
327130	651748
327129	651751
327121	651757
327120	651764
327138	651777
327138	651781
327133	651788
327132	651796
327133	651809
327139	651821
327133	651833
327133	651836
327136	651849
327145	651869
327151	651875
327166	651878
327176	651878
327181	651883
327183	651892
327188	651898
327194	651902
327203	651905
327224	651907
327229	651910
327231	651915
327230	651939
327232	651949
327246	651962
327259	651962
327262	651965
327257	651983
327260	652003
327259	652018
327271	652020
327278	652025
327281	652037
327288	652049
327312	652056
327317	652059
327320	652064
327321	652070
327316	652085
327316	652088
327321	652093
327337	652100
327337	652105
327333	652113
327333	652120
327335	652126
327344	652141
327347	652143
327359	652145
327368	652149
327381	652161
327384	652166
327384	652175
327386	652187
327397	652194
327404	652210
327410	652217
327417	652220
327428	652218
327431	652219
327430	652227
327433	652238
327431	652256
327432	652259
327439	652263
327441	652268
327441	652274
327445	652290
327446	652302
327455	652316
327454	652328
327460	652331
327466	652331
327481	652325
327486	652330
327489	652337
327488	652347
327478	652366
327478	652373
327481	652375
327491	652374
327506	652379
327511	652383
327515	652393
327519	652394
327527	652394
327533	652398
327540	652413
327543	652416
327560	652419
327568	652417
327575	652421
327579	652430
327581	652455
327584	652464
327589	652467
327601	652462
327607	652462
327611	652464
327612	652466
327610	652475
327622	652493
327628	652508
327646	652526
327650	652539
327677	652571
327637	652609
327583	652616
327498	652668
327322	652857
327014	653229
326919	653347
326860	653417
326785	653517
326698	653652
326533	653728
326424	653783
326398	653815
326397	653821
326442	653989
326648	654183
326679	654204
326688	654212
326733	654279
326739	654284
326789	654356
326797	654366
326806	654382
326832	654414
326857	654454
326864	654472
326862	654483
326851	654488
326850	654498
326843	654527
326831	654526
326827	654527
326822	654532
326821	654537
326822	654542
326826	654548
326837	654558
326837	654579
326843	654600
326841	654608
326849	654632
326852	654637
326820	654646
326392	654749
326388	654751
326389	654752
326379	654765
326372	654770
326272	654800
326263	654804
326229	654810
326192	654802
326177	654801
326024	654856
326023	654869
326040	654887
326045	654906
326051	654913
326062	654938
326066	654943
326071	654945
326109	654946
326119	654954
326123	654961
326139	654967
326151	654970
326166	654983
326177	654985
326195	655000
326195	655000
326195	655000
326201	655011
326199	655022
326201	655026
326214	655046
326215	655050
326212	655090
326213	655099
326226	655111
326240	655117
326240	655132
326262	655156
326266	655157
326267	655163
326285	655179
326286	655180
326293	655179
326296	655181
326296	655190
326285	655194
326287	655200
326286	655201
326286	655201
326119	655344
326098	655387
326070	655427
325953	655535
325942	655543
325928	655550
325881	655571
325870	655574
325854	655583
325837	655588
325832	655592
325823	655594
325812	655599
325804	655601
325798	655606
325775	655616
325764	655627
325757	655630
325753	655648
325750	655692
325755	655703
325774	655742
325786	655775
325809	655831
325813	655835
325831	655883
325831	655883
325832	655885
325866	655964
325876	655994
325897	656098
325850	656308
325800	656340
325797	656344
325783	656357
325767	656381
325697	656433
325569	656470
325567	656474
325808	657131
325598	657131
325490	657114
325467	657109
325438	657111
325415	657114
325313	657157
325302	657155
325249	657155
325160	657189
325150	657186
325023	656920
325000	656874
325000	656874
324988	656852
324917	656733
324829	656605
324721	656470
324328	656025
324305	656000
324211	655905
324211	655905
324124	655818
324117	655787
324108	655762
324052	655658
324031	655608
324016	655563
324003	655505
323950	655291
323943	655188
323739	655319
323722	655307
323690	655298
323581	655249
323570	655247
323556	655250
323550	655254
323547	655259
323546	655281
323539	655296
323528	655310
323507	655328
323489	655357
323486	655360
323466	655365
323459	655369
323439	655387
323415	655426
323403	655440
323401	655446
323391	655460
323386	655463
323380	655473
323365	655482
323355	655483
323334	655491
323327	655490
323313	655495
323291	655505
323285	655511
323259	655526
323233	655537
323223	655521
323210	655489
323202	655480
323199	655465
323186	655452
323147	655398
323146	655393
323150	655384
323149	655379
323146	655373
323137	655367
323135	655362
323135	655354
323141	655345
323142	655337
323138	655333
323123	655332
323120	655324
323122	655312
323119	655302
323104	655301
323099	655295
323098	655287
323093	655284
323086	655284
323081	655292
323075	655289
323072	655283
323074	655275
323059	655250
323048	655241
323044	655240
323037	655244
323035	655242
323031	655226
323031	655212
323020	655207
323017	655203
323019	655198
323025	655191
323025	655186
323018	655178
323014	655175
323008	655175
323009	655163
323008	655156
323000	655151
322988	655150
322981	655139
322971	655133
322969	655130
322968	655116
322962	655109
322931	655092
322911	655085
322903	655077
322897	655067
322891	655061
322888	655053
322889	655048
322900	655032
322891	655024
322888	655015
322885	655000
322885	655000
322885	655000
322878	654993
322874	654984
322868	654977
322851	654971
322845	654957
322828	654948
322817	654932
322813	654930
322800	654928
322791	654922
322744	654878
322724	654863
322693	654833
322678	654823
322664	654809
322648	654787
322623	654742
322579	654667
322570	654676
322528	654694
322321	654776
322171	654840
321982	654916
321661	654972
321233	654605
320937	654466
320852	654424
320787	654617
320743	654626
320727	654618
320278	654361
320158	654293
320000	654376
320000	654376
319701	654532
319014	654895
319020	654968
319025	655000
319025	655000
319063	655238
319122	655661
319180	656054
319185	656068
319185	656068
319214	656167
319221	656184
319221	656192
319213	656214
319219	656236
319224	656245
319226	656255
319225	656260
319215	656275
319064	656486
319001	656581
318951	656648
318951	656648
318933	656592
318928	656570
318924	656549
318923	656522
318917	656507
318910	656496
318892	656478
318825	656435
318787	656389
318742	656312
318709	656283
318664	656247
318655	656244
318648	656245
318629	656250
318611	656252
318585	656263
318553	656269
318532	656268
318511	656264
318456	656247
318443	656246
318424	656249
318413	656255
318399	656272
318379	656293
318327	656325
318308	656343
318296	656361
318280	656376
318273	656390
318273	656395
318277	656400
318298	656413
318304	656420
318324	656456
318332	656475
318340	656499
318343	656515
318338	656528
318323	656548
318322	656557
318323	656566
318327	656574
318345	656566
318357	656565
318364	656568
318368	656574
318371	656590
318372	656622
318374	656635
318377	656646
318393	656677
318396	656686
318397	656698
318393	656714
318388	656724
318384	656726
318329	656716
318307	656717
318289	656722
318256	656739
318230	656759
318201	656793
318186	656806
318163	656815
318150	656817
318140	656814
318124	656788
318110	656770
318091	656753
318078	656747
318058	656745
318047	656742
318013	656719
317990	656699
317983	656690
317981	656680
317986	656665
317984	656647
317979	656631
317966	656603
317958	656590
317949	656579
317938	656569
317926	656563
317902	656558
317880	656560
317842	656577
317813	656587
317800	656588
317787	656582
317773	656563
317768	656552
317767	656531
317761	656523
317757	656522
317737	656524
317703	656521
317677	656512
317604	656493
317593	656490
317571	656491
317557	656489
317550	656484
317529	656457
317516	656452
317507	656453
317502	656455
317478	656476
317453	656490
317430	656499
317414	656496
317411	656494
317408	656490
317398	656463
317382	656456
317361	656454
317350	656441
317346	656433
317334	656416
317328	656410
317307	656411
317301	656410
317265	656389
317245	656375
317194	656384
317182	656384
317173	656376
317169	656357
317160	656347
317151	656342
317099	656328
317094	656321
317088	656310
317085	656307
317080	656305
317073	656305
317069	656307
317063	656320
317061	656321
317020	656299
317005	656288
316999	656293
316988	656325
316981	656338
316971	656352
316951	656371
316943	656377
316935	656380
316908	656377
316897	656381
316891	656386
316879	656406
316875	656422
316872	656449
316868	656456
316858	656457
316842	656448
316835	656446
316817	656448
316802	656454
316792	656462
316783	656466
316780	656468
316779	656474
316777	656478
316756	656489
316722	656494
316687	656493
316662	656500
316654	656501
316647	656500
316615	656492
316597	656490
316587	656488
316577	656488
316555	656492
316539	656490
316512	656480
316484	656464
316474	656456
316467	656447
316452	656420
316435	656401
316422	656394
316419	656390
316417	656380
316409	656364
316414	656324
316413	656315
316409	656305
316400	656295
316387	656286
316369	656276
316361	656270
316355	656263
316347	656244
316339	656232
316313	656215
316305	656207
316300	656201
316297	656189
316291	656156
316288	656153
316283	656150
316255	656153
316219	656162
316179	656168
316157	656186
316129	656196
316121	656194
316115	656217
316086	656232
316060	656233
316034	656229
316025	656216
316028	656200
316026	656196
316007	656207
315978	656212
315965	656212
315950	656215
315938	656223
315916	656248
315872	656287
315807	656310
315775	656324
315768	656329
315751	656347
315734	656374
315732	656383
315729	656408
315725	656417
315702	656444
315675	656466
315647	656484
315635	656494
315624	656510
315622	656521
315626	656531
315653	656566
315667	656595
315669	656600
315678	656648
315689	656662
315700	656687
315705	656709
315706	656719
315713	656748
315710	656762
315710	656770
315713	656781
315711	656787
315711	656794
315717	656823
315724	656866
315737	656905
315739	656923
315734	656955
315735	656967
315760	657006
315793	657044
315795	657048
315795	657055
315790	657063
315781	657071
315735	657093
315726	657099
315724	657106
315725	657113
315740	657149
315748	657179
315750	657199
315748	657209
315731	657240
315709	657270
315679	657303
315667	657310
315655	657319
315644	657339
315633	657367
315592	657436
315591	657441
315593	657465
315592	657487
315589	657507
315584	657526
315581	657551
315584	657566
315601	657593
315601	657599
315597	657621
315594	657633
315586	657643
315576	657647
315560	657645
315555	657651
315552	657668
315552	657708
315551	657721
315542	657769
315532	657810
315533	657840
315521	657900
315504	657945
315473	657968
315467	657975
315464	657986
315463	658000
315471	658020
315484	658044
315493	658070
315494	658094
315490	658123
315480	658141
315444	658179
315398	658220
315373	658236
315347	658247
315338	658254
315327	658266
315292	658333
315280	658365
315259	658388
315245	658412
315238	658427
315237	658438
315246	658453
315241	658471
315235	658484
315223	658501
315193	658528
315187	658538
315176	658543
315170	658553
315159	658558
315150	658557
315143	658553
315136	658546
315130	658544
315125	658544
315109	658551
315097	658552
315077	658551
315068	658556
315072	658571
315071	658574
315067	658576
315064	658576
315060	658573
315054	658562
315051	658560
315046	658561
315031	658570
315005	658598
315000	658600
315000	658600
315000	658600
314986	658612
314982	658612
314973	658605
314967	658592
314962	658590
314953	658591
314945	658595
314931	658607
314915	658625
314902	658643
314894	658649
314887	658650
314861	658646
314846	658657
314839	658665
314836	658672
314837	658685
314849	658719
314837	658728
314831	658729
314822	658724
314819	658734
314823	658740
314831	658741
314834	658743
314835	658746
314835	658750
314825	658758
314824	658774
314826	658787
314837	658797
314838	658803
314835	658813
314820	658825
314817	658828
314816	658832
314820	658841
314831	658849
314835	658854
314838	658859
314837	658866
314834	658872
314829	658876
314815	658881
314813	658895
314808	658909
314800	658923
314785	658941
314775	658959
314773	658965
314771	658979
314777	658994
314777	659000
314775	659002
314769	659005
314750	659010
314746	659013
314747	659024
314753	659037
314752	659049
314746	659061
314717	659079
314693	659091
314685	659097
314676	659113
314674	659131
314677	659158
314674	659166
314671	659171
314650	659183
314644	659189
314639	659201
314650	659213
314654	659220
314655	659225
314647	659236
314637	659259
314636	659278
314637	659297
314635	659307
314634	659313
314622	659322
314621	659351
314611	659379
314599	659393
314588	659401
314585	659405
314573	659432
314565	659445
314564	659453
314560	659466
314545	659496
314534	659509
314519	659517
314515	659521
314512	659533
314506	659543
314504	659559
314502	659564
314493	659569
314490	659574
314483	659603
314475	659623
314452	659648
314340	659783
314332	659797
314327	659814
314327	659833
314327	659833
314309	659831
314296	659827
314132	659674
314112	659652
314095	659630
314078	659598
314063	659563
313953	659513
313830	659462
313779	659443
313721	659423
313715	659424
313678	659442
313657	659436
313532	659412
313360	659415
313302	659411
313231	659404
313198	659381
313129	659339
313000	659296
312924	659269
312894	659271
312822	659297
312795	659311
312706	659379
312706	659379
312460	659321
312398	659303
312349	659263
312248	659197
312191	659157
312094	659076
311939	658955
311837	658878
311703	658771
311653	658711
311527	658517
311415	658340
311368	658262
311145	658286
311062	658307
310730	658400
310695	658220
310545	658052
310519	658038
310405	657984
310347	657953
310175	657874
310119	657846
310050	657550
310037	657529
310005	657494
310000	657487
310000	657487
309908	657381
309883	657316
309866	657259
309850	657188
309818	657067
309774	656913
309772	656907
309727	656838
309701	656801
309659	656732
309586	656623
309521	656518
309528	656480
309528	656480
309542	656402
309556	656338
309565	656321
309565	656321
309613	656236
309641	656182
309683	656134
309727	656091
309765	656057
309781	656059
309791	656064
309796	656070
309802	656069
309818	656066
309824	656063
309839	656051
309850	656040
309858	656041
309875	656038
309911	656043
309928	656027
309940	656012
309932	656003
309921	655988
309886	655950
309882	655942
309880	655931
309882	655921
309894	655898
309893	655876
309894	655854
309892	655844
309878	655808
309874	655792
309876	655750
309875	655706
309872	655690
309867	655644
309844	655580
309837	655550
309828	655525
309821	655526
309799	655544
309789	655547
309748	655539
309727	655547
309718	655548
309698	655531
309693	655529
309665	655533
309638	655517
309629	655516
309617	655516
309612	655515
309605	655505
309589	655505
309584	655502
309575	655491
309548	655489
309538	655486
309525	655476
309515	655463
309490	655465
309461	655454
309440	655431
309411	655379
309395	655359
309387	655342
309382	655335
309369	655331
309365	655327
309354	655301
309345	655295
309307	655241
309280	655182
309270	655149
309264	655122
309249	655031
309190	655045
309019	655092
308944	655038
308908	655000
308908	655000
308908	655000
308884	654980
308857	654961
308787	654904
308759	654889
308734	654869
308712	654854
308653	654816
308627	654803
308551	654752
308521	654736
308508	654731
308495	654736
308486	654734
308477	654726
308437	654713
308404	654699
308372	654682
308350	654674
308319	654666
308290	654654
308277	654643
308245	654604
308192	654577
308181	654574
308165	654577
308158	654576
308137	654551
308115	654531
308091	654525
308057	654503
308024	654497
308011	654489
307991	654468
307981	654461
307927	654443
307912	654435
307905	654430
307902	654419
307900	654416
307888	654415
307883	654413
307876	654404
307874	654400
307872	654365
307866	654347
307857	654329
307855	654321
307855	654311
307857	654296
307856	654283
307847	654269
307842	654265
307836	654258
307837	654244
307819	654218
307817	654213
307822	654204
307822	654199
307822	654195
307815	654184
307813	654165
307810	654156
307807	654150
307796	654143
307786	654122
307777	654114
307766	654099
307781	654063
307774	654051
307774	654051
307760	654055
307746	654054
307746	654067
307749	654075
307747	654085
307741	654095
307738	654098
307733	654100
307725	654098
307716	654089
307710	654085
307707	654082
307706	654074
307701	654070
307674	654058
307655	654056
307648	654052
307642	654047
307630	654026
307625	654037
307582	654045
307571	654053
307551	654063
307543	654069
307530	654065
307524	654073
307511	654071
307497	654073
307483	654068
307477	654068
307472	654072
307459	654070
307437	654077
307415	654075
307404	654076
307395	654081
307380	654085
307363	654095
307349	654097
307344	654101
307336	654103
307321	654103
307310	654110
307306	654118
307293	654128
307287	654144
307268	654159
307258	654163
307252	654169
307248	654177
307243	654194
307240	654196
307236	654197
307232	654191
307224	654189
307216	654191
307212	654194
307206	654205
307208	654217
307203	654222
307183	654223
307153	654201
307131	654192
307096	654189
307077	654183
306895	654303
306727	654418
306712	654425
306526	654489
306073	654645
306029	654663
305915	654715
305882	654690
305869	654687
305845	654693
305847	654707
305859	654738
305275	654999
305275	655000
305275	655000
305078	655095
305075	655098
305000	655134
305000	655134
304824	655214
304582	655322
304234	655496
304194	655511
304194	655511
304027	655574
304007	655568
303992	655545
303709	655735
303688	655750
303639	655793
303546	655960
303488	656069
303474	656089
303460	656105
303444	656117
303091	656353
303000	656264
302940	656199
302850	656106
302834	656087
302741	655986
302581	655803
302261	656047
301976	656268
302007	656304
301817	656471
301738	656538
301736	656545
301750	656594
301750	656595
301750	656595
301746	656612
301725	656627
301680	656648
301664	656657
301655	656665
301589	656733
301576	656751
301567	656769
301407	656866
301313	656925
301284	656895
301072	657080
301024	657105
301000	657144
300972	657174
300939	657215
300886	657255
300836	657289
300818	657310
300810	657329
300793	657375
300795	657386
300805	657400
300824	657414
300825	657434
300822	657442
300814	657453
300789	657484
300766	657516
300708	657559
300695	657577
300684	657587
300671	657593
300649	657593
300637	657597
300609	657615
300576	657628
300570	657632
300562	657647
300551	657679
300541	657715
300557	657786
300548	657827
300556	657853
300556	657873
300560	657907
300522	657949
300492	658010
300485	658032
300474	658051
300456	658072
300430	658113
300418	658141
300424	658179
300422	658199
300423	658210
300436	658235
300452	658246
300453	658254
300434	658287
300442	658312
300431	658341
300414	658375
300414	658388
300402	658404
300393	658432
300391	658454
300383	658464
300364	658514
300367	658527
300367	658535
300366	658541
300363	658545
300355	658585
300352	658585
300000	658417
300000	658417
299793	658321
299793	658321
299517	658191
299362	658115
299057	658104
298978	658040
298927	657999
298926	657971
298916	657939
298899	657918
298876	657902
298865	657898
298862	657888
298861	657874
298857	657864
298850	657856
298834	657843
298830	657829
298826	657825
298808	657824
298799	657827
298783	657838
298775	657850
298767	657854
298756	657855
298697	657835
298680	657839
298652	657841
298636	657826
298625	657827
298591	657817
298566	657808
298548	657798
298516	657790
298481	657785
298453	657778
298435	657778
298391	657773
298376	657775
298356	657771
298348	657772
298319	657782
298303	657792
298289	657796
298275	657797
298262	657802
298246	657800
298229	657807
298196	657802
298154	657837
298121	657842
297951	657891
297778	657915
297749	657921
297697	657929
297516	657937
297462	657934
297409	657936
297311	657945
297021	657898
296839	657872
296730	657859
296455	657818
296389	657806
296301	657787
296216	657761
296173	657745
296037	657685
295988	657657
295905	657623
295872	657601
295758	657543
295649	657489
295590	657465
295527	657442
295418	657387
295311	657325
295072	657174
295000	657112
295000	657112
294928	657043
294903	657024
294903	657024
294835	656974
294774	656927
294743	656956
294715	656989
294609	657098
294412	657294
293597	657010
293601	656999
293576	656971
293471	656868
293449	656846
293449	656846
293408	656802
293350	656748
293287	656682
293212	656610
293206	656605
293199	656604
293191	656581
293074	656580
292646	656481
292562	656464
292460	656409
292244	656299
292237	656288
292130	656147
292000	655977
291559	655396
291416	655198
291408	655228
291398	655252
291394	655282
291390	655292
291383	655302
291358	655320
291341	655335
291328	655352
291327	655364
291320	655373
291301	655379
291283	655390
291257	655396
291227	655408
291203	655426
291182	655432
291139	655439
291132	655443
291118	655456
291099	655463
291083	655461
291073	655458
291064	655457
291057	655460
291052	655466
291049	655477
291026	655497
291009	655502
290984	655522
290968	655525
290957	655521
290943	655511
290932	655516
290922	655511
290914	655501
290903	655496
290882	655503
290858	655515
290803	655527
290754	655530
290756	655570
290741	655584
290731	655597
290714	655608
290723	655630
290726	655645
290723	655666
290719	655676
290719	655676
290724	655686
290738	655694
290746	655701
290766	655711
290772	655717
290796	655752
290807	655771
290810	655796
290816	655815
290823	655826
290823	655831
290817	655858
290821	655864
290846	655892
290852	655902
290858	655973
290872	656018
290881	656031
290903	656050
290919	656083
290927	656092
290935	656096
290957	656100
290970	656109
291004	656151
291014	656160
291038	656167
291047	656173
291054	656193
291061	656198
291071	656212
291097	656226
291102	656232
291104	656238
291102	656250
291105	656258
291106	656269
291114	656305
291116	656313
291123	656321
291126	656333
291125	656344
291112	656362
291112	656371
291116	656378
291120	656381
291139	656386
291144	656390
291155	656420
291176	656460
291190	656502
291185	656550
291211	656586
291212	656602
291209	656614
291210	656622
291214	656634
291235	656649
291243	656658
291245	656672
291239	656682
291238	656688
291245	656733
291251	656748
291258	656752
291270	656755
291277	656759
291286	656770
291292	656787
291298	656794
291308	656798
291322	656799
291331	656805
291340	656821
291348	656850
291357	656861
291396	656884
291411	656886
291408	656889
291408	656889
290917	657608
290985	657690
291053	657762
291114	657837
291137	657843
291144	657849
291156	657868
291170	657874
291178	657880
291185	657895
291201	657908
291220	657932
291231	657940
291254	657951
291255	657961
291266	657977
291267	658003
291288	658027
291299	658031
291305	658036
291307	658047
291320	658078
291330	658099
291341	658105
291356	658109
291356	658109
291357	658117
291375	658138
291388	658141
291412	658156
291420	658177
291428	658184
291457	658193
291534	658231
291552	658224
291559	658224
291594	658236
291629	658253
291647	658269
291657	658280
291661	658287
291671	658317
291680	658334
291697	658384
291708	658402
291708	658408
291705	658417
291708	658429
291714	658448
291722	658460
291733	658466
291755	658473
291766	658474
291779	658487
291804	658494
291818	658495
291835	658487
291843	658486
291898	658505
291925	658505
291935	658507
291965	658534
291966	658541
291964	658552
291970	658560
291998	658574
292007	658572
292014	658565
292023	658565
292063	658594
292070	658602
292076	658618
292092	658621
292098	658618
292107	658608
292115	658605
292123	658606
292130	658609
292165	658642
292181	658665
292190	658689
292189	658696
292179	658701
292176	658704
292177	658710
292174	658727
292182	658748
292182	658754
292175	658769
292176	658782
292180	658786
292185	658785
292202	658768
292218	658759
292227	658758
292230	658760
292232	658767
292231	658787
292234	658798
292255	658821
292270	658865
292273	658907
292280	658923
292286	658928
292405	658983
292415	658990
292435	659000
292444	659007
292446	659012
292450	659039
292453	659047
292457	659050
292475	659059
292481	659060
292487	659060
292503	659053
292513	659055
292553	659086
292557	659088
292569	659089
292578	659094
292586	659102
292594	659128
292616	659164
292621	659180
292622	659197
292618	659217
292592	659276
292588	659294
292588	659294
292595	659315
292603	659329
292618	659336
292637	659333
292646	659328
292660	659320
292672	659320
292685	659328
292692	659344
292696	659361
292695	659374
292708	659394
292748	659442
292757	659460
292766	659480
292766	659493
292762	659507
292762	659517
292773	659524
292790	659528
292804	659535
292811	659540
292823	659537
292832	659530
292843	659532
292873	659566
292902	659599
292909	659612
292918	659631
292928	659639
292945	659640
292964	659633
292974	659622
292984	659614
293003	659616
293028	659605
293034	659597
293033	659584
293023	659572
293022	659561
293025	659551
293038	659545
293055	659547
293075	659564
293086	659580
293099	659606
293108	659612
293117	659615
293142	659603
293166	659602
293189	659597
293206	659586
293218	659583
293233	659587
293244	659602
293251	659614
293259	659642
293264	659669
293275	659696
293287	659708
293298	659716
293309	659716
293323	659708
293340	659697
293361	659690
293372	659689
293384	659693
293397	659708
293406	659721
293414	659752
293423	659775
293433	659800
293443	659810
293456	659810
293477	659804
293487	659801
293496	659804
293505	659812
293521	659838
293530	659859
293545	659885
293550	659893
293556	659900
293564	659904
293582	659931
293598	659945
293619	659976
293631	659989
293639	659997
293653	660005
293664	660007
293687	660017
293703	660029
293740	660059
293751	660068
293761	660092
293768	660115
293772	660130
293775	660153
293781	660173
293791	660198
293796	660203
293815	660214
293843	660214
293870	660205
293897	660187
293918	660178
293942	660160
293951	660156
293963	660160
293990	660179
294012	660196
294024	660205
294037	660215
294052	660221
294066	660224
294077	660226
294094	660232
294112	660236
294124	660236
294134	660239
294142	660247
294162	660262
294183	660272
294193	660273
294209	660269
294236	660252
294264	660243
294289	660247
294299	660249
294317	660248
294347	660248
294369	660262
294397	660286
294413	660293
294429	660291
294435	660293
294445	660307
294461	660324
294480	660342
294503	660360
294509	660370
294514	660377
294519	660391
294526	660400
294535	660401
294551	660397
294575	660384
294585	660379
294594	660380
294601	660383
294613	660395
294630	660403
294643	660412
294646	660419
294647	660437
294650	660451
294655	660454
294663	660455
294675	660452
294688	660441
294696	660435
294708	660431
294722	660415
294733	660399
294738	660396
294744	660399
294757	660413
294772	660436
294791	660460
294804	660480
294814	660494
294829	660518
294837	660533
294845	660553
294853	660577
294864	660596
294874	660620
294884	660626
294896	660633
294929	660638
294940	660638
294949	660641
294957	660650
294957	660658
294966	660664
294984	660675
294997	660682
295000	660691
295011	660695
295039	660704
295062	660708
295098	660716
295118	660722
295136	660738
295157	660756
295159	660776
295167	660784
295178	660786
295204	660779
295218	660772
295228	660773
295246	660777
295280	660771
295298	660765
295313	660764
295325	660776
295354	660821
295403	660891
295415	660908
295422	660914
295422	660914
295440	660962
295469	661026
295480	661059
295491	661079
295500	661087
295559	661106
295569	661101
295585	661085
295602	661075
295606	661076
295618	661087
295636	661084
295644	661087
295650	661091
295653	661097
295662	661135
295676	661174
295690	661195
295730	661221
295744	661226
295787	661232
295832	661231
295852	661234
295861	661237
295864	661240
295867	661246
295869	661268
295873	661292
295878	661300
295884	661304
295892	661304
295909	661294
295926	661290
295996	661288
296021	661277
296031	661280
296036	661283
296040	661290
296048	661317
296056	661329
296062	661335
296088	661346
296103	661365
296122	661385
296125	661393
296125	661400
296122	661407
296113	661417
296113	661422
296122	661444
296134	661462
296148	661473
296159	661478
296165	661478
296176	661474
296182	661473
296225	661485
296234	661493
296257	661527
296267	661537
296295	661552
296333	661564
296333	661564
296356	661570
296356	661570
296384	661577
296399	661580
296418	661578
296428	661577
296436	661573
296445	661566
296451	661559
296457	661552
296464	661540
296471	661528
296479	661517
296484	661511
296490	661509
296497	661510
296502	661514
296509	661522
296517	661526
296530	661531
296542	661533
296558	661536
296584	661542
296598	661545
296606	661549
296615	661556
296624	661566
296631	661575
296635	661584
296638	661592
296645	661600
296655	661610
296660	661617
296667	661629
296672	661639
296675	661648
296678	661659
296683	661678
296687	661689
296695	661701
296702	661710
296709	661712
296718	661714
296728	661713
296738	661709
296749	661707
296765	661707
296788	661706
296811	661707
296825	661711
296841	661717
296852	661724
296862	661732
296870	661743
296870	661743
296876	661760
296884	661787
296889	661813
296900	661838
296913	661858
296942	661885
296960	661896
296973	661900
296996	661902
297024	661900
297061	661889
297092	661881
297123	661867
297139	661859
297163	661854
297192	661861
297215	661880
297231	661895
297241	661901
297262	661905
297288	661910
297305	661925
297321	661946
297339	661971
297355	661989
297377	662007
297395	662023
297398	662026
297414	662050
297426	662065
297449	662091
297466	662111
297493	662139
297504	662146
297523	662159
297546	662168
297591	662181
297665	662205
297708	662223
297712	662224
297715	662214
297717	662190
297720	662174
297726	662167
297741	662162
297752	662167
297766	662175
297790	662190
297804	662202
297828	662217
297850	662232
297865	662241
297871	662250
297871	662266
297868	662274
297851	662286
297840	662294
297835	662302
297837	662317
297842	662338
297856	662354
297870	662361
297895	662359
297919	662356
297933	662358
297962	662367
297973	662372
297987	662373
298018	662376
298044	662382
298081	662391
298124	662411
298142	662417
298175	662419
298204	662425
298217	662432
298208	662446
298193	662471
298183	662491
298179	662506
298182	662513
298203	662524
298217	662529
298232	662532
298265	662525
298288	662523
298308	662523
298335	662524
298352	662528
298369	662535
298383	662544
298392	662553
298401	662573
298411	662595
298422	662606
298444	662621
298464	662628
298487	662634
298508	662638
298524	662641
298549	662654
298565	662661
298578	662672
298597	662689
298607	662699
298625	662706
298626	662729
298626	662740
298625	662759
298626	662784
298629	662801
298633	662811
298638	662828
298643	662836
298650	662841
298662	662842
298686	662831
298708	662821
298737	662804
298755	662793
298786	662781
298810	662769
298833	662762
298848	662761
298862	662765
298877	662779
298877	662792
298873	662799
298871	662811
298880	662831
298893	662841
298908	662844
298938	662846
298962	662851
298992	662860
299048	662886
299070	662895
299099	662912
299119	662922
299147	662933
299165	662939
299195	662952
299212	662967
299218	662977
299229	663004
299247	663046
299249	663061
299248	663075
299256	663090
299277	663110
299295	663119
299307	663122
299333	663128
299346	663128
299361	663117
299387	663087
299414	663057
299439	663039
299462	663029
299489	663038
299531	663061
299569	663086
299584	663092
299611	663099
299637	663106
299664	663110
299694	663099
299726	663078
299742	663062
299755	663036
299760	663026
299760	663026
299784	663014
299799	663003
299815	662986
299836	662967
299849	662959
299864	662959
299864	662959
299890	662970
299906	662983
299927	663006
299943	663022
299965	663049
299975	663066
299990	663092
300009	663107
300039	663131
300057	663142
300083	663157
300103	663164
300131	663164
300149	663165
300169	663170
300191	663187
300210	663197
300232	663208
300256	663213
300291	663211
300319	663199
300342	663183
300352	663179
300364	663193
300382	663216
300405	663229
300441	663243
300459	663246
300514	663236
300536	663231
300550	663231
300565	663239
300584	663272
300604	663288
300627	663305
300640	663317
300659	663344
300671	663355
300687	663362
300731	663373
300783	663384
300831	663394
300843	663398
300871	663409
300898	663422
300924	663433
300924	663433
300947	663446
301011	663478
301034	663486
301054	663500
301065	663511
301072	663526
301074	663541
301060	663592
301058	663608
301058	663619
301060	663627
301064	663634
301072	663643
301086	663654
301099	663663
301113	663669
301179	663677
301189	663675
301215	663656
301227	663656
301234	663663
301249	663687
301260	663699
301273	663704
301289	663706
301305	663710
301317	663717
301333	663750
301361	663791
301366	663801
301368	663827
301371	663849
301382	663883
301388	663894
301411	663914
301441	663944
301499	663994
301526	664013
301587	664041
301599	664051
301647	664118
301663	664159
301674	664196
301679	664209
301692	664233
301741	664312
301745	664323
301747	664340
301746	664354
301742	664366
301735	664379
301725	664393
301715	664403
301667	664443
301661	664452
301658	664463
301658	664476
301661	664486
301679	664514
301697	664553
301723	664588
301728	664602
301729	664609
301728	664614
301721	664625
301709	664635
301674	664654
301644	664664
301608	664669
301592	664676
301583	664683
301576	664691
301568	664706
301567	664715
301573	664735
301597	664771
301605	664781
301624	664795
301632	664799
301655	664804
301685	664807
301692	664805
301697	664802
301704	664794
301715	664785
301728	664783
301733	664784
301745	664792
301765	664813
301771	664825
301776	664845
301776	664852
301773	664858
301747	664889
301735	664897
301713	664903
301710	664906
301708	664913
301708	664924
301715	664940
301743	664986
301745	664997
301744	665000
301744	665000
301742	665005
301734	665015
301701	665037
301695	665040
301680	665042
301673	665045
301652	665073
301645	665085
301645	665095
301648	665109
301654	665122
301665	665136
301669	665147
301672	665159
301671	665171
301660	665202
301659	665217
301664	665265
301672	665320
301674	665396
301688	665441
301691	665466
301689	665477
301681	665483
301673	665485
301652	665483
301645	665485
301639	665490
301635	665499
301629	665547
301631	665561
301636	665574
301644	665588
301657	665604
301672	665618
301687	665629
301704	665637
301723	665643
301727	665648
301735	665702
301748	665754
301749	665780
301745	665795
301738	665801
301713	665803
301685	665802
301648	665821
301640	665827
301632	665836
301629	665842
301628	665851
301637	665891
301637	665900
301635	665910
301627	665922
301600	665946
301582	665977
301553	666005
301546	666016
301542	666025
301541	666036
301544	666052
301549	666064
301560	666081
301572	666094
301580	666098
301589	666101
301599	666100
301606	666093
301612	666081
301612	666073
301607	666057
301607	666049
301609	666042
301618	666025
301634	666007
301646	666000
301653	665998
301674	666001
301686	666010
301701	666040
301719	666057
301759	666075
301810	666103
301870	666125
301897	666140
301945	666159
301958	666167
302016	666212
302017	666212
302017	666212
302014	666242
302022	666254
302030	666266
302035	666275
302041	666285
302045	666291
302048	666294
302057	666301
302065	666306
302075	666315
302083	666325
302092	666336
302104	666349
302111	666358
302131	666380
302138	666390
302145	666399
302151	666406
302158	666408
302169	666410
302185	666412
302193	666411
302206	666407
302225	666400
302241	666390
302257	666380
302268	666373
302277	666369
302281	666370
302292	666378
302303	666384
302311	666392
302319	666401
302337	666421
302351	666419
302351	666419
302362	666426
302369	666428
302400	666431
302434	666430
302434	666430
302452	666426
302475	666427
302488	666430
302500	666436
302500	666436
302505	666442
302509	666446
302513	666452
302517	666458
302519	666461
302520	666466
302521	666470
302521	666479
302523	666486
302525	666493
302528	666508
302531	666516
302535	666525
302538	666534
302539	666538
302538	666544
302537	666548
302535	666552
302534	666554
302534	666554
302513	666571
302503	666590
302493	666615
302488	666645
302486	666656
302486	666656
302484	666668
302492	666682
302505	666687
302538	666682
302573	666683
302634	666684
302677	666689
302716	666694
302751	666703
302781	666733
302795	666756
302811	666781
302833	666788
302873	666793
302924	666799
302978	666802
303025	666802
303077	666799
303102	666798
303134	666794
303166	666799
303201	666801
303228	666797
303249	666781
303259	666764
303271	666734
303286	666715
303299	666708
303319	666708
303338	666716
303355	666734
303366	666751
303370	666770
303367	666793
303361	666810
303366	666829
303380	666849
303408	666867
303461	666898
303502	666913
303528	666917
303550	666915
303588	666902
303610	666888
303627	666868
303641	666847
303652	666826
303685	666801
303725	666780
303758	666774
303806	666780
303848	666791
303887	666798
303929	666807
303957	666813
303992	666811
304027	666801
304073	666766
304103	666743
304140	666734
304187	666735
304243	666749
304287	666772
304377	666849
304471	666918
304530	666972
304530	666972
304556	667015
304576	667042
304585	667048
304635	667069
304647	667069
304647	667069
304664	667070
304684	667066
304716	667073
304757	667088
304813	667114
304828	667118
304842	667120
304865	667118
304915	667108
304997	667106
305000	667105
305000	667105
305009	667102
305036	667089
305048	667075
305055	667058
305070	666995
305072	666948
305068	666901
305071	666886
305080	666874
305092	666867
305106	666865
305124	666867
305152	666875
305217	666902
305217	666902
305225	666932
305215	666986
305207	667028
305199	667069
305193	667096
305186	667134
305179	667156
305179	667156
305176	667171
305173	667182
305170	667201
305168	667207
305164	667226
305164	667233
305162	667240
305160	667249
305159	667253
305158	667258
305157	667262
305156	667265
305154	667272
305153	667278
305151	667283
305148	667293
305146	667303
305141	667319
305140	667324
305137	667337
305135	667345
305131	667356
305128	667367
305125	667378
305123	667385
305122	667388
305119	667401
305116	667409
305111	667429
305104	667450
305102	667467
305099	667480
305097	667492
305094	667508
305088	667530
305087	667534
305084	667544
305083	667548
305080	667558
305074	667575
305064	667604
305060	667617
305051	667643
305044	667659
305040	667673
305033	667689
305028	667701
305023	667717
305019	667728
305013	667743
305003	667766
304999	667775
304999	667775
304970	667833
304959	667871
304944	667905
304929	667941
304915	667978
304901	668014
304887	668047
304880	668068
304859	668127
304845	668160
304832	668194
304815	668236
304805	668262
304805	668262
304812	668269
304833	668282
304874	668303
304905	668324
304935	668342
304955	668347
304955	668347
304939	668377
304915	668422
304898	668456
304877	668500
304858	668535
304843	668565
304825	668602
304805	668639
304783	668680
304771	668700
304762	668716
304758	668725
304747	668749
304739	668760
304739	668760
304723	668768
304708	668795
304696	668818
304692	668833
304692	668833
304734	668848
304792	668868
304853	668888
304896	668901
304896	668901
304899	668902
304999	668935
304999	668935
305000	668935
305240	669016
305266	669027
305296	669045
305319	669063
305350	669092
305350	669092
305382	669124
305425	669156
305467	669188
305525	669227
305567	669252
305623	669279
305677	669309
305710	669326
305808	669372
305892	669416
305970	669458
306020	669476
306020	669476
306101	669517
306136	669532
306248	669575
306248	669575
306472	669662
306486	669669
306499	669681
306933	669869
306946	669876
306961	669888
306969	669891
306987	669897
307005	669904
307032	669915
307053	669923
307069	669928
307083	669930
307099	669936
307117	669943
307130	669952
307139	669953
307146	669955
307163	669963
307170	669970
307170	669970
307180	669958
307190	669948
307202	669934
307214	669921
307227	669907
307236	669896
307246	669886
307263	669866
307280	669848
307286	669842
307301	669824
307311	669813
307315	669811
307336	669809
307358	669809
307363	669808
307376	669798
307396	669785
307397	669782
307396	669775
307409	669769
307418	669764
307434	669761
307450	669758
307466	669753
307499	669740
307511	669734
307519	669734
307529	669729
307576	669698
307594	669686
307645	669651
307655	669643
307713	669603
307773	669561
307833	669518
307865	669491
307879	669476
307901	669446
307908	669437
307911	669432
307932	669375
307938	669355
307941	669346
307946	669322
307949	669305
307953	669278
307956	669250
307967	669227
307983	669204
308002	669181
308025	669159
308057	669133
308069	669124
308081	669107
308090	669094
308133	669012
308171	668954
308198	668925
308233	668882
308283	668839
308324	668804
308344	668783
308363	668758
308363	668758
308388	668747
308401	668734
308409	668731
308420	668727
308428	668725
308434	668719
308441	668711
308447	668709
308474	668709
308494	668711
308505	668717
308513	668724
308519	668730
308523	668742
308526	668749
308541	668755
308564	668764
308577	668773
308587	668778
308594	668779
308606	668780
308613	668782
308623	668778
308634	668776
308646	668776
308653	668771
308663	668762
308663	668762
308690	668786
308700	668793
308713	668799
308754	668811
308826	668822
308833	668825
308839	668831
308856	668857
308877	668885
308884	668890
308913	668906
308945	668932
309000	668991
309055	669040
309095	669079
309132	669121
309153	669156
309161	669174
309168	669195
309177	669244
309178	669266
309175	669311
309174	669440
309179	669463
309183	669470
309190	669478
309260	669529
309291	669546
309315	669557
309353	669571
309428	669593
309440	669595
309452	669594
309559	669571
309596	669571
309659	669565
309687	669566
309701	669569
309747	669583
309759	669595
309771	669617
309783	669663
309787	669687
309788	669719
309784	669749
309790	669846
309795	669857
309804	669869
309814	669877
309824	669883
309838	669887
309855	669890
309867	669889
309879	669883
309902	669863
309911	669847
309933	669824
309938	669813
309947	669801
309947	669801
309965	669785
309976	669781
310039	669785
310053	669788
310088	669801
310127	669806
310160	669804
310214	669791
310228	669790
310238	669794
310258	669807
310269	669817
310280	669831
310287	669847
310291	669871
310286	669975
310287	669984
310293	670000
310293	670000
310330	670091
310347	670129
310355	670142
310364	670150
310473	670212
310497	670238
310501	670246
310502	670255
310501	670269
310489	670330
310476	670500
310469	670550
310468	670567
310470	670594
310496	670677
310501	670715
310505	670729
310518	670750
310527	670761
310541	670772
310591	670803
310614	670822
310626	670835
310643	670862
310656	670891
310664	670914
310670	670940
310673	670950
310688	670962
310694	670970
310712	671000
310737	671046
310757	671073
310798	671119
310831	671149
310851	671171
310865	671196
310874	671217
310881	671252
310880	671271
310873	671289
310855	671312
310852	671317
310852	671317
310849	671323
310827	671398
310816	671445
310812	671476
310813	671493
310807	671518
310806	671558
310822	671681
310823	671693
310821	671700
310808	671735
310793	671757
310763	671786
310710	671827
310697	671838
310691	671847
310684	671863
310681	671876
310681	671889
310686	671899
310690	671904
310728	671929
310745	671938
310772	671948
310800	671955
310829	671959
310882	671961
310907	671955
311013	671958
311046	671961
311076	671955
311128	671936
311138	671930
311169	671901
311182	671892
311211	671878
311244	671864
311269	671860
311299	671864
311320	671872
311339	671889
311352	671907
311369	671936
311380	671951
311411	671982
311429	672003
311489	672060
311499	672074
311503	672081
311505	672109
311505	672109
311507	672134
311505	672152
311488	672178
311477	672192
311454	672223
311442	672231
311423	672257
311416	672279
311412	672313
311410	672340
311410	672370
311414	672391
311428	672417
311433	672427
311461	672468
311488	672509
311506	672529
311519	672534
311547	672541
311581	672545
311607	672549
311627	672554
311648	672562
311677	672577
311707	672593
311741	672616
311800	672660
311842	672697
311877	672726
311898	672743
311924	672761
311945	672774
311961	672784
311991	672803
312011	672815
312025	672830
312029	672839
312038	672867
312040	672891
312036	672947
312027	672975
312017	673001
312000	673031
311986	673051
311980	673068
311977	673107
311977	673117
311976	673146
311975	673192
311974	673204
311970	673241
311966	673261
311958	673290
311948	673311
311935	673331
311917	673347
311900	673363
311896	673371
311884	673386
311877	673397
311877	673414
311879	673438
311884	673456
311908	673476
311926	673486
311935	673489
311958	673493
311981	673496
312015	673494
312035	673490
312050	673482
312074	673469
312090	673458
312097	673452
312114	673427
312127	673407
312160	673364
312184	673337
312192	673330
312203	673325
312237	673328
312260	673334
312286	673345
312312	673358
312334	673370
312362	673396
312378	673415
312388	673427
312396	673447
312397	673462
312404	673490
312415	673525
312420	673541
312425	673583
312424	673605
312420	673628
312412	673645
312389	673697
312382	673712
312371	673741
312366	673762
312358	673789
312358	673798
312359	673819
312364	673850
312377	673873
312381	673884
312390	673911
312397	673925
312407	673955
312413	673971
312430	674014
312437	674033
312448	674058
312456	674081
312459	674115
312462	674144
312466	674174
312466	674196
312474	674222
312478	674229
312484	674235
312494	674238
312526	674243
312551	674242
312607	674236
312647	674238
312697	674239
312746	674239
312777	674239
312798	674233
312818	674228
312847	674211
312858	674192
312867	674172
312873	674146
312872	674127
312866	674095
312862	674085
312854	674068
312844	674048
312836	674039
312829	674028
312809	674002
312794	673983
312773	673947
312768	673933
312764	673917
312764	673897
312771	673883
312781	673869
312808	673840
312821	673831
312863	673799
312895	673782
312924	673779
312957	673776
312982	673775
313021	673781
313039	673788
313069	673803
313119	673834
313135	673846
313158	673861
313180	673875
313208	673888
313232	673893
313258	673893
313283	673890
313312	673877
313333	673866
313376	673852
313390	673846
313419	673839
313448	673834
313482	673834
313505	673836
313561	673841
313589	673843
313672	673847
313728	673849
313839	673852
313867	673855
313889	673863
313919	673879
313935	673896
313949	673930
313951	673941
313952	673959
313949	673990
313940	674024
313937	674050
313935	674078
313943	674102
313945	674110
313959	674140
313967	674150
313984	674154
314016	674163
314036	674167
314061	674167
314091	674152
314124	674128
314146	674102
314163	674083
314183	674063
314202	674060
314229	674064
314256	674072
314280	674084
314298	674094
314318	674113
314333	674125
314346	674129
314374	674131
314410	674138
314432	674141
314464	674152
314486	674160
314507	674169
314524	674183
314532	674193
314552	674227
314561	674241
314580	674261
314594	674272
314634	674302
314648	674311
314675	674333
314704	674358
314771	674398
314834	674441
314848	674451
314866	674463
314884	674471
314914	674484
314962	674503
315005	674518
315005	674518
315041	674542
315085	674576
315119	674612
315169	674648
315236	674679
315299	674706
315356	674733
315407	674758
315440	674772
315461	674780
315488	674797
315504	674812
315524	674839
315532	674856
315554	674906
315579	674954
315597	674991
315606	675015
315611	675049
315613	675074
315615	675106
315617	675129
315626	675156
315641	675175
315659	675193
315659	675193
315674	675189
315699	675179
315716	675176
315745	675176
315760	675176
315779	675171
315793	675162
315813	675136
315829	675115
315844	675105
315852	675095
315860	675079
315862	675058
315848	675025
315833	675000
315828	674982
315836	674963
315856	674937
315874	674917
315897	674891
315922	674865
315933	674861
315950	674864
315964	674870
315987	674891
316007	674918
316015	674936
316021	674964
316027	674995
316025	675039
316024	675055
316030	675090
316038	675129
316040	675168
316044	675200
316037	675240
316024	675281
316009	675303
315994	675316
315970	675338
315945	675354
315929	675370
315909	675379
315898	675389
315894	675401
315884	675414
315884	675414
315939	675477
315954	675492
315978	675512
316000	675520
316054	675533
316090	675541
316133	675556
316133	675556
316161	675566
316188	675574
316211	675571
316233	675551
316242	675531
316253	675487
316258	675469
316272	675442
316278	675422
316293	675398
316309	675384
316342	675378
316365	675383
316399	675391
316423	675393
316456	675390
316479	675382
316516	675354
316538	675322
316548	675292
316561	675267
316580	675226
316591	675211
316602	675200
316625	675178
316642	675167
316661	675157
316691	675151
316730	675145
316775	675150
316802	675161
316822	675172
316837	675190
316863	675217
316876	675229
316900	675244
316925	675250
316943	675248
316953	675243
316964	675229
316973	675225
316995	675220
317030	675221
317053	675226
317116	675217
317129	675211
317162	675209
317183	675202
317217	675194
317238	675185
317269	675167
317292	675158
317312	675152
317338	675156
317362	675167
317384	675187
317384	675187
317393	675193
317410	675195
317455	675196
317486	675201
317522	675204
317603	675217
317690	675225
317749	675236
317800	675240
317832	675252
317843	675258
317906	675311
317958	675359
317967	675370
317980	675392
317982	675401
317977	675419
317969	675437
317952	675458
317950	675464
317951	675500
317950	675510
317953	675523
317954	675549
317945	675576
317920	675618
317909	675641
317905	675659
317903	675682
317905	675693
317908	675700
317919	675716
317953	675758
317960	675776
317987	675808
318000	675827
318050	675939
318084	675997
318114	676031
318126	676041
318151	676069
318181	676096
318190	676108
318204	676122
318217	676141
318225	676159
318231	676197
318246	676240
318249	676263
318294	676346
318312	676367
318338	676388
318355	676398
318393	676417
318446	676436
318504	676452
318564	676475
318597	676491
318606	676500
318620	676507
318676	676531
318679	676534
318694	676556
318707	676571
318726	676584
318726	676584
318753	676601
318769	676611
318792	676622
318807	676635
318818	676650
318823	676662
318827	676678
318831	676722
318830	676734
318815	676780
318812	676798
318812	676824
318817	676857
318821	676868
318829	676882
318842	676899
318856	676937
318863	676961
318868	676998
318876	677028
318876	677028
318880	677044
318890	677072
318894	677092
318896	677116
318900	677132
318918	677189
318921	677198
318925	677212
318929	677226
318933	677240
318939	677253
318943	677263
318949	677276
318956	677289
318986	677347
319007	677385
319012	677391
319017	677400
319021	677410
319025	677419
319026	677421
319028	677426
319030	677430
319032	677435
319034	677440
319036	677445
319037	677450
319038	677455
319039	677460
319039	677465
319039	677473
319037	677483
319034	677493
319030	677503
319015	677540
319011	677549
319005	677563
318998	677577
318992	677592
318986	677610
318974	677657
318973	677662
318968	677682
318968	677682
318985	677689
319001	677702
319012	677714
319013	677724
319016	677736
319023	677752
319035	677773
319049	677794
319066	677816
319087	677850
319116	677909
319136	677962
319153	678020
319159	678054
319161	678086
319159	678112
319156	678145
319154	678188
319155	678210
319159	678232
319167	678257
319177	678287
319189	678316
319189	678316
319267	678385
319295	678415
319295	678415
319299	678437
319304	678459
319331	678544
319335	678555
319341	678576
319347	678597
319354	678618
319362	678638
319363	678641
319372	678661
319381	678681
319398	678711
319436	678787
319436	678787
319464	678813
319538	678849
319570	678867
319594	678883
319614	678898
319637	678927
319676	678984
319699	679035
319717	679077
319726	679138
319707	679315
319685	679473
319636	679695
319601	679820
319472	680159
319331	680494
319216	680823
319095	681139
319046	681282
319046	681282
319230	681300
319491	681317
319830	681333
320182	681352
320780	681349
321252	681361
321887	681364
322294	681369
322818	681351
323283	681330
323736	681290
324186	681290
324434	681290
325054	681278
325552	681270
326162	681256
326605	681244
327259	681232
327696	681214
328331	681206
328773	681210
329420	681207
329876	681230
330324	681275
330670	681314
330959	681365
331267	681439
331606	681563
332033	681718
332564	681967
332822	682085
333143	682223
333791	682520
334178	682709
334343	682793
334343	682793
334476	682244
334630	681582
334776	680929
334928	680259
335096	679588
335256	678907
335415	678225
335569	677574
335719	676902
335802	676561
335885	676215
335965	675875
336042	675537
336059	675471
336130	675190
336132	675150
336209	674843
336283	674511
336362	674166
336380	674085
336442	673821
336447	673795
336461	673768
336491	673723
336539	673669
336539	673669
336546	673630
336548	673598
336549	673574
336552	673543
336555	673510
336556	673493
336558	673484
336563	673440
336566	673417
336568	673403
336575	673327
336576	673317
336581	673279
336594	673269
336594	673269
336600	673261
336609	673256
336612	673251
336609	673246
336606	673239
336603	673228
336596	673226
336590	673223
336584	673214
336580	673206
336572	673197
336568	673190
336568	673185
336570	673175
336568	673168
336561	673165
336555	673160
336550	673153
336544	673147
336535	673142
336525	673135
336511	673126
336500	673118
336493	673115
336490	673115
336479	673115
336471	673109
336461	673102
336448	673091
336448	673091
336435	673096
336417	673084
336402	673071
336380	673057
336379	673051
336382	673046
336392	673028
336401	673014
336415	672995
336426	672973
336433	672958
336433	672943
336433	672922
336441	672912
336441	672912
336442	672909
336446	672906
336457	672902
336472	672897
336485	672894
336497	672889
336505	672886
336527	672880
336548	672873
336564	672868
336569	672860
336578	672845
336596	672838
336601	672830
336605	672818
336611	672804
336618	672790
336623	672781
336632	672767
336642	672756
336653	672746
336667	672734
336667	672734
336681	672718
336694	672710
336708	672706
336733	672706
336749	672709
336763	672707
336763	672707
336774	672713
336784	672720
336792	672728
336800	672735
336811	672740
336825	672747
336838	672751
336852	672756
336865	672762
336880	672768
336893	672772
336905	672774
336915	672775
336923	672776
336931	672776
336936	672774
336941	672776
336951	672779
336962	672783
336978	672789
336991	672795
336999	672798
337010	672806
337023	672812
337036	672820
337047	672827
337073	672843
337087	672852
337099	672858
337105	672862
337109	672868
337111	672878
337115	672887
337117	672895
337118	672900
337116	672909
337111	672921
337109	672930
337112	672935
337117	672942
337123	672948
337132	672949
337145	672952
337156	672951
337162	672947
337172	672937
337183	672928
337201	672909
337213	672896
337227	672879
337237	672868
337262	672832
337267	672827
337273	672821
337281	672814
337290	672805
337299	672796
337311	672784
337315	672780
337327	672768
337349	672746
337361	672732
337371	672722
337380	672714
337391	672701
337403	672690
337403	672690
337425	672682
337448	672673
337463	672661
337479	672643
337493	672633
337505	672617
337520	672587
337534	672563
337545	672543
337557	672524
337579	672506
337594	672491
337635	672456
337643	672441
337656	672406
337664	672372
337674	672347
337680	672330
337676	672287
337683	672267
337683	672267
337681	672261
337677	672245
337673	672232
337666	672209
337660	672189
337654	672173
337641	672146
337629	672125
337615	672104
337584	672062
337549	672020
337508	671978
337465	671935
337449	671920
337437	671907
337424	671895
337415	671885
337405	671876
337391	671862
337381	671853
337371	671842
337358	671830
337347	671822
337340	671815
337337	671806
337338	671793
337339	671774
337340	671754
337340	671754
337331	671735
337327	671711
337318	671680
337309	671642
337302	671610
337294	671584
337285	671567
337274	671545
337262	671526
337250	671494
337239	671453
337225	671425
337225	671425
337230	671418
337234	671412
337233	671409
337230	671401
337223	671387
337215	671382
337204	671374
337193	671366
337171	671359
337158	671354
337142	671349
337136	671345
337124	671335
337102	671318
337091	671309
337081	671301
337079	671290
337077	671276
337070	671233
337069	671227
337065	671206
337062	671190
337060	671174
337049	671148
337031	671107
337014	671064
337007	671047
336996	671023
336991	671012
336982	670992
336979	670982
336976	670975
336972	670967
336959	670943
336953	670933
336934	670901
336922	670881
336907	670858
336902	670850
336894	670837
336887	670825
336879	670811
336869	670796
336864	670785
336857	670786
336843	670790
336832	670794
336830	670785
336828	670773
336828	670761
336827	670730
336827	670726
336826	670715
336826	670708
336825	670689
336825	670684
336825	670676
336823	670647
336823	670633
336822	670629
336821	670618
336821	670613
336821	670604
336820	670599
336820	670588
336820	670574
336819	670563
336819	670548
336817	670522
336817	670510
336816	670495
336816	670480
336822	670480
336829	670479
336838	670478
336846	670477
336875	670472
336891	670470
336907	670467
336921	670465
336943	670461
336957	670459
336974	670458
336989	670456
337005	670455
337025	670452
337063	670452
337074	670454
337085	670457
337096	670459
337110	670460
337129	670460
337152	670459
337159	670457
337168	670455
337180	670453
337195	670451
337208	670448
337220	670448
337229	670448
337254	670437
337264	670433
337273	670429
337284	670424
337296	670419
337314	670411
337324	670407
337335	670402
337347	670397
337359	670392
337368	670388
337376	670385
337388	670379
337404	670373
337422	670366
337435	670360
337431	670354
337423	670344
337416	670335
337407	670325
337406	670319
337427	670310
337443	670303
337449	670300
337462	670295
337465	670294
337471	670292
337478	670289
337486	670286
337495	670282
337502	670279
337508	670277
337519	670272
337530	670267
337541	670263
337551	670259
337560	670255
337569	670251
337579	670247
337589	670243
337597	670239
337606	670235
337613	670232
337621	670229
337631	670225
337639	670222
337649	670218
337656	670215
337666	670210
337666	670210
337700	670209
337733	670195
337755	670193
337786	670197
337825	670201
337869	670205
337902	670210
337927	670209
337952	670205
337968	670189
337968	670189
337979	670188
338000	670185
338023	670183
338045	670181
338068	670178
338087	670177
338132	670173
338157	670171
338180	670169
338195	670168
338213	670167
338240	670164
338257	670162
338264	670156
338258	670104
338250	670063
338245	670017
338236	669976
338232	669932
338227	669893
338220	669865
338213	669863
338213	669863
338205	669855
338194	669847
338196	669834
338207	669797
338213	669778
338221	669746
338231	669715
338240	669681
338255	669631
338259	669618
338260	669599
338262	669580
338264	669558
338265	669546
338266	669536
338269	669510
338274	669459
338276	669444
338279	669414
338282	669389
338283	669374
338285	669356
338287	669338
338290	669319
338290	669312
338289	669301
338289	669301
338289	669301
338574	669250
338692	669251
338785	669253
338785	669253
338894	669254
338895	669256
339013	669260
339031	669262
339069	669274
339135	669281
339171	669288
339215	669291
339238	669285
339338	669270
339496	669253
339534	669246
339534	669246
339538	669241
339581	669219
339639	669185
339656	669173
339663	669165
339683	669129
339698	669091
339710	669060
339713	669047
339717	669000
339718	668911
339713	668811
339706	668760
339702	668687
339695	668666
339666	668614
339658	668595
339649	668571
339645	668551
339643	668528
339649	668478
339649	668430
339636	668149
339656	668138
339903	668031
339928	668019
339949	668007
339967	668000
340000	667991
340000	667991
340064	667974
340129	667950
340177	667929
340208	667914
340231	667898
340318	667812
340329	667802
340344	667792
340329	667768
340323	667756
340264	667720
340248	667699
340206	667661
340203	667655
340157	667609
340000	667456
340000	667456
339988	667445
339929	667352
339925	667337
339941	667326
339969	667302
340000	667281
340000	667281
340092	667217
340112	667208
340164	667190
340211	667177
340293	667165
340306	667160
340349	667138
340363	667130
340415	667093
340452	667062
340462	667048
340500	667019
340540	667000
340621	666964
340642	666952
340655	666936
340664	666930
340690	666920
340692	666898
340683	666865
340679	666844
340690	666750
340764	666723
340834	666684
340858	666615
340853	666615
340849	666611
340777	666320
340733	666161
340727	666145
340728	666120
340743	665984
340770	665710
340805	665654
340818	665642
340832	665634
340849	665628
340874	665626
340893	665622
340908	665616
340920	665608
340946	665590
341034	665512
341037	665498
341133	665458
341212	665426
341246	665417
341246	665355
341242	665327
341236	665308
341225	665282
341192	665209
341247	665170
341388	665092
341406	665084
341431	665079
341431	665079
341419	665000
341419	665000
341411	664941
341424	664878
341434	664846
341439	664844
341443	664837
341470	664787
341471	664779
341471	664765
341476	664755
341483	664744
341486	664740
341500	664739
341510	664719
341512	664708
341509	664684
341501	664653
341503	664646
341499	664629
341500	664625
341489	664603
341465	664575
341489	664524
341514	664477
341527	664447
341529	664437
341540	664361
341540	664352
341539	664343
341521	664309
341524	664305
341518	664293
341515	664280
341526	664245
341525	664230
341530	664213
341532	664188
341509	664122
341505	664117
341499	664113
341496	664110
341496	664110
341494	664108
341495	664094
341430	663995
341453	663867
341441	663768
341443	663765
341496	663736
341596	663671
341624	663652
341694	663597
341773	663541
341798	663526
341838	663507
341873	663493
341928	663482
341975	663467
341976	663468
341980	663467
342000	663452
342000	663452
341967	663446
341935	663424
341903	663396
341868	663358
341841	663314
341826	663288
341786	663204
341729	663085
341707	663042
341625	662867
341617	662832
341612	662705
341607	662576
341605	662532
341598	662380
341597	662358
341578	662290
341558	662253
341557	662239
341566	662231
341562	662219
341556	662212
341551	662180
341603	662136
341630	662112
341666	662085
341750	662047
341787	662035
341818	662029
341877	662029
341913	662019
341950	662033
341980	662036
342007	662054
342022	662072
342052	662074
342093	662112
342110	662144
342122	662182
342126	662204
342145	662236
342157	662264
342160	662304
342151	662324
342144	662352
342158	662379
342153	662410
342140	662428
342128	662441
342132	662468
342143	662501
342171	662549
342193	662571
342222	662591
342253	662627
342287	662665
342309	662687
342328	662715
342358	662736
342413	662771
342442	662792
342460	662804
342491	662790
342517	662777
342629	662727
342681	662700
342711	662691
342742	662694
342775	662703
342809	662728
342828	662760
342854	662859
342864	662890
342898	662964
342911	662975
342911	662975
342920	662979
342930	662990
342938	662992
342959	663008
342963	663023
342973	663046
342980	663048
342991	663063
342991	663076
342998	663089
342998	663102
343011	663107
343014	663120
343028	663145
343038	663145
343043	663148
343055	663151
343057	663160
343053	663164
343054	663166
343063	663167
343066	663170
343066	663173
343061	663174
343060	663177
343070	663188
343074	663188
343083	663182
343085	663183
343096	663190
343105	663190
343106	663193
343100	663196
343099	663200
343103	663205
343111	663208
343144	663201
343150	663197
343160	663200
343170	663204
343178	663211
343190	663217
343196	663221
343197	663230
343201	663232
343210	663231
343219	663223
343231	663220
343234	663224
343236	663234
343234	663237
343228	663241
343228	663243
343236	663249
343238	663253
343238	663255
343231	663261
343231	663269
343237	663275
343248	663280
343264	663283
343279	663281
343286	663277
343290	663272
343287	663264
343299	663260
343305	663260
343314	663269
343354	663275
343363	663282
343377	663287
343384	663308
343385	663312
343381	663324
343382	663328
343386	663332
343395	663332
343401	663327
343409	663325
343444	663319
343469	663308
343478	663307
343483	663311
343490	663329
343504	663348
343526	663354
343543	663369
343555	663375
343560	663376
343571	663373
343590	663374
343611	663372
343621	663368
343640	663354
343657	663346
343670	663351
343694	663369
343701	663384
343707	663389
343711	663391
343728	663382
343754	663373
343769	663373
343798	663378
343819	663375
343825	663371
343846	663365
343860	663366
343867	663364
343873	663361
343890	663342
343899	663338
343905	663337
343910	663338
343908	663344
343909	663350
343916	663356
343921	663358
343925	663354
343948	663341
343962	663329
343965	663329
343972	663336
343981	663338
344005	663336
344030	663326
344036	663317
344037	663308
344038	663297
344034	663281
344037	663271
344041	663270
344057	663277
344060	663273
344062	663263
344074	663244
344075	663244
344077	663252
344079	663253
344080	663252
344084	663255
344090	663263
344100	663266
344107	663266
344108	663264
344084	663238
344066	663220
344057	663214
344045	663209
344037	663208
343988	663212
343943	663205
343892	663183
343845	663159
343819	663138
343809	663133
343802	663133
343771	663160
343760	663165
343749	663168
343723	663167
343717	663162
343711	663153
343695	663115
343691	663092
343690	663050
343675	662990
343675	662983
343677	662970
343669	662937
343666	662929
343657	662916
343653	662907
343657	662879
343658	662850
343655	662842
343641	662823
343639	662812
343646	662793
343701	662716
343706	662712
343713	662711
343728	662713
343744	662710
343753	662704
343760	662696
343763	662685
343762	662674
343760	662671
343752	662665
343732	662663
343728	662661
343727	662658
343726	662647
343731	662620
343744	662604
343749	662599
343756	662597
343795	662622
343803	662623
343813	662623
343825	662618
343837	662609
343851	662593
343859	662578
343866	662532
343874	662513
343874	662503
343871	662495
343865	662490
343830	662479
343830	662475
343839	662467
343839	662451
343837	662446
343820	662424
343816	662424
343815	662421
343815	662418
343823	662405
343827	662397
343830	662381
343827	662365
343810	662334
343809	662324
343810	662316
343814	662311
343821	662311
343843	662330
343851	662332
343858	662328
343860	662323
343859	662318
343842	662303
343840	662300
343841	662295
343858	662270
343883	662256
343886	662247
343886	662228
343888	662223
343893	662220
343901	662219
343916	662213
343921	662210
343938	662173
343956	662155
343957	662124
343959	662119
343970	662107
343977	662106
343981	662108
343994	662128
343999	662133
344023	662132
344036	662124
344038	662119
344033	662106
344012	662085
344011	662082
344012	662078
344035	662074
344050	662078
344056	662084
344061	662085
344074	662076
344076	662072
344078	662058
344087	662049
344091	662047
344098	662046
344109	662052
344121	662061
344128	662060
344134	662052
344135	662044
344128	662037
344116	662036
344115	662028
344118	662022
344122	662020
344138	662014
344150	662005
344189	661991
344198	661980
344205	661976
344213	661977
344225	661981
344233	661988
344242	662000
344249	662000
344256	661997
344265	661985
344257	661967
344258	661959
344289	661924
344293	661916
344297	661913
344315	661909
344322	661910
344324	661914
344317	661921
344301	661929
344302	661940
344293	661956
344309	661960
344332	661963
344368	661941
344379	661937
344411	661917
344435	661921
344442	661919
344449	661915
344452	661916
344464	661912
344473	661913
344481	661912
344521	661911
344527	661911
344548	661917
344562	661907
344579	661899
344587	661901
344594	661908
344598	661917
344601	661934
344641	661946
344646	661946
344667	661953
344672	661963
344686	661969
344706	661971
344713	661965
344744	661967
344757	661970
344809	661971
344819	661969
344869	661977
344881	661975
344923	661958
344948	661947
344963	661936
344970	661929
344974	661918
344976	661907
344976	661893
344980	661881
344978	661856
344972	661845
344961	661834
344959	661824
344960	661814
344973	661808
344988	661805
344991	661802
344993	661797
344991	661776
344985	661759
344985	661752
344985	661745
344990	661726
344991	661690
344989	661676
344981	661666
344988	661646
344991	661644
345000	661631
345000	661631
345005	661623
345010	661617
345028	661585
345041	661571
345052	661565
345059	661559
345067	661545
345073	661530
345080	661521
345121	661508
345133	661499
345138	661486
345135	661458
345136	661450
345146	661428
345146	661428
345147	661422
345149	661415
345149	661407
345148	661398
345147	661393
345157	661374
345165	661364
345175	661352
345184	661345
345188	661338
345191	661329
345195	661314
345196	661301
345194	661294
345191	661291
345185	661293
345178	661294
345170	661292
345172	661283
345173	661275
345179	661266
345185	661259
345185	661253
345184	661250
345179	661246
345175	661240
345174	661234
345176	661229
345185	661225
345193	661219
345199	661211
345201	661200
345202	661192
345203	661182
345207	661174
345209	661161
345210	661151
345211	661138
345212	661124
345214	661112
345217	661105
345216	661093
345214	661086
345209	661083
345206	661076
345202	661070
345200	661061
345199	661047
345200	661039
345205	661029
345204	661014
345202	661007
345197	661001
345190	660994
345183	660985
345178	660982
345174	660977
345170	660972
345167	660963
345166	660954
345162	660949
345153	660946
345146	660949
345141	660955
345133	660953
345132	660942
345131	660928
345132	660914
345131	660904
345127	660900
345120	660897
345113	660898
345110	660907
345107	660916
345101	660920
345094	660917
345090	660908
345089	660890
345088	660872
345091	660867
345095	660865
345101	660868
345103	660874
345106	660873
345111	660864
345116	660850
345123	660839
345127	660831
345125	660826
345118	660819
345113	660814
345108	660810
345107	660798
345102	660792
345088	660785
345086	660781
345093	660772
345096	660767
345094	660756
345094	660750
345101	660734
345099	660728
345096	660724
345090	660722
345082	660725
345076	660729
345063	660729
345059	660726
345056	660717
345061	660708
345072	660702
345077	660697
345074	660687
345071	660675
345069	660662
345068	660649
345069	660640
345074	660630
345078	660623
345078	660621
345068	660619
345056	660617
345045	660614
345039	660616
345031	660629
345026	660629
345025	660623
345032	660604
345033	660589
345032	660576
345028	660571
345022	660571
345017	660580
345014	660583
345009	660579
345004	660572
344997	660568
344997	660561
345001	660552
344994	660549
344984	660546
344982	660544
344980	660536
344978	660525
344977	660516
344972	660510
344964	660502
344960	660497
344954	660492
344951	660487
344949	660483
344951	660472
344952	660467
344950	660450
344949	660443
344949	660436
344952	660431
344956	660428
344964	660430
344969	660431
344973	660431
344974	660430
344972	660423
344968	660412
344966	660406
344966	660402
344971	660397
344974	660395
344973	660391
344969	660390
344957	660387
344951	660385
344947	660383
344946	660378
344947	660372
344949	660368
344957	660362
344964	660356
344968	660352
344968	660345
344963	660340
344959	660333
344950	660333
344946	660332
344943	660329
344942	660322
344942	660298
344941	660292
344936	660296
344923	660303
344912	660298
344910	660289
344915	660276
344924	660267
344924	660258
344922	660244
344929	660237
344945	660225
344949	660221
344951	660216
344953	660209
344955	660199
344954	660192
344949	660189
344942	660185
344938	660182
344939	660171
344938	660165
344932	660160
344926	660155
344924	660149
344924	660144
344932	660134
344940	660121
344942	660119
344942	660112
344941	660104
344939	660095
344940	660089
344943	660085
344944	660055
344945	660030
344947	660023
344955	660003
344960	659998
344964	659969
344970	659921
344978	659917
344984	659913
344985	659906
344984	659899
344982	659887
344978	659855
344977	659845
344978	659839
344989	659829
345000	659823
345005	659817
345007	659808
345006	659802
345004	659796
345001	659793
344997	659793
344994	659787
344990	659779
344988	659773
344988	659765
344989	659753
344989	659743
344987	659739
344982	659734
344973	659725
344955	659702
344945	659691
344929	659680
344922	659679
344916	659676
344909	659664
344902	659648
344896	659641
344893	659637
344887	659631
344880	659623
344872	659615
344869	659607
344867	659599
344863	659579
344859	659572
344854	659562
344849	659554
344842	659544
344840	659537
344836	659529
344824	659513
344819	659508
344811	659506
344805	659503
344805	659495
344808	659483
344809	659473
344808	659462
344806	659456
344803	659453
344799	659452
344795	659454
344793	659460
344793	659472
344788	659483
344784	659488
344779	659489
344773	659487
344766	659482
344755	659473
344752	659467
344751	659463
344750	659459
344745	659458
344742	659456
344736	659441
344732	659439
344720	659443
344717	659445
344714	659447
344709	659445
344706	659442
344704	659435
344700	659430
344696	659425
344694	659421
344691	659413
344689	659407
344685	659402
344680	659397
344674	659394
344664	659389
344656	659385
344652	659381
344650	659376
344648	659371
344645	659366
344638	659359
344632	659353
344629	659347
344625	659341
344621	659336
344617	659331
344611	659326
344609	659322
344607	659319
344607	659293
344605	659284
344603	659279
344600	659272
344595	659265
344592	659259
344589	659250
344585	659242
344582	659236
344576	659228
344573	659225
344571	659221
344570	659219
344564	659214
344562	659210
344560	659206
344558	659202
344552	659194
344544	659188
344539	659183
344533	659178
344528	659173
344524	659167
344520	659159
344517	659154
344509	659150
344503	659149
344498	659144
344495	659139
344491	659134
344482	659130
344474	659125
344465	659121
344459	659118
344454	659115
344452	659108
344448	659100
344442	659093
344436	659090
344427	659089
344422	659088
344421	659082
344422	659076
344424	659071
344422	659066
344418	659065
344411	659067
344405	659067
344402	659066
344401	659060
344404	659049
344403	659042
344401	659033
344396	659017
344396	659015
344396	659012
344394	659010
344386	659008
344382	659006
344380	659002
344380	658991
344380	658984
344384	658978
344391	658969
344393	658965
344392	658958
344390	658954
344387	658953
344381	658951
344373	658948
344368	658945
344363	658940
344359	658934
344357	658927
344356	658920
344358	658910
344358	658906
344354	658903
344348	658899
344346	658896
344348	658888
344351	658883
344351	658880
344347	658875
344343	658873
344337	658872
344336	658868
344340	658860
344342	658854
344347	658848
344351	658843
344351	658838
344347	658834
344343	658831
344341	658826
344343	658811
344347	658803
344356	658794
344362	658788
344362	658783
344364	658775
344366	658773
344375	658772
344382	658769
344390	658762
344399	658756
344407	658745
344410	658740
344411	658733
344412	658725
344412	658714
344416	658705
344419	658698
344422	658688
344424	658679
344423	658670
344420	658662
344417	658656
344412	658647
344409	658642
344409	658639
344410	658631
344410	658624
344408	658619
344405	658615
344403	658610
344403	658604
344402	658598
344397	658594
344391	658589
344386	658583
344382	658577
344380	658573
344377	658567
344375	658557
344374	658543
344373	658533
344374	658529
344379	658522
344386	658517
344393	658512
344399	658506
344403	658499
344403	658491
344403	658491
344403	658474
344402	658449
344402	658430
344401	658422
344400	658404
344399	658388
344399	658369
344398	658363
344395	658352
344390	658337
344385	658321
344379	658305
344376	658297
344367	658272
344363	658269
344348	658262
344329	658254
344320	658251
344297	658246
344276	658239
344258	658235
344251	658232
344238	658234
344215	658238
344196	658242
344188	658243
344164	658234
344153	658228
344142	658224
344126	658217
344118	658212
344109	658205
344094	658195
344084	658187
344077	658177
344075	658163
344077	658142
344078	658133
344076	658124
344074	658111
344071	658098
344070	658080
344068	658061
344064	658016
344058	658004
344054	657996
344050	657979
344048	657967
344045	657958
344043	657952
344030	657937
344016	657920
344000	657901
343994	657895
343994	657895
343976	657872
343960	657852
343941	657842
343926	657823
343917	657811
343884	657771
343883	657763
343882	657757
343882	657757
343807	657719
343659	657692
343567	657689
343508	657648
343464	657551
343444	657488
343418	657443
343371	657373
343309	657314
343296	657306
343289	657304
343284	657299
343207	657246
343115	657203
342954	657109
342896	657076
342797	657045
342760	657031
342696	657000
342547	656887
342544	656881
342528	656873
342522	656868
342455	656772
342437	656736
342437	656733
342431	656729
342432	656727
342424	656713
342399	656667
342402	656665
342217	656301
342210	656240
342186	656153
342178	656050
342193	655977
342193	655977
342187	655975
342183	655973
342188	655966
342195	655957
342201	655948
342205	655943
342202	655936
342199	655931
342200	655922
342203	655913
342209	655908
342217	655904
342224	655902
342230	655904
342237	655907
342244	655908
342252	655905
342256	655903
342261	655903
342264	655901
342264	655897
342268	655894
342272	655890
342275	655883
342278	655872
342281	655858
342283	655850
342287	655843
342294	655837
342299	655831
342305	655823
342309	655820
342318	655818
342329	655814
342340	655805
342349	655796
342357	655788
342363	655782
342367	655778
342368	655775
342364	655775
342358	655778
342351	655781
342347	655781
342346	655778
342350	655770
342353	655764
342359	655755
342366	655747
342376	655741
342389	655734
342407	655726
342424	655719
342435	655713
342444	655707
342453	655702
342462	655698
342468	655698
342475	655702
342486	655711
342497	655714
342504	655714
342511	655713
342513	655709
342513	655706
342511	655704
342512	655700
342517	655696
342521	655692
342523	655687
342528	655680
342538	655672
342552	655664
342567	655656
342575	655650
342583	655646
342588	655644
342596	655634
342602	655628
342613	655623
342624	655621
342633	655615
342639	655610
342644	655608
342649	655609
342655	655614
342685	655612
342687	655608
342688	655605
342685	655599
342682	655595
342686	655578
342683	655574
342677	655566
342675	655561
342678	655552
342682	655549
342687	655555
342691	655557
342697	655558
342703	655554
342708	655547
342714	655540
342719	655531
342728	655519
342728	655511
342725	655507
342722	655505
342714	655504
342708	655504
342702	655509
342699	655510
342696	655508
342693	655502
342690	655500
342685	655499
342682	655496
342679	655491
342678	655479
342679	655470
342685	655453
342688	655447
342690	655439
342690	655427
342691	655404
342691	655404
342690	655388
342690	655382
342691	655377
342693	655373
342699	655363
342703	655354
342704	655344
342703	655337
342700	655326
342698	655311
342695	655295
342692	655285
342682	655260
342680	655253
342676	655241
342675	655232
342674	655223
342674	655215
342675	655211
342680	655203
342689	655187
342690	655178
342689	655169
342684	655161
342677	655151
342669	655143
342667	655142
342663	655142
342658	655145
342655	655145
342652	655142
342651	655140
342651	655135
342654	655128
342656	655120
342655	655113
342654	655105
342651	655096
342648	655090
342645	655087
342640	655085
342623	655078
342611	655073
342606	655070
342603	655066
342599	655060
342596	655054
342594	655046
342591	655037
342587	655022
342586	655018
342586	655004
342588	654997
342590	654989
342593	654982
342595	654982
342598	654983
342600	654982
342601	654976
342602	654965
342602	654961
342604	654950
342605	654943
342603	654933
342605	654926
342608	654919
342614	654906
342624	654885
342632	654876
342642	654867
342650	654861
342657	654854
342671	654834
342673	654829
342678	654818
342684	654806
342686	654797
342688	654791
342695	654779
342701	654769
342704	654764
342706	654757
342705	654750
342702	654739
342702	654729
342705	654721
342710	654713
342715	654710
342726	654707
342731	654704
342734	654700
342741	654685
342743	654680
342742	654671
342743	654667
342754	654653
342765	654636
342774	654624
342785	654614
342796	654614
342807	654611
342820	654604
342844	654588
342849	654584
342855	654577
342860	654572
342869	654571
342884	654569
342898	654564
342906	654560
342913	654554
342925	654542
342943	654532
342968	654518
343006	654495
343035	654478
343051	654470
343059	654466
343062	654463
343069	654456
343074	654451
343082	654448
343123	654441
343141	654435
343141	654435
343132	654418
343124	654398
343119	654374
343110	654347
343107	654319
343105	654293
343106	654276
343105	654261
343097	654234
343092	654217
343088	654207
343081	654190
343073	654172
343066	654157
343063	654142
343066	654103
343066	654099
343077	654070
343085	654039
343102	654003
343104	653991
343104	653977
343101	653951
343095	653919
343087	653895
343087	653885
343094	653866
343104	653837
343105	653830
343104	653818
343094	653798
343084	653783
343064	653761
343038	653735
343014	653712
342997	653693
342983	653673
342979	653664
342976	653648
342976	653631
342979	653598
342978	653585
342974	653570
342961	653541
342951	653517
342948	653506
342930	653476
342912	653449
342902	653439
342890	653436
342885	653437
342878	653434
342870	653421
342868	653401
342869	653383
342870	653370
342874	653347
342879	653333
342884	653325
342891	653319
342906	653307
342932	653286
342984	653250
343008	653232
343066	653189
343107	653158
343124	653146
343195	653094
343227	653070
343234	653062
343276	653014
343281	653008
343290	652985
343294	652976
343314	652924
343327	652892
343357	652816
343362	652799
343366	652790
343380	652777
343386	652773
343422	652768
343471	652751
343505	652739
343578	652709
343613	652696
343628	652686
343659	652665
343668	652652
343691	652605
343696	652597
343707	652585
343724	652566
343757	652539
343783	652524
343799	652519
343818	652515
343841	652512
343871	652510
343902	652508
343940	652499
343975	652487
344010	652476
344040	652466
344123	652439
344177	652421
344322	652373
344388	652355
344436	652346
344512	652327
344552	652321
344667	652294
344771	652273
344810	652263
344918	652240
344954	652232
345061	652207
345095	652200
345218	652172
345260	652163
345273	652156
345301	652132
345318	652120
345337	652114
345387	652095
345413	652090
345437	652085
345450	652080
345476	652072
345512	652058
345525	652057
345559	652057
345599	652056
345689	652055
345720	652054
345814	652053
345833	652051
345846	652050
345878	652041
345933	652033
345965	652028
346003	652028
346066	652033
346091	652034
346106	652034
346110	652035
346112	652038
346119	652038
346199	652030
346228	652028
346332	652017
346364	652013
346448	652001
346474	651997
346502	651995
346567	651985
346635	651975
346755	651958
346893	651939
346981	651924
347034	651919
347080	651911
347092	651907
347094	651902
347094	651899
347098	651897
347112	651888
347129	651880
347140	651870
347144	651863
347147	651858
347157	651853
347257	651805
347304	651784
347375	651750
347419	651730
347465	651710
347467	651707
347469	651702
347466	651669
347468	651662
347474	651658
347475	651650
347482	651589
347483	651567
347485	651522
347488	651486
347492	651459
347491	651456
347489	651451
347454	651444
347407	651436
347362	651430
347355	651428
347349	651421
347341	651412
347337	651411
347254	651408
347221	651408
347178	651407
347174	651406
347170	651402
347163	651372
347157	651352
347158	651343
347163	651322
347182	651241
347199	651197
347215	651159
347236	651106
347249	651075
347253	651065
347253	651059
347248	651020
347242	650990
347235	650921
347233	650905
347221	650828
347220	650819
347206	650741
347204	650732
347192	650648
347190	650520
347195	650488
347227	650404
347250	650337
347291	650245
347321	650177
347372	650065
347381	650044
347383	650038
347381	650032
347316	650004
347252	649969
347248	649962
347255	649941
347267	649908
347263	649833
347260	649725
347259	649702
347259	649697
347265	649684
347276	649662
347321	649586
347348	649539
347357	649526
347361	649522
347361	649518
347357	649505
347349	649489
347334	649460
347325	649445
347307	649409
347300	649393
347300	649389
347307	649379
347316	649366
347320	649359
347330	649343
347329	649336
347302	649307
347279	649279
347255	649251
347240	649236
347237	649232
347242	649227
347287	649195
347345	649150
347391	649118
347403	649108
347476	649055
347510	649030
347519	649022
347589	648970
347629	648941
347734	648864
347747	648855
347850	648779
347860	648771
347956	648702
347978	648686
348065	648624
348096	648600
348193	648528
348214	648513
348214	648511
348211	648509
348170	648501
348111	648499
348080	648500
348022	648506
348015	648508
348007	648512
348004	648514
348001	648514
347996	648509
347975	648485
347968	648479
347965	648475
347963	648472
347958	648459
347956	648452
347950	648444
347937	648428
347922	648410
347905	648390
347869	648346
347854	648328
347841	648312
347833	648303
347828	648296
347813	648246
347811	648227
347811	648219
347817	648156
347819	648135
347826	648060
347827	648048
347835	647963
347842	647880
347840	647853
347838	647794
347834	647720
347835	647715
347870	647665
347895	647628
347947	647555
347956	647542
347983	647500
348011	647460
348060	647390
348071	647373
348078	647361
348105	647299
348110	647286
348141	647215
348148	647200
348181	647122
348184	647114
348219	647033
348252	646956
348257	646947
348291	646864
348300	646843
348307	646792
348310	646778
348322	646703
348323	646691
348332	646645
348336	646604
348343	646525
348352	646439
348355	646404
348367	646354
348375	646313
348383	646277
348386	646267
348397	646216
348399	646202
348399	646190
348398	646180
348392	646104
348390	646094
348385	646089
348359	646058
348358	646054
348355	646015
348352	645970
348344	645935
348339	645915
348332	645891
348315	645868
348304	645855
348287	645834
348257	645795
348236	645772
348215	645746
348177	645697
348166	645685
348135	645645
348120	645627
348119	645623
348124	645599
348141	645520
348149	645490
348183	645434
348198	645414
348201	645404
348201	645404
348197	645380
348190	645317
348184	645270
348176	645207
348169	645145
348166	645121
348162	645084
348162	645071
348161	645050
348161	645038
348161	645010
348162	644986
348165	644955
348166	644894
348167	644869
348169	644796
348169	644784
348169	644768
348170	644758
348172	644732
348176	644698
348182	644650
348185	644631
348188	644613
348199	644543
348201	644528
348180	644524
348177	644497
348174	644453
348172	644442
348168	644387
348166	644357
348160	644325
348151	644296
348144	644271
348122	644204
348116	644184
348107	644153
348110	644099
348113	644060
348116	644015
348122	643940
348123	643929
348129	643853
348130	643843
348136	643758
348143	643673
348145	643646
348149	643586
348155	643511
348156	643500
348162	643423
348163	643414
348165	643379
348165	643370
348164	643362
348153	643331
348127	643264
348120	643246
348096	643179
348089	643161
348076	643124
348027	643113
347976	643102
347959	643097
347959	643097
347968	643074
347963	643072
347969	643041
347970	643018
347968	642986
347955	642909
347955	642909
347939	642897
347930	642886
347919	642872
347909	642864
347874	642850
347783	642813
347739	642794
347723	642787
347669	642757
347631	642736
347602	642719
347596	642713
347576	642690
347541	642646
347531	642633
347506	642602
347490	642585
347475	642568
347466	642560
347447	642548
347409	642521
347362	642491
347328	642469
347281	642437
347208	642393
347188	642383
347175	642377
347165	642373
347163	642371
347152	642354
347140	642336
347134	642323
347131	642309
347128	642300
347126	642291
347123	642288
347113	642281
347089	642263
347044	642224
347027	642210
347009	642222
346949	642173
346916	642147
346862	642103
346860	642098
346860	642093
346858	642087
346855	642084
346844	642078
346841	642075
346838	642070
346830	642057
346826	642049
346820	642043
346811	642039
346800	642036
346796	642031
346790	642021
346786	642011
346781	642006
346762	641987
346753	641979
346756	641967
346768	641938
346773	641931
346781	641921
346786	641918
346799	641908
346811	641898
346836	641882
346847	641875
346855	641865
346860	641857
346863	641851
346864	641843
346863	641833
346861	641823
346825	641800
346745	641751
346721	641737
346713	641731
346689	641707
346650	641669
346595	641612
346567	641584
346523	641537
346486	641499
346456	641470
346434	641445
346403	641413
346374	641384
346373	641373
346376	641328
346378	641280
346379	641250
346379	641243
346384	641161
346386	641149
346389	641130
346390	641122
346389	641115
346387	641107
346385	641102
346383	641098
346372	641091
346349	641074
346346	641071
346347	641055
346348	641043
346346	641008
346346	640989
346343	640930
346343	640922
346342	640918
346333	640903
346314	640873
346290	640835
346290	640830
346292	640821
346305	640787
346317	640754
346324	640735
346326	640725
346332	640681
346337	640652
346337	640635
346337	640618
346327	640571
346318	640532
346305	640485
346287	640428
346280	640407
346277	640400
346256	640335
346252	640314
346240	640256
346235	640228
346231	640205
346229	640176
346227	640156
346227	640153
346224	640148
346164	640109
346098	640071
346052	640046
346059	640001
346059	640001
346070	639936
346041	639922
345918	639866
345900	639860
345900	639860
345902	639888
345902	639905
345894	639924
345870	639951
345832	639993
345808	640025
345789	640049
345771	640059
345746	640063
345697	640065
345638	640068
345610	640071
345580	640076
345580	640076
345576	640079
345563	640085
345547	640065
345531	640049
345518	640045
345497	640046
345486	640050
345472	640058
345459	640059
345453	640058
345447	640052
345444	640037
345442	640025
345424	640000
345424	640000
345423	639983
345422	639973
345417	639967
345406	639960
345398	639951
345398	639934
345398	639924
345394	639914
345382	639901
345381	639892
345383	639879
345379	639865
345346	639802
345322	639765
345301	639740
345285	639713
345275	639700
345250	639649
345244	639636
345235	639631
345213	639608
345206	639605
345187	639601
345166	639588
345162	639582
345161	639581
345159	639581
345153	639584
345150	639587
345147	639587
345139	639587
345130	639584
345118	639576
345113	639573
345102	639569
345096	639568
345092	639566
345087	639559
345080	639554
345073	639549
345064	639542
345052	639534
345041	639531
345017	639528
345001	639525
345001	639525
344969	639523
344945	639521
344911	639510
344890	639503
344851	639488
344806	639479
344777	639472
344766	639468
344730	639438
344709	639417
344695	639401
344678	639391
344643	639378
344618	639379
344601	639382
344596	639383
344590	639381
344578	639378
344536	639379
344480	639383
344445	639387
344425	639391
344420	639393
344412	639409
344402	639430
344396	639457
344391	639472
344385	639473
344291	639488
344211	639498
344184	639500
344145	639501
344115	639508
344102	639509
344061	639510
344002	639512
343992	639510
343971	639506
343959	639505
343935	639509
343899	639519
343878	639521
343860	639520
343845	639515
343837	639509
343768	639486
343756	639481
343752	639481
343749	639499
343736	639587
343725	639658
343722	639679
343722	639683
343732	639696
343747	639706
343778	639719
343791	639724
343791	639724
343796	639789
343771	639923
343733	640083
343694	640140
343622	640212
343559	640236
343505	640235
343404	640182
343325	640161
343287	640161
343234	640174
343159	640238
343102	640311
343085	640338
343055	640395
343046	640449
343030	640553
343005	640684
343005	640684
342971	640794
342956	640846
342948	640879
342940	640914
342938	640939
342940	640982
342945	641009
342944	641023
342938	641053
342927	641112
342914	641144
342883	641194
342869	641219
342793	641350
342769	641391
342691	641530
342671	641565
342635	641642
342618	641682
342615	641688
342610	641720
342608	641741
342603	641832
342599	641898
342596	641906
342541	641977
342518	642007
342481	642051
342463	642073
342370	642180
342328	642230
342314	642245
342301	642251
342252	642260
342209	642271
342149	642283
342083	642298
342013	642309
341947	642319
341886	642326
341829	642334
341790	642340
341778	642338
341709	642318
341657	642304
341609	642291
341594	642287
341557	642268
341522	642248
341512	642246
341510	642257
341496	642331
341492	642343
341436	642410
341397	642459
341285	642590
341254	642628
341151	642748
341135	642765
341103	642796
341037	642856
341033	642862
341034	642868
341058	642932
341069	642964
341124	643116
341132	643137
341161	643224
341174	643259
341175	643269
341166	643306
341158	643343
341076	643442
341048	643476
340965	643583
340926	643634
340911	643651
340862	643716
340829	643757
340815	643775
340810	643779
340801	643779
340722	643767
340631	643753
340584	643745
340573	643751
340454	643837
340393	643881
340338	643928
340272	643983
340191	644050
340170	644070
340122	644106
340100	644135
340057	644196
340046	644211
340043	644236
340031	644314
340024	644359
340012	644391
340005	644411
340005	644411
339985	644471
339957	644551
339931	644634
339913	644661
339878	644714
339803	644823
339784	644849
339780	644854
339774	644856
339670	644859
339621	644860
339614	644858
339557	644824
339463	644767
339370	644711
339281	644655
339246	644636
339242	644635
339172	644624
339098	644612
339058	644601
338944	644563
338926	644555
338859	644499
338814	644462
338757	644414
338749	644410
338734	644410
338653	644404
338581	644400
338487	644394
338384	644386
338308	644379
338184	644370
338174	644369
338135	644339
338057	644280
337985	644228
