1
4670
0
314126	711752
314135	711757
314150	711766
314164	711775
314169	711779
314174	711786
314177	711792
314178	711799
314179	711808
314182	711820
314185	711829
314191	711840
314202	711858
314215	711877
314223	711890
314232	711903
314244	711920
314253	711932
314261	711940
314271	711951
314282	711964
314289	711974
314296	711983
314301	711994
314304	712004
314308	712015
314311	712031
314316	712045
314319	712057
314324	712068
314329	712077
314339	712092
314345	712101
314354	712116
314363	712131
314370	712142
314377	712155
314386	712171
314394	712186
314400	712195
314409	712203
314418	712207
314433	712211
314458	712224
314481	712236
314512	712255
314554	712280
314575	712294
314605	712311
314630	712327
314669	712350
314702	712372
314731	712391
314751	712404
314761	712410
314778	712423
314799	712442
314810	712452
314831	712470
314846	712486
314871	712511
314898	712544
314908	712564
314912	712566
314924	712573
314940	712585
314965	712611
314984	712629
315026	712669
315032	712675
315081	712727
315101	712749
315118	712766
315115	712773
315110	712782
315106	712790
315106	712798
315106	712805
315107	712809
315112	712816
315121	712824
315132	712832
315140	712841
315144	712848
315150	712861
315156	712865
315169	712873
315176	712877
315179	712882
315180	712889
315179	712896
315177	712901
315177	712906
315180	712911
315187	712916
315199	712918
315213	712919
315224	712922
315230	712926
315241	712932
315249	712940
315258	712949
315269	712958
315286	712978
315305	712995
315318	713009
315325	713020
315333	713029
315340	713040
315341	713043
315342	713051
315342	713058
315341	713069
315340	713078
315339	713087
315341	713096
315346	713105
315353	713112
315364	713121
315372	713125
315379	713132
315384	713136
315390	713143
315397	713148
315407	713150
315412	713149
315434	713144
315453	713135
315462	713131
315476	713132
315487	713135
315498	713137
315516	713135
315536	713135
315545	713133
315551	713127
315560	713116
315569	713109
315577	713104
315589	713099
315605	713096
315620	713095
315637	713097
315650	713099
315671	713104
315694	713108
315709	713110
315722	713108
315734	713103
315746	713103
315757	713104
315769	713108
315781	713111
315790	713115
315802	713116
315810	713114
315818	713110
315828	713101
315835	713091
315843	713078
315851	713065
315856	713059
315865	713053
315880	713046
315895	713043
315904	713042
315914	713044
315922	713047
315931	713053
315942	713063
315951	713068
315964	713071
315986	713072
316003	713078
316017	713090
316027	713102
316036	713116
316044	713134
316045	713141
316046	713155
316047	713172
316048	713181
316050	713202
316052	713216
316056	713237
316065	713251
316075	713264
316086	713274
316095	713283
316101	713285
316127	713271
316131	713268
316131	713260
316129	713255
316128	713250
316131	713248
316138	713247
316147	713247
316161	713235
316178	713223
316196	713210
316221	713199
316238	713194
316241	713194
316247	713194
316254	713197
316276	713208
316291	713213
316298	713215
316305	713215
316314	713215
316336	713205
316342	713204
316347	713204
316352	713206
316356	713211
316360	713212
316363	713212
316368	713210
316376	713205
316393	713194
316407	713191
316421	713189
316428	713191
316434	713189
316439	713185
316443	713184
316455	713183
316492	713186
316499	713184
316510	713178
316514	713176
316516	713177
316516	713180
316517	713183
316518	713185
316520	713186
316529	713187
316535	713191
316539	713192
316546	713191
316551	713191
316557	713190
316561	713190
316565	713191
316569	713191
316573	713192
316579	713192
316586	713192
316590	713191
316594	713189
316598	713185
316603	713179
316615	713166
316634	713155
316646	713152
316654	713148
316670	713146
316679	713148
316688	713148
316693	713145
316697	713144
316701	713144
316706	713145
316711	713147
316724	713155
316728	713156
316731	713157
316737	713155
316749	713148
316755	713143
316758	713141
316763	713138
316770	713135
316776	713132
316783	713126
316798	713116
316817	713102
316836	713086
316839	713084
316845	713082
316848	713082
316853	713080
316858	713077
316866	713076
316871	713076
316875	713074
316880	713070
316886	713068
316892	713068
316901	713068
316907	713068
316913	713067
316920	713064
316926	713062
316935	713059
316942	713055
316947	713054
316952	713051
316960	713045
316968	713041
316977	713039
316981	713038
316997	713035
317007	713033
317019	713024
317035	713015
317047	713007
317056	713002
317064	712998
317092	712993
317112	712988
317125	712984
317131	712982
317138	712978
317154	712972
317163	712969
317183	712962
317246	712941
317302	712922
317304	712903
317338	712893
317361	712884
317366	712881
317368	712879
317377	712879
317381	712877
317385	712874
317385	712874
317390	712875
317392	712881
317400	712930
317413	712995
317422	713002
317430	713039
317442	713098
317448	713129
317446	713132
317435	713134
317440	713162
317451	713218
317461	713276
317471	713328
317473	713334
317504	713391
317535	713448
317566	713503
317601	713569
317601	713569
317724	713594
317777	713607
317815	713618
317869	713630
317943	713648
317998	713660
318034	713668
318115	713687
318190	713705
318264	713723
318349	713743
318415	713760
318428	713762
318432	713760
318432	713760
318427	713719
318418	713661
318411	713603
318402	713545
318397	713531
318389	713487
318380	713430
318371	713373
318361	713315
318348	713261
318345	713243
318343	713224
318344	713213
318346	713204
318352	713193
318362	713184
318380	713175
318420	713155
318439	713145
318505	713109
318541	713089
318578	713071
318589	713066
318610	713051
318631	713037
318663	713017
318672	713010
318678	713001
318690	712991
318700	712979
318724	712955
318732	712948
318732	712948
318739	712931
318758	712915
318784	712894
318792	712889
318805	712896
318851	712923
318891	712945
318926	712965
318942	712975
318955	712995
318955	712995
319005	713023
319050	713048
319093	713073
319104	713076
319133	713082
319140	713087
319154	713081
319175	713079
319191	713074
319202	713068
319217	713054
319229	713045
319266	713029
319285	713019
319291	713010
319305	712990
319317	712977
319327	712964
319338	712953
319351	712942
319373	712926
319389	712913
319396	712906
319396	712906
319384	712932
319373	712954
319334	712967
319310	712997
319274	713058
319265	713088
319243	713117
319235	713126
319212	713170
319203	713195
319197	713223
319198	713242
319198	713268
319194	713286
319193	713302
319195	713321
319203	713346
319216	713375
319220	713381
319237	713393
319261	713412
319307	713445
319328	713461
319359	713486
319377	713507
319397	713533
319425	713568
319443	713587
319477	713621
319498	713643
319549	713697
319605	713750
319620	713779
319620	713779
319638	713791
319651	713799
319664	713806
319673	713813
319686	713820
319686	713820
319699	713824
319715	713831
319740	713848
319760	713851
319795	713861
319855	713882
319872	713893
319889	713907
320014	713958
320014	713958
320033	713960
320091	713984
320123	713996
320198	714026
320206	714029
320290	714064
320365	714095
320375	714098
320456	714131
320540	714163
320555	714170
320561	714170
320590	714158
320619	714146
320632	714140
320646	714138
320666	714131
320673	714126
320678	714125
320702	714121
320716	714119
320739	714115
320762	714113
320774	714109
320784	714110
320798	714109
320806	714107
320820	714103
320827	714098
320835	714096
320855	714087
320865	714082
320884	714077
320905	714074
320919	714069
320932	714067
320944	714067
320982	714066
320991	714071
321001	714074
321028	714077
321048	714076
321057	714069
321071	714072
321102	714083
321136	714095
321152	714106
321161	714113
321178	714130
321185	714136
321203	714143
321221	714146
321238	714153
321265	714155
321279	714154
321300	714152
321330	714146
321356	714139
321390	714139
321405	714138
321424	714130
321440	714123
321457	714112
321496	714085
321506	714080
321526	714075
321594	714055
321623	714046
321633	714042
321654	714040
321674	714039
321688	714042
321757	714064
321768	714064
321787	714061
321822	714058
321838	714056
321856	714045
321889	714021
321921	714000
321972	713976
321999	713962
322021	713962
322067	713935
322083	713934
322102	713924
322118	713917
322152	713908
322152	713908
322174	713908
322188	713903
322218	713893
322226	713889
322234	713889
322250	713888
322267	713887
322285	713878
322292	713872
322305	713866
322321	713854
322345	713836
322385	713808
322393	713803
322403	713802
322414	713802
322422	713795
322436	713785
322475	713761
322512	713739
322549	713715
322562	713705
322567	713696
322577	713678
322586	713668
322629	713629
322661	713600
322681	713586
322709	713569
322724	713568
322732	713565
322738	713560
322757	713556
322768	713551
322778	713545
322783	713538
322787	713536
322798	713534
322805	713531
322811	713525
322816	713517
322823	713517
322830	713517
322838	713514
322849	713515
322858	713514
322868	713511
322876	713503
322878	713496
322880	713484
322884	713463
322884	713463
322896	713445
322909	713435
322909	713435
322932	713414
322955	713390
322980	713362
322989	713355
322999	713350
323009	713348
323025	713345
323043	713340
323051	713333
323066	713306
323077	713293
323095	713284
323120	713275
323155	713262
323182	713252
323199	713247
323251	713251
323272	713252
323279	713254
323287	713261
323307	713273
323324	713281
323334	713288
323340	713290
323346	713290
323366	713294
323371	713296
323376	713300
323381	713304
323387	713310
323394	713319
323399	713324
323412	713334
323420	713341
323422	713343
323421	713350
323417	713359
323416	713364
323416	713368
323418	713370
323423	713370
323426	713370
323434	713369
323451	713365
323461	713364
323467	713364
323473	713362
323480	713355
323485	713354
323489	713354
323494	713354
323499	713353
323504	713352
323515	713347
323545	713334
323559	713332
323564	713337
323574	713365
323587	713399
323597	713426
323610	713455
323618	713475
323618	713497
323619	713541
323620	713556
323641	713576
323663	713596
323682	713597
323692	713606
323705	713625
323712	713635
323712	713640
323706	713653
323703	713661
323708	713668
323719	713681
323731	713692
323753	713709
323760	713715
323763	713723
323764	713735
323763	713745
323759	713769
323663	713842
323564	713915
323564	713915
323520	713943
323439	714001
323365	714055
323285	714111
323203	714170
323135	714219
323120	714231
323119	714245
323119	714245
323098	714300
323063	714367
323029	714425
322996	714484
322977	714521
322972	714543
322956	714602
322941	714660
322925	714718
322907	714776
322902	714794
322883	714858
322883	714858
322777	714880
322705	714933
322655	715030
322627	715111
322623	715116
322606	715115
322583	715109
322540	715098
322505	715086
322492	715079
322469	715069
322465	715063
322463	715057
322387	715015
322384	715017
322366	715007
322351	715012
322348	715011
322331	715019
322292	715032
322264	715045
322130	715140
322123	715142
321882	715102
321879	715115
321879	715115
321873	715136
321873	715136
321865	715185
321864	715195
321854	715254
321846	715313
321838	715372
321829	715431
321820	715489
321811	715548
321803	715607
321794	715665
321785	715723
321777	715781
321774	715809
321774	715809
321691	716035
321716	716281
321595	716288
321378	716305
321395	716461
321621	716527
321638	716533
321660	716546
321674	716566
321717	716649
321718	716654
321722	716762
321732	716940
321734	717022
321817	717036
321890	717025
321966	717000
322037	716973
322059	716967
322141	717000
322183	717018
322450	717127
322448	717140
322430	717161
322419	717184
322397	717216
322386	717238
322348	717278
322342	717288
322328	717314
322317	717340
322309	717351
322313	717356
322314	717365
322308	717382
322308	717387
322315	717395
322336	717411
322341	717419
322350	717506
322367	717543
322382	717561
322387	717570
322398	717599
322415	717616
322476	717664
322489	717679
322500	717687
322505	717693
322509	717716
322511	717746
322509	717766
322502	717798
322497	717806
322488	717816
322474	717824
322445	717834
322444	717833
322411	717841
322393	717842
322387	717855
322377	717865
322152	718054
322130	718076
322087	718055
322070	718050
322046	718046
322006	718044
321979	718039
321954	718040
321892	718015
321859	718006
321811	718003
321778	718014
321752	718010
321701	718016
321635	718025
321611	718025
321573	718018
321565	718008
321502	717990
321413	717997
321378	717994
321373	717995
321244	718122
321187	718169
321181	718179
321178	718194
321177	718259
321174	718271
321170	718278
321177	718297
321196	718350
321196	718350
321354	718580
321470	718777
321688	719177
321688	719177
322056	719468
322300	719594
322532	719643
322889	719653
323134	719620
323256	719620
323541	719677
323881	719782
324169	719944
324344	720093
324344	720093
324447	720169
324576	720302
324738	720403
325081	720619
325391	720788
325587	720857
325861	720910
326064	720930
326064	720930
326451	720955
326811	721002
327268	721157
327559	721312
327804	721530
328088	721841
328306	721987
328538	722079
329252	722261
329629	722413
330135	722664
330711	723011
331269	723468
331366	723572
331366	723572
331426	723618
331475	723635
331491	723662
331502	723698
331509	723724
331535	723760
331535	723760
331594	723829
331689	723955
331794	724098
331969	724345
331969	724345
331999	724386
331999	724386
332124	724573
332226	724729
332226	724729
332312	724862
332312	724862
332362	724939
332663	725318
332857	725565
332977	725671
332977	725671
333017	725706
333109	725777
333109	725777
333139	725800
333259	725849
333319	725869
333336	725875
333336	725875
333731	725964
333844	726021
334112	726285
334485	726612
334938	726946
335339	727171
335706	727313
335937	727383
335937	727383
336501	727490
336921	727524
337986	727504
338469	727504
339253	727557
339957	727616
340367	727649
340367	727649
340760	727846
341058	728091
341494	728613
341666	728984
341713	729374
341785	729493
342017	729651
342447	729810
342996	729916
343694	730005
344411	730055
345142	730041
345863	729889
346445	729757
346878	729744
347867	729800
348978	729830
349812	729830
350810	729846
351508	729830
351865	729784
352550	729665
353082	729536
353883	729394
354541	729311
355758	729182
356581	729043
357266	728917
357679	728917
358132	728904
359584	728746
360821	728613
361505	728514
362233	728395
362233	728395
362151	727463
362105	727231
362067	727061
361863	726357
361453	725479
360897	724685
360212	723999
359418	723443
358540	723034
357603	722783
356638	722699
356345	722403
356257	722266
356198	722211
356253	721393
356244	721226
356227	720980
356604	720954
356647	720948
356836	720919
357154	720834
357211	720819
358117	720740
358185	720722
358572	720673
359508	720422
359749	720310
359800	720296
360678	719887
361156	719560
361201	719548
362079	719138
362345	718952
362533	718833
363121	718401
363807	717716
364363	716922
364682	716236
365159	716109
366037	715699
366831	715143
367516	714458
367909	713897
367963	713820
368075	713666
368533	713035
368704	712668
368761	712594
368761	712594
368784	712564
368862	712424
369223	711631
369474	710695
369559	709729
369474	708764
369223	707827
368936	707208
368526	706330
367970	705536
367837	705384
367675	705154
367948	705026
368742	704471
369427	703785
369495	703689
370042	703142
370071	703100
370303	702869
370859	702075
370940	701900
371028	701774
371067	701691
371124	701609
371534	700731
371785	699795
371869	698829
371785	697864
371534	696928
371364	696564
371364	696564
371124	696049
370780	695557
370780	695557
369976	695446
368798	695278
367819	695139
366672	694971
365682	694833
364970	694744
364357	694655
363229	694506
362470	694413
362470	694413
362227	694629
362145	694707
361820	694979
361134	695664
361018	695831
360889	695962
360333	696756
360211	697017
360064	697227
359655	698106
359599	698286
359158	697929
358262	697556
358055	697453
357958	697425
357670	697374
357581	697334
357462	697281
357305	697263
357228	697214
357182	697193
356990	697144
356591	696930
356235	696848
356089	696786
355955	696730
355891	696704
355348	696476
355213	696440
355184	696432
354951	696269
354669	696138
354624	696116
353949	695409
353775	695287
353672	695186
353496	695038
352705	694484
351827	694075
350890	693824
350820	693818
350665	693777
349699	693692
348914	693749
348726	693729
347760	693645
346795	693729
345859	693980
345662	694076
345612	694100
344676	694351
344555	694407
344248	694489
343344	694917
342764	695187
342270	695508
342094	695637
341998	695722
341776	695404
341091	694719
340884	694574
340446	694136
339830	693705
339404	693295
339404	693295
339349	693242
338556	692687
338146	692496
338087	692410
337668	691992
337380	691541
336956	690966
336271	690280
335477	689724
334727	689375
334094	688619
333749	688327
333727	687954
333717	687863
333710	687804
333662	687481
333501	686879
333604	686777
334160	685983
334418	685477
334771	684690
334803	684605
334803	684605
334996	684102
335045	683946
335103	683649
335181	683253
335181	683253
334907	683101
334631	682953
334495	682878
334343	682793
334343	682793
334178	682709
333791	682520
333143	682223
332822	682085
332564	681967
332033	681718
331606	681563
331267	681439
330959	681365
330670	681314
330324	681275
329876	681230
329420	681207
328773	681210
328331	681206
327696	681214
327259	681232
326605	681244
326162	681256
325552	681270
325054	681278
324434	681290
324186	681290
323736	681290
323283	681330
322818	681351
322294	681369
321887	681364
321252	681361
320780	681349
320182	681352
319830	681333
319491	681317
319230	681300
319046	681282
319046	681282
318703	681264
318393	681227
318137	681177
317633	681059
317329	680980
316698	680823
316478	680762
316282	680698
315757	680495
315541	680401
315361	680286
315153	680159
314670	679819
314381	679602
313910	679302
313702	679205
313577	679176
313432	679159
313263	679149
312786	679212
312259	679344
311706	679507
311312	679640
310596	679894
310215	680027
309584	680247
309297	680340
308424	680656
308143	680750
307292	681043
306779	681211
306136	681431
305624	681602
304985	681820
304577	681961
303827	682212
303373	682371
302830	682551
302428	682693
301820	682890
301528	682990
301088	683143
301088	683143
301092	683347
301106	683547
301125	683830
301128	683891
301131	684127
301128	684223
301111	684466
301120	684495
301154	684544
301154	684544
301149	684608
301145	684722
301148	684835
301153	684950
301151	685064
301150	685177
301154	685283
301155	685293
301158	685411
301162	685528
301156	685609
301156	685609
301154	685645
301144	685761
301134	685880
301124	685995
301114	686106
301113	686122
301113	686122
301103	686133
301103	686134
301089	686162
301083	686174
301068	686202
301068	686202
301066	686206
301064	686209
301062	686213
301060	686216
301059	686220
301058	686225
301058	686229
301057	686233
301057	686237
301058	686245
301060	686253
301062	686261
301063	686267
301066	686274
301069	686282
301072	686289
301103	686360
301103	686360
301109	686375
301109	686375
301121	686383
301134	686391
301146	686407
301190	686455
301207	686478
301213	686495
301214	686518
301212	686557
301207	686580
301198	686589
301184	686598
301162	686604
301090	686614
301052	686620
301034	686626
301021	686635
301012	686643
301009	686655
301009	686663
301017	686673
301041	686696
301075	686730
301081	686740
301082	686749
301074	686764
301026	686807
300994	686839
300987	686859
300990	686873
301000	686899
301004	686912
301006	686922
301003	686929
300992	686939
300970	686943
300910	686955
300820	686972
300793	686989
300754	687022
300695	687058
300683	687069
300682	687076
300688	687080
300696	687085
300701	687093
300710	687103
300728	687125
300739	687138
300746	687150
300759	687159
300772	687180
300791	687229
300793	687249
300787	687271
300783	687291
300783	687316
300780	687323
300773	687329
300754	687343
300739	687352
300706	687361
300678	687363
300660	687364
300641	687360
300621	687352
300613	687345
300613	687345
300608	687338
300582	687316
300562	687311
300539	687304
300529	687307
300504	687329
300479	687341
300458	687346
300429	687350
300413	687354
300396	687369
300381	687392
300370	687404
300358	687410
300352	687419
300346	687432
300342	687446
300337	687454
300312	687481
300275	687495
300247	687499
300231	687507
300209	687511
300195	687510
300184	687506
300177	687499
300174	687491
300173	687487
300175	687484
300197	687477
300220	687466
300229	687458
300229	687454
300228	687447
300218	687436
300201	687424
300188	687414
300174	687410
300156	687404
300140	687402
300132	687404
300122	687410
300112	687419
300100	687435
300094	687450
300089	687462
300083	687469
300069	687476
300062	687483
300059	687489
300059	687495
300060	687501
300064	687511
300074	687535
300077	687554
300082	687580
300092	687603
300094	687624
300096	687656
300094	687666
300089	687674
300083	687681
300074	687687
300072	687695
300072	687695
300072	687704
300075	687719
300075	687724
300071	687729
300065	687733
300056	687734
300051	687734
300048	687736
300044	687744
300041	687762
300043	687770
300046	687774
300046	687774
300049	687782
300062	687792
300067	687794
300077	687797
300105	687803
300123	687806
300135	687809
300135	687809
300146	687811
300155	687811
300172	687811
300182	687813
300207	687818
300209	687819
300210	687822
300208	687825
300209	687828
300215	687831
300225	687835
300230	687838
300232	687840
300233	687843
300241	687845
300251	687848
300261	687849
300267	687854
300279	687860
300287	687862
300297	687862
300312	687860
300328	687857
300337	687858
300344	687862
300356	687870
300367	687879
300373	687884
300389	687891
300413	687904
300431	687911
300442	687914
300454	687913
300455	687915
300459	687916
300469	687919
300477	687919
300484	687917
300502	687908
300517	687900
300535	687889
300545	687886
300551	687886
300561	687887
300569	687892
300586	687910
300595	687920
300607	687927
300612	687929
300619	687930
300635	687931
300635	687931
300654	687930
300669	687929
300690	687928
300747	687925
300811	687922
300784	687937
300761	687953
300745	687964
300730	687980
300725	687986
300718	688000
300711	688027
300700	688063
300691	688093
300689	688099
300689	688099
300687	688113
300685	688123
300678	688133
300668	688143
300653	688157
300644	688166
300631	688175
300631	688175
300616	688217
300602	688251
300587	688285
300577	688311
300559	688358
300549	688385
300542	688407
300535	688432
300526	688472
300521	688509
300517	688537
300512	688574
300512	688574
300517	688583
300518	688594
300518	688601
300517	688608
300515	688613
300511	688616
300499	688623
300480	688652
300469	688673
300460	688701
300456	688718
300452	688730
300442	688745
300428	688764
300419	688777
300415	688797
300415	688797
300415	688799
300416	688803
300420	688811
300432	688826
300447	688840
300463	688849
300478	688856
300491	688863
300500	688870
300518	688885
300527	688891
300542	688899
300557	688903
300582	688911
300582	688911
300596	688913
300604	688915
300609	688915
300620	688915
300628	688914
300635	688912
300640	688912
300646	688913
300650	688915
300650	688915
300664	688924
300676	688932
300685	688940
300695	688949
300699	688951
300713	688958
300713	688958
300748	688978
300748	688978
300769	688991
300783	689003
300797	689015
300806	689024
300813	689032
300821	689035
300829	689035
300862	689023
300913	689009
300913	689009
300921	689007
300928	689006
300940	689006
300960	689006
300982	689010
301002	689018
301012	689026
301027	689038
301034	689043
301038	689045
301045	689046
301050	689046
301058	689043
301075	689029
301086	689020
301100	689006
301115	688992
301127	688983
301138	688974
301149	688968
301159	688964
301174	688961
301201	688961
301223	688965
301246	688970
301262	688969
301278	688968
301278	688968
301304	688964
301320	688959
301337	688952
301346	688951
301373	688952
301405	688953
301433	688957
301443	688959
301443	688959
301459	688966
301474	688974
301485	688983
301492	688992
301497	688998
301500	688999
301507	689002
301524	689003
301550	689006
301565	689008
301571	689009
301576	689008
301594	689004
301613	689001
301634	688999
301662	688993
301683	688988
301690	688988
301707	688990
301724	688992
301732	688992
301744	688992
301756	688992
301791	688988
301806	688986
301814	688985
301821	688985
301843	688983
301850	688983
301857	688985
301872	688990
301907	689006
301922	689011
301926	689011
301930	689011
301936	689009
301946	689002
301953	689000
301962	688997
301972	688992
301976	688991
301981	688988
301985	688984
301987	688981
301990	688979
302001	688977
302010	688976
302022	688969
302034	688959
302041	688952
302052	688942
302080	688931
302103	688939
302114	688938
302134	688936
302158	688934
302169	688932
302188	688926
302195	688924
302199	688926
302203	688932
302205	688938
302205	688950
302203	688972
302200	688999
302199	689006
302196	689014
302191	689026
302187	689034
302187	689038
302192	689047
302195	689052
302196	689056
302197	689061
302196	689068
302193	689077
302184	689087
302177	689096
302165	689117
302159	689125
302149	689133
302144	689138
302141	689142
302139	689168
302143	689174
302142	689181
302137	689194
302130	689207
302128	689212
302119	689224
302113	689233
302106	689247
302098	689262
302092	689271
302090	689273
302090	689275
302090	689278
302090	689281
302089	689287
302087	689306
302087	689306
302073	689332
302066	689341
302059	689360
302057	689371
302059	689383
302064	689399
302064	689399
302041	689461
302041	689461
302037	689471
302033	689481
302029	689490
302027	689495
302021	689505
302016	689514
302012	689520
302007	689527
302002	689535
301990	689549
301988	689550
301984	689555
301979	689560
301975	689566
301972	689570
301969	689576
301966	689582
301943	689633
301923	689672
301893	689720
301844	689790
301815	689832
301805	689845
301804	689847
301800	689852
301796	689857
301791	689861
301788	689864
301783	689868
301779	689871
301778	689872
301771	689876
301763	689879
301739	689889
301710	689899
301659	689919
301588	689946
301573	689952
301474	689991
301462	690003
301447	690015
301440	690020
301427	690031
301407	690057
301396	690074
301387	690093
301373	690119
301354	690155
301334	690192
301333	690194
301321	690216
301316	690224
301305	690242
301299	690252
301292	690263
301285	690273
301281	690278
301272	690288
301263	690298
301263	690299
301255	690306
301247	690314
301239	690321
301236	690324
301228	690330
301219	690337
301210	690343
301164	690377
301157	690384
301139	690401
301131	690409
301123	690418
301119	690422
301112	690431
301105	690439
301098	690451
301090	690464
301076	690496
301074	690499
301070	690509
301065	690519
301064	690521
301062	690528
301060	690534
301058	690541
301057	690543
301054	690548
301052	690553
301049	690557
301048	690559
301045	690563
301041	690567
301037	690571
301033	690575
301029	690579
301024	690584
301019	690589
301013	690593
300986	690614
300959	690636
300942	690650
300919	690670
300904	690682
300887	690695
300885	690697
300867	690709
300849	690721
300830	690732
300797	690758
300797	690758
300791	690776
300782	690790
300754	690813
300732	690830
300729	690834
300729	690842
300729	690848
300723	690853
300723	690853
300715	690857
300692	690872
300692	690872
300677	690882
300659	690894
300635	690911
300622	690921
300597	690942
300568	690965
300549	690981
300519	691006
300500	691022
300478	691039
300460	691050
300432	691075
300415	691091
300399	691107
300375	691125
300354	691139
300341	691147
300325	691156
300301	691164
300271	691169
300236	691174
300178	691182
300153	691184
300109	691191
300056	691202
300015	691211
299999	691215
299999	691215
299981	691218
299952	691224
299911	691233
299879	691239
299854	691239
299854	691239
299834	691242
299765	691259
299694	691275
299676	691278
299651	691278
299622	691279
299622	691279
299622	691286
299622	691286
299622	691306
299623	691345
299630	691423
299630	691423
298453	691677
298480	691703
298480	691710
298488	691729
298501	691749
298501	691761
298518	691788
298525	691792
298531	691800
298535	691853
298533	691858
298533	691870
298535	691881
298531	691894
298515	691924
298515	691924
298536	691937
298549	691940
298561	691945
298568	691951
298591	691960
298606	691970
298631	691983
298665	692006
298691	692012
298702	692022
298732	692033
298751	692037
298766	692047
298806	692049
298802	692087
298787	692148
298783	692159
298781	692162
298735	692185
298596	692261
298344	692391
298296	692418
298162	692486
298132	692503
297855	692645
297443	692895
297169	692973
297143	692986
297064	693028
296981	693090
296944	693116
296937	693119
296933	693124
296925	693128
296912	693140
296877	693187
296873	693195
296819	693269
296813	693281
296788	693318
296778	693329
296771	693342
296762	693352
296711	693426
296709	693435
296704	693448
296674	693473
296657	693493
296655	693498
296654	693504
296656	693511
296659	693514
296674	693522
296681	693541
296693	693556
296701	693563
296779	693583
296833	693611
296857	693617
296868	693626
296895	693625
296918	693627
296935	693621
296964	693625
297001	693622
297038	693631
297065	693634
297084	693633
297113	693642
297166	693670
297192	693676
297217	693687
297238	693692
297252	693700
297268	693717
297268	693718
297268	693718
297300	693701
297317	693697
297327	693700
297329	693707
297325	693727
297313	693744
297290	693769
297290	693769
297295	693784
297326	693840
297350	693892
297366	693911
297387	693931
297397	693947
297407	693969
297412	693983
297414	694000
297414	694009
297414	694009
297400	694003
297377	693999
297362	694004
297347	694009
297329	694018
297321	694027
297322	694031
297334	694034
297361	694034
297370	694036
297375	694044
297379	694048
297386	694052
297409	694055
297409	694055
297414	694058
297420	694069
297430	694083
297437	694081
297437	694081
297455	694113
297462	694124
297471	694132
297479	694155
297491	694166
297497	694168
297508	694167
297516	694169
297524	694173
297541	694185
297562	694187
297600	694203
297619	694209
297664	694210
297719	694203
297757	694204
297768	694207
297777	694212
297810	694243
297817	694247
297831	694251
297838	694251
297846	694247
297870	694224
297888	694215
297908	694209
297933	694209
297949	694215
297962	694225
297968	694225
298000	694235
298019	694249
298034	694257
298064	694264
298075	694258
298095	694236
298103	694232
298115	694232
298129	694238
298138	694239
298161	694236
298204	694235
298217	694231
298237	694229
298251	694224
298260	694220
298273	694208
298278	694205
298284	694205
298296	694208
298305	694209
298329	694200
298334	694205
298342	694224
298341	694245
298342	694249
298351	694251
298360	694249
298370	694267
298383	694278
298388	694279
298392	694277
298401	694264
298407	694265
298411	694273
298414	694275
298425	694270
298442	694260
298456	694256
298469	694257
298475	694263
298487	694268
298489	694272
298490	694281
298494	694289
298493	694294
298487	694306
298487	694306
298489	694313
298490	694339
298489	694346
298487	694354
298485	694362
298481	694367
298471	694375
298466	694380
298461	694387
298454	694398
298450	694408
298446	694419
298445	694421
298443	694422
298440	694422
298439	694421
298438	694419
298437	694412
298435	694411
298433	694410
298429	694411
298423	694414
298419	694425
298419	694430
298423	694438
298424	694443
298422	694449
298423	694450
298424	694455
298435	694470
298439	694479
298441	694485
298447	694493
298451	694503
298457	694518
298460	694523
298470	694538
298476	694547
298484	694552
298495	694561
298499	694563
298505	694568
298514	694573
298524	694578
298530	694580
298535	694582
298535	694582
298559	694584
298600	694584
298604	694575
298669	694554
298709	694551
298748	694554
298809	694551
298892	694533
298892	694533
298904	694531
298914	694527
298956	694504
298980	694494
298997	694491
299046	694492
299061	694495
299118	694519
299124	694526
299131	694542
299152	694550
299149	694555
299160	694557
299180	694567
299182	694571
299182	694584
299191	694589
299196	694593
299232	694601
299235	694606
299241	694610
299246	694610
299257	694606
299268	694607
299271	694616
299277	694621
299286	694622
299306	694610
299311	694609
299316	694610
299320	694613
299319	694618
299312	694619
299311	694621
299317	694627
299345	694640
299350	694645
299366	694646
299379	694651
299387	694657
299393	694657
299407	694668
299428	694669
299444	694674
299443	694686
299448	694693
299503	694715
299528	694733
299533	694738
299548	694739
299563	694745
299581	694739
299592	694747
299599	694746
299620	694755
299636	694755
299655	694760
299670	694759
299682	694767
299689	694781
299714	694790
299727	694800
299735	694805
299777	694755
299782	694759
299795	694762
299825	694750
299855	694729
299884	694723
299901	694716
300000	694721
300000	694721
300096	694727
300127	694732
300147	694730
300176	694731
300209	694735
300221	694738
300245	694752
300295	694785
300381	694889
300396	694904
300415	694914
300437	694921
300504	694936
300531	694941
300653	694951
300694	694957
300723	694956
300736	694960
300830	694970
300830	694970
300839	694971
300848	694975
300883	694984
300927	695000
300947	695009
300956	695010
300961	695013
300967	695024
300985	695027
300995	695036
301003	695036
301015	695031
301028	695032
301046	695027
301061	695028
301116	695036
301190	695053
301205	695047
301229	695024
301343	695011
301397	695006
301406	695008
301496	695039
301500	695042
301502	695041
301598	695073
301606	695076
301616	695075
301626	695092
301643	695096
301704	695145
301782	695170
301819	695186
301827	695187
301846	695193
301854	695193
301856	695195
301857	695210
301856	695220
301857	695228
301856	695237
301860	695274
301932	695324
301935	695324
301941	695328
302026	695386
301865	695577
301855	695684
301745	695701
301695	695725
301689	695725
301682	695803
301724	696000
301772	696229
301772	696238
301762	696281
301759	696312
301761	696426
301758	696469
301763	696482
301921	696667
302010	696774
302018	696777
302037	696780
302055	696790
302078	696835
302105	696878
302110	696884
302228	696988
302492	697190
302467	697205
302472	697213
302487	697220
302657	697377
302721	697258
302924	697421
302964	697457
303052	697440
303076	697434
303090	697428
303280	697297
303292	697286
303409	697169
303416	697164
303426	697165
303871	697269
304069	697284
304069	697284
304083	697284
304108	697286
304120	697288
304141	697294
304204	697313
304291	697340
304379	697367
304442	697378
304466	697381
304510	697385
304551	697385
304575	697331
304603	697271
304619	697236
304664	697250
304737	697269
304824	697292
304904	697314
304929	697320
304933	697317
304955	697324
304980	697337
304997	697346
305009	697348
305052	697368
305080	697380
305097	697388
305101	697394
305118	697397
305162	697402
305195	697410
305221	697417
305249	697425
305299	697445
305330	697459
305352	697471
305391	697494
305424	697513
305546	697584
305594	697611
305686	697666
305752	697703
305915	697800
305945	697818
305960	697834
305991	697866
306023	697901
306037	697916
306128	698011
306148	698033
306240	698130
306256	698140
306271	698152
306387	698239
306409	698255
306427	698269
306581	698382
306625	698416
306654	698437
306680	698457
306706	698474
306732	698493
306772	698523
306810	698549
306841	698574
306861	698591
306873	698604
306905	698642
306923	698669
306932	698678
306944	698686
306963	698692
306984	698697
307007	698703
307037	698708
307094	698721
307116	698725
307121	698726
307129	698723
307150	698711
307166	698695
307196	698659
307220	698631
307276	698564
307296	698542
307328	698513
307341	698505
307368	698494
307390	698490
307424	698485
307458	698482
307520	698482
307552	698483
307589	698487
307628	698491
307707	698500
307729	698502
307760	698509
307785	698515
307855	698535
307876	698545
307911	698570
307898	698574
307876	698589
307845	698619
307835	698631
307763	698700
307720	698741
307632	698825
307628	698830
307632	698835
307613	698859
307554	698938
307539	698959
307525	698970
307427	699024
307383	699047
307367	699055
307243	699102
307219	699114
307201	699122
307127	699149
307066	699172
307024	699187
306963	699210
306907	699231
306870	699245
306832	699259
306813	699266
306751	699311
306685	699357
306664	699374
306589	699439
306581	699446
306558	699468
306543	699485
306465	699583
306450	699601
306374	699696
306361	699707
306249	699762
306193	699790
306059	699853
305997	699877
305921	699903
305876	699921
305866	699929
305836	699959
305824	699973
305815	699990
305810	700001
305810	700001
305795	700029
305792	700030
305754	700034
305703	700040
305654	700046
305595	700052
305562	700056
305514	700061
305479	700066
305443	700070
305410	700070
305382	700069
305362	700066
305309	700059
305284	700056
305242	700049
305237	700047
305219	700034
305208	700027
305185	700012
305167	700001
305167	700001
305151	699994
305099	699962
305075	699945
305025	699912
305010	699909
304998	699902
304927	699890
304882	699880
304754	699855
304661	699837
304577	699820
304554	699816
304460	699796
304421	699788
304417	699786
304414	699780
304413	699769
304403	699760
304370	699748
304370	699743
304353	699738
304340	699735
304312	699734
304277	699731
304256	699730
304241	699727
304211	699714
304168	699694
304149	699688
304145	699684
304129	699662
304119	699645
304107	699638
304069	699625
304043	699616
303991	699604
303974	699603
303898	699603
303878	699601
303873	699600
303866	699596
303857	699590
303848	699587
303827	699585
303724	699577
303690	699575
303552	699553
303479	699542
303382	699521
303344	699517
303220	699489
303183	699480
303100	699462
303046	699451
302988	699438
302857	699409
302741	699384
302743	699371
302616	699273
302461	699155
302411	699117
302292	699203
302253	699232
302215	699205
302170	699237
302069	699310
302033	699336
302033	699336
302052	699362
302019	699378
301909	699435
301878	699450
301870	699451
301856	699453
301853	699454
301842	699464
301784	699493
301752	699510
301739	699515
301729	699517
301723	699522
301719	699530
301714	699543
301714	699543
301715	699548
301713	699560
301707	699576
301702	699588
301699	699617
301695	699650
301693	699656
301688	699666
301687	699675
301686	699689
301686	699706
301686	699710
301688	699717
301690	699722
301691	699727
301692	699733
301692	699737
301693	699744
301694	699751
301699	699755
301706	699758
301714	699768
301720	699779
301724	699788
301731	699792
301748	699800
301778	699817
301792	699845
301800	699856
301812	699868
301831	699878
301839	699884
301838	699892
301825	699907
301817	699922
301828	699937
301832	699946
301854	699982
301862	699989
301872	699993
301884	699992
301894	699990
301908	699985
301971	699946
302006	699926
302057	699909
302092	699896
302144	699892
302157	699889
302231	699877
302270	699871
302312	699868
302333	699866
302366	699869
302400	699878
302446	699893
302487	699906
302509	699913
302537	699921
302574	699929
302605	699939
302638	699940
302658	699936
302685	699920
302714	699903
302744	699894
302801	699878
302831	699876
302846	699875
302875	699865
302897	699859
302903	699864
302917	699877
302944	699917
302958	699934
302983	699961
303000	699974
303027	700003
303027	700003
303052	700027
303061	700037
303112	700088
303170	700144
303223	700186
303254	700211
303254	700226
303258	700241
303269	700249
303284	700253
303296	700254
303312	700257
303333	700257
303373	700259
303395	700264
303421	700281
303458	700306
303494	700318
303539	700312
303576	700315
303594	700325
303603	700334
303609	700347
303611	700384
303601	700443
303604	700500
303604	700507
303615	700537
303624	700558
303629	700570
303635	700588
303633	700605
303628	700617
303625	700622
303602	700646
303576	700666
303556	700675
303530	700682
303493	700686
303461	700686
303406	700691
303377	700689
303343	700685
303292	700678
303255	700674
303224	700671
303212	700672
303183	700677
303161	700687
303223	700735
303238	700747
303271	700772
303235	700794
303177	700824
303126	700844
303017	700890
302909	700936
302845	700961
302816	700974
302800	700991
302749	701050
302700	701109
302690	701121
302658	701167
302645	701186
302627	701225
302621	701237
302613	701251
302601	701274
302576	701311
302576	701311
302671	701342
302751	701367
302798	701382
302841	701397
302893	701414
302909	701436
302946	701485
302967	701512
303002	701562
303049	701622
303132	701730
303139	701738
303200	701817
303202	701825
303295	701822
303354	701820
303453	701814
303550	701810
303557	701816
303590	701868
303628	701928
303634	701945
303645	701979
303657	702004
303667	702019
303676	702028
303690	702039
303706	702047
303723	702053
303739	702059
303755	702066
303773	702077
303787	702087
303805	702101
303821	702111
303828	702117
303858	702141
303870	702152
303884	702163
303909	702181
303921	702190
303935	702201
303953	702221
303973	702244
303982	702259
303993	702279
304003	702299
304010	702316
304013	702320
304041	702336
304080	702357
304110	702371
304123	702378
304146	702389
304165	702397
304179	702408
304189	702415
304196	702422
304203	702424
304225	702440
304245	702453
304262	702464
304275	702472
304283	702478
304295	702479
304304	702481
304311	702486
304320	702496
304332	702512
304348	702538
304357	702552
304385	702562
304424	702574
304453	702585
304603	702632
304641	702645
304752	702657
304781	702660
304791	702663
304802	702672
304853	702709
304886	702733
304913	702753
304942	702777
304959	702790
304995	702816
305005	702820
305043	702844
305053	702850
305087	702865
305131	702885
305164	702899
305143	702983
305144	703003
305148	703008
305150	703010
305145	703011
305145	703011
305126	703011
305114	703014
305090	703022
305064	703029
305050	703034
305039	703044
305031	703053
305027	703064
305020	703076
305011	703079
305003	703083
304997	703091
304988	703092
304968	703095
304947	703100
304933	703104
304916	703117
304902	703128
304888	703134
304867	703142
304849	703157
304837	703169
304820	703191
304796	703229
304785	703244
304770	703253
304723	703272
304699	703281
304677	703286
304655	703292
304647	703298
304637	703305
304613	703329
304585	703359
304580	703362
304574	703361
304567	703359
304557	703355
304545	703352
304528	703347
304514	703340
304506	703337
304501	703337
304470	703341
304450	703343
304436	703345
304423	703346
304411	703346
304399	703345
304381	703345
304370	703346
304359	703348
304351	703352
304342	703354
304336	703354
304329	703353
304303	703345
304286	703340
304273	703336
304265	703334
304253	703335
304239	703336
304224	703336
304211	703334
304203	703332
304196	703331
304190	703331
304184	703333
304170	703334
304138	703335
304112	703333
304084	703333
304076	703331
304065	703328
304060	703328
304055	703330
304041	703337
304029	703340
304017	703342
304009	703341
303999	703339
303986	703335
303963	703334
303956	703336
303945	703340
303926	703345
303913	703348
303891	703351
303886	703353
303878	703361
303868	703376
303861	703388
303854	703402
303852	703406
303849	703409
303843	703411
303838	703412
303835	703413
303833	703415
303832	703417
303831	703422
303829	703426
303820	703434
303804	703448
303783	703464
303776	703471
303773	703475
303771	703480
303766	703492
303760	703503
303751	703512
303743	703520
303739	703528
303733	703539
303723	703549
303715	703558
303702	703578
303681	703604
303677	703611
303672	703618
303664	703623
303655	703631
303644	703637
303636	703639
303631	703639
303613	703641
303608	703643
303602	703648
303597	703659
303590	703679
303581	703693
303569	703703
303553	703706
303531	703707
303518	703706
303503	703703
303488	703699
303473	703694
303458	703688
303448	703685
303440	703682
303432	703682
303409	703683
303401	703684
303395	703686
303383	703689
303370	703695
303353	703704
303329	703717
303320	703723
303305	703733
303290	703746
303276	703759
303263	703769
303246	703775
303221	703773
303218	703776
303215	703780
303210	703779
303207	703777
303201	703766
303200	703759
303199	703755
303197	703754
303193	703754
303184	703760
303173	703770
303157	703781
303152	703785
303140	703795
303126	703804
303115	703808
303105	703814
303082	703826
303068	703837
303057	703846
303040	703867
303030	703877
303020	703886
303005	703892
302994	703896
302986	703903
302980	703911
302974	703918
302959	703928
302948	703938
302939	703949
302935	703954
302926	703964
302914	703982
302902	703994
302885	704007
302870	704015
302855	704024
302840	704033
302826	704042
302812	704051
302806	704057
302800	704064
302794	704075
302786	704089
302777	704103
302763	704116
302752	704121
302741	704125
302724	704128
302712	704131
302704	704134
302698	704138
302696	704143
302692	704153
302689	704159
302685	704165
302679	704167
302666	704168
302652	704170
302642	704172
302633	704175
302625	704183
302614	704200
302598	704222
302580	704241
302563	704248
302517	704261
302502	704264
302479	704272
302460	704281
302450	704287
302432	704309
302425	704316
302408	704326
302399	704331
302385	704341
302354	704364
302337	704377
302328	704390
302321	704398
302300	704405
302273	704415
302264	704417
302255	704422
302224	704444
302194	704467
302180	704477
302174	704484
302168	704496
302154	704521
302145	704541
302134	704559
302125	704560
302119	704559
302108	704552
302095	704547
302079	704550
302070	704558
302067	704570
302064	704584
302062	704591
302056	704600
302040	704613
301987	704651
301973	704657
301959	704668
301944	704684
301924	704703
301917	704703
301905	704702
301893	704698
301877	704698
301876	704699
301873	704703
301868	704713
301864	704720
301855	704730
301840	704741
301824	704749
301814	704759
301804	704767
301795	704775
301785	704778
301776	704783
301774	704786
301767	704792
301763	704794
301759	704794
301757	704793
301753	704785
301750	704777
301746	704772
301741	704769
301736	704768
301732	704768
301728	704770
301725	704772
301722	704780
301721	704792
301723	704820
301721	704831
301719	704838
301707	704860
301696	704871
301686	704875
301660	704874
301656	704874
301637	704874
301633	704871
301630	704868
301626	704866
301622	704868
301618	704872
301616	704877
301615	704881
301614	704890
301611	704903
301605	704915
301595	704922
301584	704926
301569	704931
301556	704937
301551	704946
301545	704952
301534	704961
301533	704967
301532	704981
301533	704995
301535	705004
301534	705012
301530	705017
301523	705024
301512	705029
301498	705035
301484	705041
301476	705047
301467	705052
301460	705059
301450	705070
301441	705075
301435	705080
301434	705087
301434	705094
301435	705100
301439	705107
301446	705116
301453	705125
301454	705132
301453	705139
301450	705150
301441	705172
301426	705200
301411	705217
301397	705232
301389	705248
301380	705267
301368	705319
301368	705319
301388	705382
301393	705415
301395	705449
301391	705467
301373	705516
301363	705539
301338	705567
301310	705613
301299	705637
301293	705669
301289	705698
301290	705724
301295	705738
301312	705751
301319	705761
301326	705780
301347	705865
301351	705895
301351	705895
301356	705903
301364	705913
301373	705928
301386	705954
301399	705975
301404	705990
301403	705998
301400	706005
301383	706020
301369	706027
301353	706029
301336	706031
301328	706038
301315	706052
301302	706064
301293	706072
301293	706072
301285	706091
301287	706105
301308	706135
301313	706147
301311	706163
301299	706205
301234	706375
301224	706428
301197	706484
301187	706517
301182	706549
301182	706579
301184	706613
301190	706657
301198	706689
301208	706712
301260	706799
301263	706799
301263	706799
301269	706798
301288	706802
301293	706813
301298	706812
301301	706817
301294	706828
301298	706834
301305	706837
301322	706839
301332	706844
301363	706867
301388	706868
301394	706871
301409	706881
301423	706888
301431	706898
301454	706909
301476	706924
301487	706928
301492	706941
301495	706944
301498	706950
301505	706958
301511	706966
301539	706989
301539	706999
301541	707003
301553	707008
301555	707012
301554	707021
301553	707024
301557	707034
301572	707044
301577	707052
301579	707061
301585	707064
301589	707070
301594	707071
301597	707067
301598	707062
301609	707062
301614	707068
301616	707077
301623	707083
301644	707090
301653	707099
301672	707100
301677	707108
301681	707119
301690	707113
301706	707120
301715	707122
301729	707119
301734	707117
301747	707114
301762	707112
301772	707118
301783	707129
301793	707135
301802	707138
301814	707133
301826	707136
301840	707135
301846	707143
301862	707145
301867	707148
301874	707148
301878	707147
301887	707151
301887	707153
301892	707153
301898	707148
301909	707147
301926	707151
301937	707150
301937	707150
301958	707148
301972	707148
301988	707152
301998	707152
302001	707150
302006	707150
302009	707152
302010	707155
302012	707166
302012	707166
302013	707171
302014	707173
302018	707176
302020	707176
302024	707176
302030	707176
302038	707173
302043	707174
302044	707172
302044	707166
302049	707155
302058	707146
302069	707141
302087	707133
302098	707130
302115	707124
302129	707116
302132	707113
302134	707108
302138	707105
302141	707103
302145	707102
302151	707101
302166	707093
302189	707082
302193	707079
302195	707076
302198	707065
302198	707056
302200	707053
302206	707050
302226	707040
302238	707033
302249	707027
302261	707024
302273	707023
302281	707018
302292	707004
302310	706988
302320	706981
302330	706977
302348	706973
302354	706972
302356	706970
302358	706967
302362	706961
302367	706956
302373	706948
302377	706935
302381	706931
302385	706927
302386	706924
302388	706920
302389	706918
302393	706914
302399	706909
302402	706905
302406	706897
302412	706894
302421	706887
302434	706878
302439	706872
302442	706863
302442	706863
302459	706854
302540	706806
302574	706786
302606	706783
302622	706781
302640	706779
302752	706767
302771	706766
302817	706768
302870	706770
302917	706772
302980	706774
302984	706774
302984	706774
302986	706773
302993	706770
303001	706768
303064	706765
303080	706766
303090	706770
303105	706776
303116	706779
303131	706779
303153	706777
303162	706777
303169	706777
303180	706772
303196	706764
303221	706751
303229	706749
303234	706746
303237	706742
303248	706714
303264	706683
303271	706666
303275	706655
303276	706639
303275	706633
303277	706629
303279	706624
303282	706618
303284	706612
303285	706603
303289	706589
303293	706574
303298	706559
303301	706550
303302	706536
303301	706532
303299	706528
303283	706507
303278	706501
303274	706495
303270	706489
303267	706484
303263	706480
303259	706478
303250	706478
303248	706476
303248	706473
303248	706469
303247	706467
303243	706464
303243	706461
303243	706458
303243	706453
303243	706448
303241	706445
303240	706443
303240	706438
303240	706434
303239	706431
303237	706429
303232	706429
303231	706427
303231	706425
303231	706422
303234	706419
303234	706415
303232	706409
303231	706406
303225	706397
303223	706391
303222	706381
303222	706376
303220	706372
303217	706366
303217	706358
303213	706340
303208	706317
303208	706312
303209	706309
303212	706302
303216	706295
303217	706287
303218	706280
303221	706275
303225	706271
303227	706267
303227	706264
303225	706250
303227	706239
303231	706234
303240	706233
303243	706230
303243	706226
303243	706222
303238	706217
303238	706214
303240	706206
303241	706202
303242	706197
303242	706193
303240	706185
303236	706174
303236	706169
303238	706161
303245	706142
303249	706138
303255	706137
303257	706128
303255	706119
303255	706106
303254	706099
303254	706096
303257	706093
303264	706087
303267	706078
303278	706048
303284	706036
303288	706033
303296	706033
303299	706032
303304	706025
303307	706019
303307	706014
303305	706007
303297	705998
303297	705995
303298	705993
303304	705990
303312	705987
303315	705984
303322	705977
303323	705974
303323	705970
303326	705960
303331	705939
303337	705929
303339	705925
303339	705914
303340	705908
303342	705901
303344	705897
303345	705892
303344	705888
303343	705880
303340	705864
303340	705855
303343	705852
303350	705847
303354	705844
303355	705841
303356	705836
303353	705829
303353	705824
303356	705809
303359	705790
303363	705782
303369	705773
303371	705763
303372	705752
303372	705747
303376	705743
303379	705740
303387	705736
303391	705733
303399	705725
303404	705721
303409	705718
303414	705713
303423	705705
303438	705687
303449	705677
303470	705662
303480	705655
303486	705644
303493	705622
303497	705613
303501	705608
303505	705606
303511	705601
303523	705595
303526	705590
303528	705585
303529	705579
303532	705568
303536	705555
303542	705543
303561	705515
303570	705503
303573	705496
303576	705489
303578	705484
303578	705473
303576	705459
303576	705451
303577	705442
303578	705436
303579	705432
303582	705426
303586	705421
303593	705414
303597	705410
303606	705401
303610	705395
303619	705382
303622	705379
303621	705375
303621	705372
303621	705370
303622	705368
303630	705366
303634	705358
303638	705350
303653	705334
303664	705330
303669	705328
303675	705327
303679	705327
303684	705325
303688	705321
303698	705306
303701	705301
303706	705299
303712	705296
303719	705290
303723	705286
303731	705281
303746	705272
303761	705262
303776	705256
303784	705254
303792	705253
303792	705253
303796	705251
303876	705197
303876	705197
303889	705170
303919	705105
303945	704899
303945	704899
303947	704895
303948	704892
303953	704888
303951	704884
303950	704880
303953	704880
303956	704879
303960	704882
303965	704883
303971	704882
303977	704877
303984	704870
303987	704868
303990	704867
303996	704869
304000	704870
304006	704869
304011	704867
304013	704863
304014	704846
304018	704830
304026	704815
304034	704805
304042	704798
304052	704791
304052	704791
304065	704789
304077	704794
304081	704794
304085	704793
304088	704791
304090	704788
304092	704785
304093	704782
304091	704772
304090	704762
304088	704757
304089	704754
304091	704751
304101	704747
304104	704744
304109	704735
304115	704725
304123	704717
304128	704703
304135	704688
304145	704679
304154	704672
304167	704670
304170	704667
304173	704659
304173	704649
304172	704642
304170	704626
304171	704621
304178	704609
304182	704601
304186	704594
304187	704588
304187	704570
304188	704567
304192	704562
304201	704554
304204	704551
304207	704546
304211	704532
304217	704507
304218	704497
304219	704487
304223	704468
304224	704461
304228	704460
304233	704461
304236	704460
304240	704458
304246	704445
304251	704442
304262	704438
304270	704433
304274	704424
304279	704406
304279	704400
304276	704386
304277	704380
304280	704375
304283	704372
304288	704367
304291	704363
304296	704355
304315	704324
304319	704313
304322	704304
304327	704299
304334	704292
304337	704288
304339	704280
304341	704270
304351	704260
304353	704257
304370	704248
304403	704229
304423	704218
304448	704204
304466	704197
304482	704193
304497	704191
304514	704191
304532	704191
304551	704194
304573	704198
304598	704205
304621	704213
304647	704223
304683	704236
304701	704244
304708	704238
304763	704248
304774	704250
304877	704223
304872	704180
304870	704165
304861	704081
304854	704021
304860	704008
304898	703918
304934	703835
304944	703809
304997	703833
304997	703833
305001	703832
305034	703847
305094	703875
305113	703884
305168	703894
305203	703900
305177	703952
305145	703999
305126	704017
305097	704043
305071	704060
305053	704072
305049	704076
305044	704083
305041	704099
305037	704121
305036	704126
305026	704139
305020	704154
305020	704154
305016	704163
305018	704172
305021	704191
305023	704209
305026	704217
305031	704223
305041	704230
305035	704237
305017	704258
304995	704289
304947	704345
304873	704432
304867	704430
304861	704428
304851	704426
304838	704428
304828	704434
304828	704434
304827	704436
304810	704452
304780	704483
304764	704498
304754	704507
304725	704524
304701	704540
304683	704557
304654	704570
304578	704596
304479	704628
304422	704646
304358	704667
304307	704685
304306	704686
304273	704743
304230	704821
304216	704847
304150	704966
304133	704998
304130	705000
304115	705026
304041	705160
304022	705200
304022	705200
304008	705246
303991	705268
303972	705294
303944	705326
303938	705336
303913	705367
303895	705391
303895	705391
303870	705425
303854	705445
303829	705481
303808	705539
303785	705596
303765	705654
303753	705685
303725	705764
303700	705826
303680	705885
303659	705945
303642	706008
303619	706053
303619	706053
303616	706062
303593	706120
303569	706178
303546	706236
303522	706294
303515	706349
303506	706400
303495	706463
303485	706521
303471	706596
303460	706648
303455	706676
303455	706676
303433	706699
303375	706757
303319	706815
303313	706820
303236	706859
303215	706868
303156	706896
303072	706940
302989	706983
302906	707023
302822	707064
302766	707092
302761	707122
302754	707181
302747	707239
302742	707297
302733	707386
302733	707386
302941	707480
303173	707609
303335	707405
303674	707657
303726	707655
303935	707657
303935	707657
304131	707660
304298	707700
304379	707734
304622	707839
304629	707841
304629	707841
304628	707849
304602	707938
304605	707991
304616	708019
304618	708033
304625	708053
304631	708067
304630	708100
304656	708127
304670	708167
304679	708196
304680	708218
304687	708230
304688	708240
304679	708258
304679	708266
304683	708274
304683	708285
304679	708294
304679	708299
304684	708309
304683	708315
304681	708323
304685	708350
304690	708363
304690	708368
304686	708380
304690	708392
304690	708395
304691	708407
304687	708415
304687	708425
304681	708431
304680	708442
304683	708451
304681	708461
304680	708475
304682	708478
304689	708479
304696	708473
304698	708480
304698	708495
304703	708505
304703	708513
304695	708522
304694	708558
304688	708572
304690	708589
304685	708602
304688	708607
304687	708618
304685	708629
304669	708647
304662	708660
304644	708688
304640	708711
304628	708730
304594	708768
304587	708776
304576	708793
304575	708806
304566	708819
304566	708827
304570	708838
304569	708849
304564	708854
304558	708861
304555	708876
304549	708887
304551	708905
304548	708916
304551	708925
304551	708950
304545	708962
304545	708978
304545	708991
304537	709000
304536	709016
304533	709024
304528	709043
304521	709054
304524	709066
304530	709073
304531	709080
304538	709090
304540	709100
304549	709108
304550	709114
304546	709128
304548	709141
304544	709151
304547	709162
304553	709182
304546	709196
304546	709196
304558	709205
304563	709208
304571	709210
304579	709214
304583	709219
304587	709225
304591	709235
304593	709237
304745	709260
304882	709213
304891	709239
304907	709277
304917	709299
304948	709356
304957	709372
304990	709433
304999	709447
305000	709451
305035	709469
305084	709490
305103	709499
305127	709506
305174	709518
305194	709523
305207	709530
305260	709562
305290	709580
305365	709625
305418	709655
305454	709676
305471	709690
305504	709716
305537	709741
305567	709762
305594	709781
305615	709796
305626	709802
305654	709823
305694	709847
305744	709878
305835	709933
305854	709945
305883	709971
305917	709999
305917	709999
305958	710039
305999	710077
306087	710162
306120	710194
306211	710283
306247	710282
306251	710278
306273	710268
306301	710260
306329	710255
306356	710254
306373	710257
306393	710267
306427	710291
306435	710298
306471	710377
306505	710451
306514	710452
306543	710449
306560	710446
306574	710441
306595	710433
306613	710429
306630	710428
306662	710429
306690	710434
306710	710440
306735	710453
306771	710472
306784	710481
306798	710495
306825	710507
306855	710516
306871	710518
306906	710518
306922	710520
306931	710523
306937	710527
306963	710530
306992	710535
307010	710536
307014	710540
307022	710544
307028	710544
307038	710540
307050	710541
307072	710541
307080	710543
307093	710542
307120	710554
307145	710558
307156	710561
307184	710571
307198	710573
307216	710577
307252	710590
307259	710563
307261	710537
307260	710518
307253	710496
307250	710479
307249	710465
307247	710456
307241	710448
307223	710425
307215	710411
307211	710397
307211	710387
307212	710361
307211	710350
307207	710341
307204	710333
307196	710323
307190	710317
307188	710307
307188	710295
307187	710291
307184	710287
307186	710276
307193	710253
307202	710227
307204	710210
307206	710193
307204	710186
307198	710160
307198	710130
307197	710124
307186	710112
307174	710086
307173	710077
307177	710062
307185	710032
307190	710010
307190	709998
307190	709998
307190	709994
307191	709977
307193	709968
307196	709961
307199	709939
307205	709901
307208	709889
307199	709875
307190	709859
307186	709855
307192	709843
307196	709829
307196	709816
307195	709803
307193	709797
307189	709785
307184	709780
307216	709757
307246	709734
307246	709734
307277	709711
307309	709686
307338	709662
307346	709659
307356	709659
307359	709657
307364	709650
307372	709644
307380	709638
307385	709630
307395	709624
307400	709619
307404	709607
307410	709601
307430	709578
307431	709566
307430	709515
307425	709504
307425	709497
307429	709462
307430	709401
307455	709335
307466	709293
307476	709248
307489	709169
307493	709141
307500	709080
307509	709026
307516	709008
307535	708978
307571	708930
307599	708896
307672	708793
307702	708751
307727	708711
307779	708659
307808	708625
307845	708594
307889	708567
307956	708527
307967	708519
307998	708498
308032	708461
308075	708423
308095	708405
308099	708378
308104	708346
308107	708320
308145	708256
308171	708213
308206	708224
308274	708245
308328	708262
308366	708270
308423	708281
308465	708289
308474	708294
308582	708359
308706	708435
308765	708471
308765	708471
308770	708480
308774	708484
308780	708488
308784	708493
308786	708496
308787	708497
308789	708497
308790	708497
308796	708495
308804	708494
308807	708495
308810	708495
308813	708494
308816	708488
308818	708486
308819	708483
308820	708481
308823	708480
308827	708481
308835	708481
308838	708481
308841	708481
308847	708484
308856	708485
308865	708487
308875	708487
308878	708488
308882	708488
308897	708487
308899	708487
308902	708488
308904	708489
308909	708494
308913	708496
308917	708497
308918	708499
308919	708501
308920	708503
308922	708504
308924	708504
308928	708503
308931	708503
308937	708503
308946	708503
308950	708503
308954	708502
308955	708499
308954	708495
308952	708491
308951	708487
308951	708485
308951	708483
308955	708482
308959	708485
308962	708486
308964	708486
308966	708484
308971	708479
308973	708479
308976	708478
308981	708480
308985	708482
308987	708482
308989	708482
308992	708482
308997	708478
309001	708476
309004	708476
309006	708477
309009	708478
309012	708478
309018	708477
309028	708475
309032	708475
309034	708475
309037	708476
309038	708477
309041	708476
309044	708474
309046	708473
309052	708473
309054	708473
309055	708474
309056	708476
309056	708478
309057	708482
309060	708485
309062	708486
309064	708488
309066	708488
309074	708490
309076	708490
309078	708490
309083	708490
309093	708489
309097	708490
309101	708495
309103	708498
309103	708498
309095	708514
309072	708568
309086	708607
309111	708678
309131	708739
309153	708806
309154	708830
309156	708863
309143	708902
309109	709045
309095	709098
309118	709138
309144	709188
309160	709221
309171	709237
309211	709281
309246	709321
309285	709361
309328	709396
309346	709406
309417	709430
309454	709441
309497	709452
309534	709466
309567	709476
309567	709476
309567	709527
309566	709577
309566	709614
309565	709632
309577	709667
309577	709691
309578	709750
309579	709808
309581	709830
309583	709850
309585	709855
309604	709872
309636	709895
309650	709904
309662	709906
309681	709912
309699	709922
309718	709932
309728	709940
309733	709948
309737	709966
309742	709994
309749	710023
309750	710037
309740	710144
309739	710155
309739	710159
309752	710199
309769	710254
309775	710272
309797	710342
309813	710383
309861	710497
309910	710612
309945	710697
309950	710713
309955	710727
309983	710831
309989	710846
310011	710898
310026	710933
310037	710960
310055	711035
310062	711062
310066	711075
310091	711183
310093	711191
310113	711272
310113	711272
310133	711352
310139	711394
310143	711409
310145	711419
310155	711419
310159	711415
310159	711415
310163	711396
310228	711340
310245	711327
310323	711269
310402	711212
310488	711189
310572	711163
310630	711142
310657	711113
310717	711073
310728	711055
310751	710996
310776	710938
310800	710911
310846	710880
310930	710826
310994	710790
311014	710788
311055	710786
311055	710786
311060	710785
311066	710785
311072	710785
311165	710802
311190	710806
311202	710805
311211	710803
311218	710800
311237	710785
311275	710750
311319	710710
311366	710673
311385	710658
311388	710657
311394	710660
311397	710658
311411	710648
311430	710635
311439	710630
311451	710625
311463	710615
311504	710584
311516	710575
311535	710550
311551	710531
311563	710518
311590	710491
311605	710476
311613	710470
311622	710464
311634	710459
311643	710457
311663	710454
311707	710450
311750	710447
311799	710443
311840	710439
311852	710435
311852	710435
311867	710437
311884	710436
311908	710434
311962	710428
311981	710427
311999	710431
312064	710448
312083	710453
312096	710455
312102	710454
312109	710451
312114	710449
312119	710448
312126	710449
312132	710450
312136	710452
312141	710455
312147	710458
312151	710460
312158	710460
312167	710461
312207	710464
312223	710464
312233	710462
312238	710461
312247	710456
312255	710453
312268	710449
312276	710446
312287	710441
312293	710437
312297	710436
312306	710437
312312	710439
312317	710441
312326	710441
312396	710425
312411	710421
312423	710416
312434	710411
312443	710408
312452	710406
312460	710403
312468	710396
312476	710386
312480	710383
312492	710379
312541	710369
312558	710365
312570	710362
312585	710358
312630	710351
312658	710348
312676	710349
312723	710351
312769	710350
312804	710349
312826	710347
312836	710346
312851	710344
312867	710348
312877	710352
312910	710360
312935	710365
312986	710374
312995	710376
312999	710379
313009	710388
313035	710412
313060	710436
313078	710451
313090	710460
313096	710464
313102	710465
313128	710466
313142	710468
313154	710474
313180	710484
313201	710493
313212	710495
313223	710497
313246	710497
313261	710497
313270	710498
313295	710501
313311	710496
313320	710491
313333	710492
313347	710489
313369	710486
313388	710487
313399	710489
313406	710491
313416	710497
313431	710506
313443	710513
313451	710518
313458	710524
313467	710535
313474	710548
313479	710556
313489	710565
313495	710571
313509	710570
313524	710568
313530	710591
313541	710633
313551	710672
313561	710715
313564	710738
313567	710759
313572	710784
313584	710857
313593	710897
313616	711000
313621	711015
313650	711138
313666	711209
313672	711222
313683	711252
313695	711280
313700	711292
313712	711320
313723	711344
313731	711358
313741	711375
313757	711399
313772	711419
313786	711434
313793	711450
313798	711461
313807	711472
313821	711490
313830	711502
313841	711516
313849	711527
313861	711540
313877	711560
313891	711576
313897	711582
313916	711605
313928	711619
313933	711625
313944	711637
313957	711632
313977	711657
313991	711671
313991	711671
314007	711673
314026	711679
314038	711694
314055	711710
314069	711722
314082	711734
314126	711752
