1
4937
0
342691	655404
342690	655427
342690	655439
342688	655447
342685	655453
342679	655470
342678	655479
342679	655491
342682	655496
342685	655499
342690	655500
342693	655502
342696	655508
342699	655510
342702	655509
342708	655504
342714	655504
342722	655505
342725	655507
342728	655511
342728	655519
342719	655531
342714	655540
342708	655547
342703	655554
342697	655558
342691	655557
342687	655555
342682	655549
342678	655552
342675	655561
342677	655566
342683	655574
342686	655578
342682	655595
342685	655599
342688	655605
342687	655608
342685	655612
342655	655614
342649	655609
342644	655608
342639	655610
342633	655615
342624	655621
342613	655623
342602	655628
342596	655634
342588	655644
342583	655646
342575	655650
342567	655656
342552	655664
342538	655672
342528	655680
342523	655687
342521	655692
342517	655696
342512	655700
342511	655704
342513	655706
342513	655709
342511	655713
342504	655714
342497	655714
342486	655711
342475	655702
342468	655698
342462	655698
342453	655702
342444	655707
342435	655713
342424	655719
342407	655726
342389	655734
342376	655741
342366	655747
342359	655755
342353	655764
342350	655770
342346	655778
342347	655781
342351	655781
342358	655778
342364	655775
342368	655775
342367	655778
342363	655782
342357	655788
342349	655796
342340	655805
342329	655814
342318	655818
342309	655820
342305	655823
342299	655831
342294	655837
342287	655843
342283	655850
342281	655858
342278	655872
342275	655883
342272	655890
342268	655894
342264	655897
342264	655901
342261	655903
342256	655903
342252	655905
342244	655908
342237	655907
342230	655904
342224	655902
342217	655904
342209	655908
342203	655913
342200	655922
342199	655931
342202	655936
342205	655943
342201	655948
342195	655957
342188	655966
342183	655973
342187	655975
342193	655977
342193	655977
342178	656050
342186	656153
342210	656240
342217	656301
342402	656665
342399	656667
342424	656713
342432	656727
342431	656729
342437	656733
342437	656736
342455	656772
342522	656868
342528	656873
342544	656881
342547	656887
342696	657000
342760	657031
342797	657045
342896	657076
342954	657109
343115	657203
343207	657246
343284	657299
343289	657304
343296	657306
343309	657314
343371	657373
343418	657443
343444	657488
343464	657551
343508	657648
343567	657689
343659	657692
343807	657719
343882	657757
343882	657757
343883	657763
343884	657771
343917	657811
343926	657823
343941	657842
343960	657852
343976	657872
343994	657895
343994	657895
344000	657901
344016	657920
344030	657937
344043	657952
344045	657958
344048	657967
344050	657979
344054	657996
344058	658004
344064	658016
344068	658061
344070	658080
344071	658098
344074	658111
344076	658124
344078	658133
344077	658142
344075	658163
344077	658177
344084	658187
344094	658195
344109	658205
344118	658212
344126	658217
344142	658224
344153	658228
344164	658234
344188	658243
344196	658242
344215	658238
344238	658234
344251	658232
344258	658235
344276	658239
344297	658246
344320	658251
344329	658254
344348	658262
344363	658269
344367	658272
344376	658297
344379	658305
344385	658321
344390	658337
344395	658352
344398	658363
344399	658369
344399	658388
344400	658404
344401	658422
344402	658430
344402	658449
344403	658474
344403	658491
344403	658491
344403	658499
344399	658506
344393	658512
344386	658517
344379	658522
344374	658529
344373	658533
344374	658543
344375	658557
344377	658567
344380	658573
344382	658577
344386	658583
344391	658589
344397	658594
344402	658598
344403	658604
344403	658610
344405	658615
344408	658619
344410	658624
344410	658631
344409	658639
344409	658642
344412	658647
344417	658656
344420	658662
344423	658670
344424	658679
344422	658688
344419	658698
344416	658705
344412	658714
344412	658725
344411	658733
344410	658740
344407	658745
344399	658756
344390	658762
344382	658769
344375	658772
344366	658773
344364	658775
344362	658783
344362	658788
344356	658794
344347	658803
344343	658811
344341	658826
344343	658831
344347	658834
344351	658838
344351	658843
344347	658848
344342	658854
344340	658860
344336	658868
344337	658872
344343	658873
344347	658875
344351	658880
344351	658883
344348	658888
344346	658896
344348	658899
344354	658903
344358	658906
344358	658910
344356	658920
344357	658927
344359	658934
344363	658940
344368	658945
344373	658948
344381	658951
344387	658953
344390	658954
344392	658958
344393	658965
344391	658969
344384	658978
344380	658984
344380	658991
344380	659002
344382	659006
344386	659008
344394	659010
344396	659012
344396	659015
344396	659017
344401	659033
344403	659042
344404	659049
344401	659060
344402	659066
344405	659067
344411	659067
344418	659065
344422	659066
344424	659071
344422	659076
344421	659082
344422	659088
344427	659089
344436	659090
344442	659093
344448	659100
344452	659108
344454	659115
344459	659118
344465	659121
344474	659125
344482	659130
344491	659134
344495	659139
344498	659144
344503	659149
344509	659150
344517	659154
344520	659159
344524	659167
344528	659173
344533	659178
344539	659183
344544	659188
344552	659194
344558	659202
344560	659206
344562	659210
344564	659214
344570	659219
344571	659221
344573	659225
344576	659228
344582	659236
344585	659242
344589	659250
344592	659259
344595	659265
344600	659272
344603	659279
344605	659284
344607	659293
344607	659319
344609	659322
344611	659326
344617	659331
344621	659336
344625	659341
344629	659347
344632	659353
344638	659359
344645	659366
344648	659371
344650	659376
344652	659381
344656	659385
344664	659389
344674	659394
344680	659397
344685	659402
344689	659407
344691	659413
344694	659421
344696	659425
344700	659430
344704	659435
344706	659442
344709	659445
344714	659447
344717	659445
344720	659443
344732	659439
344736	659441
344742	659456
344745	659458
344750	659459
344751	659463
344752	659467
344755	659473
344766	659482
344773	659487
344779	659489
344784	659488
344788	659483
344793	659472
344793	659460
344795	659454
344799	659452
344803	659453
344806	659456
344808	659462
344809	659473
344808	659483
344805	659495
344805	659503
344811	659506
344819	659508
344824	659513
344836	659529
344840	659537
344842	659544
344849	659554
344854	659562
344859	659572
344863	659579
344867	659599
344869	659607
344872	659615
344880	659623
344887	659631
344893	659637
344896	659641
344902	659648
344909	659664
344916	659676
344922	659679
344929	659680
344945	659691
344955	659702
344973	659725
344982	659734
344987	659739
344989	659743
344989	659753
344988	659765
344988	659773
344990	659779
344994	659787
344997	659793
345001	659793
345004	659796
345006	659802
345007	659808
345005	659817
345000	659823
344989	659829
344978	659839
344977	659845
344978	659855
344982	659887
344984	659899
344985	659906
344984	659913
344978	659917
344970	659921
344964	659969
344960	659998
344955	660003
344947	660023
344945	660030
344944	660055
344943	660085
344940	660089
344939	660095
344941	660104
344942	660112
344942	660119
344940	660121
344932	660134
344924	660144
344924	660149
344926	660155
344932	660160
344938	660165
344939	660171
344938	660182
344942	660185
344949	660189
344954	660192
344955	660199
344953	660209
344951	660216
344949	660221
344945	660225
344929	660237
344922	660244
344924	660258
344924	660267
344915	660276
344910	660289
344912	660298
344923	660303
344936	660296
344941	660292
344942	660298
344942	660322
344943	660329
344946	660332
344950	660333
344959	660333
344963	660340
344968	660345
344968	660352
344964	660356
344957	660362
344949	660368
344947	660372
344946	660378
344947	660383
344951	660385
344957	660387
344969	660390
344973	660391
344974	660395
344971	660397
344966	660402
344966	660406
344968	660412
344972	660423
344974	660430
344973	660431
344969	660431
344964	660430
344956	660428
344952	660431
344949	660436
344949	660443
344950	660450
344952	660467
344951	660472
344949	660483
344951	660487
344954	660492
344960	660497
344964	660502
344972	660510
344977	660516
344978	660525
344980	660536
344982	660544
344984	660546
344994	660549
345001	660552
344997	660561
344997	660568
345004	660572
345009	660579
345014	660583
345017	660580
345022	660571
345028	660571
345032	660576
345033	660589
345032	660604
345025	660623
345026	660629
345031	660629
345039	660616
345045	660614
345056	660617
345068	660619
345078	660621
345078	660623
345074	660630
345069	660640
345068	660649
345069	660662
345071	660675
345074	660687
345077	660697
345072	660702
345061	660708
345056	660717
345059	660726
345063	660729
345076	660729
345082	660725
345090	660722
345096	660724
345099	660728
345101	660734
345094	660750
345094	660756
345096	660767
345093	660772
345086	660781
345088	660785
345102	660792
345107	660798
345108	660810
345113	660814
345118	660819
345125	660826
345127	660831
345123	660839
345116	660850
345111	660864
345106	660873
345103	660874
345101	660868
345095	660865
345091	660867
345088	660872
345089	660890
345090	660908
345094	660917
345101	660920
345107	660916
345110	660907
345113	660898
345120	660897
345127	660900
345131	660904
345132	660914
345131	660928
345132	660942
345133	660953
345141	660955
345146	660949
345153	660946
345162	660949
345166	660954
345167	660963
345170	660972
345174	660977
345178	660982
345183	660985
345190	660994
345197	661001
345202	661007
345204	661014
345205	661029
345200	661039
345199	661047
345200	661061
345202	661070
345206	661076
345209	661083
345214	661086
345216	661093
345217	661105
345214	661112
345212	661124
345211	661138
345210	661151
345209	661161
345207	661174
345203	661182
345202	661192
345201	661200
345199	661211
345193	661219
345185	661225
345176	661229
345174	661234
345175	661240
345179	661246
345184	661250
345185	661253
345185	661259
345179	661266
345173	661275
345172	661283
345170	661292
345178	661294
345185	661293
345191	661291
345194	661294
345196	661301
345195	661314
345191	661329
345188	661338
345184	661345
345175	661352
345165	661364
345157	661374
345147	661393
345148	661398
345149	661407
345149	661415
345147	661422
345146	661428
345146	661428
345136	661450
345135	661458
345138	661486
345133	661499
345121	661508
345080	661521
345073	661530
345067	661545
345059	661559
345052	661565
345041	661571
345028	661585
345010	661617
345005	661623
345000	661631
345000	661631
344991	661644
344988	661646
344981	661666
344989	661676
344991	661690
344990	661726
344985	661745
344985	661752
344985	661759
344991	661776
344993	661797
344991	661802
344988	661805
344973	661808
344960	661814
344959	661824
344961	661834
344972	661845
344978	661856
344980	661881
344976	661893
344976	661907
344974	661918
344970	661929
344963	661936
344948	661947
344923	661958
344881	661975
344869	661977
344819	661969
344809	661971
344757	661970
344744	661967
344713	661965
344706	661971
344686	661969
344672	661963
344667	661953
344646	661946
344641	661946
344601	661934
344598	661917
344594	661908
344587	661901
344579	661899
344562	661907
344548	661917
344527	661911
344521	661911
344481	661912
344473	661913
344464	661912
344452	661916
344449	661915
344442	661919
344435	661921
344411	661917
344379	661937
344368	661941
344332	661963
344309	661960
344293	661956
344302	661940
344301	661929
344317	661921
344324	661914
344322	661910
344315	661909
344297	661913
344293	661916
344289	661924
344258	661959
344257	661967
344265	661985
344256	661997
344249	662000
344242	662000
344233	661988
344225	661981
344213	661977
344205	661976
344198	661980
344189	661991
344150	662005
344138	662014
344122	662020
344118	662022
344115	662028
344116	662036
344128	662037
344135	662044
344134	662052
344128	662060
344121	662061
344109	662052
344098	662046
344091	662047
344087	662049
344078	662058
344076	662072
344074	662076
344061	662085
344056	662084
344050	662078
344035	662074
344012	662078
344011	662082
344012	662085
344033	662106
344038	662119
344036	662124
344023	662132
343999	662133
343994	662128
343981	662108
343977	662106
343970	662107
343959	662119
343957	662124
343956	662155
343938	662173
343921	662210
343916	662213
343901	662219
343893	662220
343888	662223
343886	662228
343886	662247
343883	662256
343858	662270
343841	662295
343840	662300
343842	662303
343859	662318
343860	662323
343858	662328
343851	662332
343843	662330
343821	662311
343814	662311
343810	662316
343809	662324
343810	662334
343827	662365
343830	662381
343827	662397
343823	662405
343815	662418
343815	662421
343816	662424
343820	662424
343837	662446
343839	662451
343839	662467
343830	662475
343830	662479
343865	662490
343871	662495
343874	662503
343874	662513
343866	662532
343859	662578
343851	662593
343837	662609
343825	662618
343813	662623
343803	662623
343795	662622
343756	662597
343749	662599
343744	662604
343731	662620
343726	662647
343727	662658
343728	662661
343732	662663
343752	662665
343760	662671
343762	662674
343763	662685
343760	662696
343753	662704
343744	662710
343728	662713
343713	662711
343706	662712
343701	662716
343646	662793
343639	662812
343641	662823
343655	662842
343658	662850
343657	662879
343653	662907
343657	662916
343666	662929
343669	662937
343677	662970
343675	662983
343675	662990
343690	663050
343691	663092
343695	663115
343711	663153
343717	663162
343723	663167
343749	663168
343760	663165
343771	663160
343802	663133
343809	663133
343819	663138
343845	663159
343892	663183
343943	663205
343988	663212
344037	663208
344045	663209
344057	663214
344066	663220
344084	663238
344108	663264
344107	663266
344100	663266
344090	663263
344084	663255
344080	663252
344079	663253
344077	663252
344075	663244
344074	663244
344062	663263
344060	663273
344057	663277
344041	663270
344037	663271
344034	663281
344038	663297
344037	663308
344036	663317
344030	663326
344005	663336
343981	663338
343972	663336
343965	663329
343962	663329
343948	663341
343925	663354
343921	663358
343916	663356
343909	663350
343908	663344
343910	663338
343905	663337
343899	663338
343890	663342
343873	663361
343867	663364
343860	663366
343846	663365
343825	663371
343819	663375
343798	663378
343769	663373
343754	663373
343728	663382
343711	663391
343707	663389
343701	663384
343694	663369
343670	663351
343657	663346
343640	663354
343621	663368
343611	663372
343590	663374
343571	663373
343560	663376
343555	663375
343543	663369
343526	663354
343504	663348
343490	663329
343483	663311
343478	663307
343469	663308
343444	663319
343409	663325
343401	663327
343395	663332
343386	663332
343382	663328
343381	663324
343385	663312
343384	663308
343377	663287
343363	663282
343354	663275
343314	663269
343305	663260
343299	663260
343287	663264
343290	663272
343286	663277
343279	663281
343264	663283
343248	663280
343237	663275
343231	663269
343231	663261
343238	663255
343238	663253
343236	663249
343228	663243
343228	663241
343234	663237
343236	663234
343234	663224
343231	663220
343219	663223
343210	663231
343201	663232
343197	663230
343196	663221
343190	663217
343178	663211
343170	663204
343160	663200
343150	663197
343144	663201
343111	663208
343103	663205
343099	663200
343100	663196
343106	663193
343105	663190
343096	663190
343085	663183
343083	663182
343074	663188
343070	663188
343060	663177
343061	663174
343066	663173
343066	663170
343063	663167
343054	663166
343053	663164
343057	663160
343055	663151
343043	663148
343038	663145
343028	663145
343014	663120
343011	663107
342998	663102
342998	663089
342991	663076
342991	663063
342980	663048
342973	663046
342963	663023
342959	663008
342938	662992
342930	662990
342920	662979
342911	662975
342911	662975
342898	662964
342864	662890
342854	662859
342828	662760
342809	662728
342775	662703
342742	662694
342711	662691
342681	662700
342629	662727
342517	662777
342491	662790
342460	662804
342442	662792
342413	662771
342358	662736
342328	662715
342309	662687
342287	662665
342253	662627
342222	662591
342193	662571
342171	662549
342143	662501
342132	662468
342128	662441
342140	662428
342153	662410
342158	662379
342144	662352
342151	662324
342160	662304
342157	662264
342145	662236
342126	662204
342122	662182
342110	662144
342093	662112
342052	662074
342022	662072
342007	662054
341980	662036
341950	662033
341913	662019
341877	662029
341818	662029
341787	662035
341750	662047
341666	662085
341630	662112
341603	662136
341551	662180
341556	662212
341562	662219
341566	662231
341557	662239
341558	662253
341578	662290
341597	662358
341598	662380
341605	662532
341607	662576
341612	662705
341617	662832
341625	662867
341707	663042
341729	663085
341786	663204
341826	663288
341841	663314
341868	663358
341903	663396
341935	663424
341967	663446
342000	663452
342000	663452
341980	663467
341976	663468
341975	663467
341928	663482
341873	663493
341838	663507
341798	663526
341773	663541
341694	663597
341624	663652
341596	663671
341496	663736
341443	663765
341441	663768
341453	663867
341430	663995
341495	664094
341494	664108
341496	664110
341496	664110
341499	664113
341505	664117
341509	664122
341532	664188
341530	664213
341525	664230
341526	664245
341515	664280
341518	664293
341524	664305
341521	664309
341539	664343
341540	664352
341540	664361
341529	664437
341527	664447
341514	664477
341489	664524
341465	664575
341489	664603
341500	664625
341499	664629
341503	664646
341501	664653
341509	664684
341512	664708
341510	664719
341500	664739
341486	664740
341483	664744
341476	664755
341471	664765
341471	664779
341470	664787
341443	664837
341439	664844
341434	664846
341424	664878
341411	664941
341419	665000
341419	665000
341431	665079
341431	665079
341406	665084
341388	665092
341247	665170
341192	665209
341225	665282
341236	665308
341242	665327
341246	665355
341246	665417
341212	665426
341133	665458
341037	665498
341034	665512
340946	665590
340920	665608
340908	665616
340893	665622
340874	665626
340849	665628
340832	665634
340818	665642
340805	665654
340770	665710
340743	665984
340728	666120
340727	666145
340733	666161
340777	666320
340849	666611
340853	666615
340858	666615
340834	666684
340764	666723
340690	666750
340679	666844
340683	666865
340692	666898
340690	666920
340664	666930
340655	666936
340642	666952
340621	666964
340540	667000
340500	667019
340462	667048
340452	667062
340415	667093
340363	667130
340349	667138
340306	667160
340293	667165
340211	667177
340164	667190
340112	667208
340092	667217
340000	667281
340000	667281
339969	667302
339941	667326
339925	667337
339929	667352
339988	667445
340000	667456
340000	667456
340157	667609
340203	667655
340206	667661
340248	667699
340264	667720
340323	667756
340329	667768
340344	667792
340329	667802
340318	667812
340231	667898
340208	667914
340177	667929
340129	667950
340064	667974
340000	667991
340000	667991
339967	668000
339949	668007
339928	668019
339903	668031
339656	668138
339636	668149
339649	668430
339649	668478
339643	668528
339645	668551
339649	668571
339658	668595
339666	668614
339695	668666
339702	668687
339706	668760
339713	668811
339718	668911
339717	669000
339713	669047
339710	669060
339698	669091
339683	669129
339663	669165
339656	669173
339639	669185
339581	669219
339538	669241
339534	669246
339534	669246
339496	669253
339338	669270
339238	669285
339215	669291
339171	669288
339135	669281
339069	669274
339031	669262
339013	669260
338895	669256
338894	669254
338785	669253
338785	669253
338692	669251
338574	669250
338289	669301
338289	669301
338289	669301
338290	669312
338290	669319
338287	669338
338285	669356
338283	669374
338282	669389
338279	669414
338276	669444
338274	669459
338269	669510
338266	669536
338265	669546
338264	669558
338262	669580
338260	669599
338259	669618
338255	669631
338240	669681
338231	669715
338221	669746
338213	669778
338207	669797
338196	669834
338194	669847
338205	669855
338213	669863
338213	669863
338220	669865
338227	669893
338232	669932
338236	669976
338245	670017
338250	670063
338258	670104
338264	670156
338257	670162
338240	670164
338213	670167
338195	670168
338180	670169
338157	670171
338132	670173
338087	670177
338068	670178
338045	670181
338023	670183
338000	670185
337979	670188
337968	670189
337968	670189
337952	670205
337927	670209
337902	670210
337869	670205
337825	670201
337786	670197
337755	670193
337733	670195
337700	670209
337666	670210
337666	670210
337656	670215
337649	670218
337639	670222
337631	670225
337621	670229
337613	670232
337606	670235
337597	670239
337589	670243
337579	670247
337569	670251
337560	670255
337551	670259
337541	670263
337530	670267
337519	670272
337508	670277
337502	670279
337495	670282
337486	670286
337478	670289
337471	670292
337465	670294
337462	670295
337449	670300
337443	670303
337427	670310
337406	670319
337407	670325
337416	670335
337423	670344
337431	670354
337435	670360
337422	670366
337404	670373
337388	670379
337376	670385
337368	670388
337359	670392
337347	670397
337335	670402
337324	670407
337314	670411
337296	670419
337284	670424
337273	670429
337264	670433
337254	670437
337229	670448
337220	670448
337208	670448
337195	670451
337180	670453
337168	670455
337159	670457
337152	670459
337129	670460
337110	670460
337096	670459
337085	670457
337074	670454
337063	670452
337025	670452
337005	670455
336989	670456
336974	670458
336957	670459
336943	670461
336921	670465
336907	670467
336891	670470
336875	670472
336846	670477
336838	670478
336829	670479
336822	670480
336816	670480
336816	670495
336817	670510
336817	670522
336819	670548
336819	670563
336820	670574
336820	670588
336820	670599
336821	670604
336821	670613
336821	670618
336822	670629
336823	670633
336823	670647
336825	670676
336825	670684
336825	670689
336826	670708
336826	670715
336827	670726
336827	670730
336828	670761
336828	670773
336830	670785
336832	670794
336843	670790
336857	670786
336864	670785
336869	670796
336879	670811
336887	670825
336894	670837
336902	670850
336907	670858
336922	670881
336934	670901
336953	670933
336959	670943
336972	670967
336976	670975
336979	670982
336982	670992
336991	671012
336996	671023
337007	671047
337014	671064
337031	671107
337049	671148
337060	671174
337062	671190
337065	671206
337069	671227
337070	671233
337077	671276
337079	671290
337081	671301
337091	671309
337102	671318
337124	671335
337136	671345
337142	671349
337158	671354
337171	671359
337193	671366
337204	671374
337215	671382
337223	671387
337230	671401
337233	671409
337234	671412
337230	671418
337225	671425
337225	671425
337239	671453
337250	671494
337262	671526
337274	671545
337285	671567
337294	671584
337302	671610
337309	671642
337318	671680
337327	671711
337331	671735
337340	671754
337340	671754
337339	671774
337338	671793
337337	671806
337340	671815
337347	671822
337358	671830
337371	671842
337381	671853
337391	671862
337405	671876
337415	671885
337424	671895
337437	671907
337449	671920
337465	671935
337508	671978
337549	672020
337584	672062
337615	672104
337629	672125
337641	672146
337654	672173
337660	672189
337666	672209
337673	672232
337677	672245
337681	672261
337683	672267
337683	672267
337676	672287
337680	672330
337674	672347
337664	672372
337656	672406
337643	672441
337635	672456
337594	672491
337579	672506
337557	672524
337545	672543
337534	672563
337520	672587
337505	672617
337493	672633
337479	672643
337463	672661
337448	672673
337425	672682
337403	672690
337403	672690
337391	672701
337380	672714
337371	672722
337361	672732
337349	672746
337327	672768
337315	672780
337311	672784
337299	672796
337290	672805
337281	672814
337273	672821
337267	672827
337262	672832
337237	672868
337227	672879
337213	672896
337201	672909
337183	672928
337172	672937
337162	672947
337156	672951
337145	672952
337132	672949
337123	672948
337117	672942
337112	672935
337109	672930
337111	672921
337116	672909
337118	672900
337117	672895
337115	672887
337111	672878
337109	672868
337105	672862
337099	672858
337087	672852
337073	672843
337047	672827
337036	672820
337023	672812
337010	672806
336999	672798
336991	672795
336978	672789
336962	672783
336951	672779
336941	672776
336936	672774
336931	672776
336923	672776
336915	672775
336905	672774
336893	672772
336880	672768
336865	672762
336852	672756
336838	672751
336825	672747
336811	672740
336800	672735
336792	672728
336784	672720
336774	672713
336763	672707
336763	672707
336749	672709
336733	672706
336708	672706
336694	672710
336681	672718
336667	672734
336667	672734
336653	672746
336642	672756
336632	672767
336623	672781
336618	672790
336611	672804
336605	672818
336601	672830
336596	672838
336578	672845
336569	672860
336564	672868
336548	672873
336527	672880
336505	672886
336497	672889
336485	672894
336472	672897
336457	672902
336446	672906
336442	672909
336441	672912
336441	672912
336433	672922
336433	672943
336433	672958
336426	672973
336415	672995
336401	673014
336392	673028
336382	673046
336379	673051
336380	673057
336402	673071
336417	673084
336435	673096
336448	673091
336448	673091
336461	673102
336471	673109
336479	673115
336490	673115
336493	673115
336500	673118
336511	673126
336525	673135
336535	673142
336544	673147
336550	673153
336555	673160
336561	673165
336568	673168
336570	673175
336568	673185
336568	673190
336572	673197
336580	673206
336584	673214
336590	673223
336596	673226
336603	673228
336606	673239
336609	673246
336612	673251
336609	673256
336600	673261
336594	673269
336594	673269
336581	673279
336576	673317
336575	673327
336568	673403
336566	673417
336563	673440
336558	673484
336556	673493
336555	673510
336552	673543
336549	673574
336548	673598
336546	673630
336539	673669
336539	673669
336491	673723
336461	673768
336447	673795
336442	673821
336380	674085
336362	674166
336283	674511
336209	674843
336132	675150
336130	675190
336059	675471
336042	675537
335965	675875
335885	676215
335802	676561
335719	676902
335569	677574
335415	678225
335256	678907
335096	679588
334928	680259
334776	680929
334630	681582
334476	682244
334343	682793
334343	682793
334495	682878
334631	682953
334907	683101
335181	683253
335181	683253
335188	683216
335240	683022
335325	682707
335409	681742
335325	680777
335074	679840
335521	679826
335708	679757
335897	679938
336691	680494
337569	680903
337771	680957
338004	681121
338464	681335
338594	681820
338632	681902
338700	682143
338951	682744
339065	682941
339065	682941
339649	683957
339934	684165
340228	684303
340514	684386
340804	684426
341209	684442
341209	684442
341385	684698
341575	684959
341822	685325
342202	685842
342530	686293
342957	686834
343382	687364
343676	687687
343923	687938
344089	688119
344379	688418
344759	688826
345260	689352
345578	689656
345858	689889
347041	690976
347454	691279
348081	691726
348081	691726
348487	691858
348605	691938
349359	692290
350295	692541
351261	692625
352136	692549
352382	692502
353163	692292
353307	692225
354051	691904
354175	691812
354654	691503
354701	691457
355197	691429
355927	691234
356146	691293
356675	691360
356894	691377
357330	691394
357374	691390
357799	691428
358765	691343
359701	691092
359857	691020
360182	690991
361007	690739
361115	690705
361211	690697
361965	690631
362901	690380
363780	689971
364574	689415
364775	689237
364944	689081
365427	688573
365983	687780
366157	687407
366630	686934
367186	686140
367371	685743
367452	685686
367553	685586
367607	685548
367665	685490
367749	685432
367799	685381
367945	685279
368184	684989
368251	684987
368884	684970
368982	684944
369104	684933
369210	684905
369318	684895
370254	684644
371132	684235
371576	683924
372189	683760
372322	683697
372528	683642
372865	683498
372865	683498
373099	683397
373232	683331
373539	683167
373662	683081
373918	683012
374278	682844
374388	682809
375266	682400
376060	681844
376746	681158
377007	680854
377132	680796
377633	680445
377633	680445
377634	680444
377718	680338
377873	680243
377911	680220
378154	680154
378562	679868
378948	679598
379633	678913
380189	678119
380326	677824
380385	677698
380555	677277
380611	677256
380898	677154
381283	676885
381364	676839
381417	676809
381714	676601
382206	676552
383142	676301
383239	676256
383400	676215
383504	676258
384441	676509
384679	676530
384979	676610
385945	676695
386117	676687
387082	676602
387330	676536
387553	676517
387666	676486
387934	676463
388870	676212
388870	676212
377999	672880
377409	672679
377409	672679
377383	672655
377382	672654
377382	672654
377379	672651
377375	672648
377371	672645
377367	672643
377363	672641
377358	672638
377356	672638
377351	672636
377347	672635
377342	672634
377337	672633
377332	672633
377331	672633
377323	672632
377315	672631
377307	672631
377304	672631
377298	672632
377292	672634
377286	672636
377280	672638
377274	672640
377268	672640
377262	672640
377257	672640
377255	672640
377236	672633
377213	672631
377205	672624
377193	672607
377193	672607
377188	672600
377185	672592
377181	672539
377182	672529
377185	672520
377202	672492
377204	672477
377201	672470
377181	672448
377179	672436
377186	672418
377192	672409
377209	672399
377233	672395
377238	672391
377243	672382
377238	672368
377203	672303
377169	672266
377151	672252
377140	672241
377105	672201
377081	672171
377063	672152
377019	672117
376971	672072
376962	672060
376952	672028
376943	672013
376933	672009
376913	672010
376895	672013
376886	672013
376874	672009
376865	672000
376859	671989
376853	671972
376827	671930
376820	671916
376815	671893
376815	671870
376818	671859
376817	671854
376825	671832
376821	671824
376816	671817
376786	671802
376768	671790
376743	671767
376717	671738
376707	671730
376688	671723
376597	671698
376590	671690
376573	671665
376565	671642
376554	671630
376547	671626
376510	671609
376488	671613
376475	671613
376445	671607
376431	671599
376426	671590
376426	671575
376430	671557
376428	671552
376421	671544
376391	671533
376377	671524
376363	671510
376355	671497
376353	671488
376355	671438
376360	671420
376360	671414
376345	671384
376333	671353
376318	671307
376309	671296
376300	671290
376291	671281
376276	671273
376246	671250
376234	671246
376225	671247
376206	671257
376197	671258
376172	671248
376160	671241
376153	671233
376127	671235
376105	671240
376095	671240
376092	671239
376084	671230
376069	671223
376059	671220
376054	671221
376052	671225
376052	671241
376049	671249
376042	671252
376036	671253
376031	671251
376016	671239
376000	671229
375933	671220
375895	671208
375832	671201
375771	671176
375761	671177
375734	671188
375700	671198
375679	671198
375675	671196
375674	671193
375675	671157
375672	671150
375666	671148
375645	671155
375624	671157
375620	671155
375611	671146
375609	671136
375613	671104
375611	671083
375595	671067
375582	671062
375559	671050
375556	671046
375554	671040
375555	671029
375567	671002
375571	670985
375573	670973
375587	670944
375590	670935
375589	670929
375582	670918
375564	670902
375552	670880
375538	670859
375513	670829
375492	670798
375480	670777
375466	670756
375458	670750
375455	670742
375455	670720
375452	670709
375438	670680
375381	670619
375362	670594
375356	670591
375344	670588
375334	670590
375333	670580
375327	670567
375335	670558
375337	670550
375335	670544
375327	670529
375326	670518
375331	670498
375331	670490
375327	670484
375326	670480
375332	670468
375333	670462
375323	670453
375318	670425
375313	670411
375307	670404
375294	670397
375289	670386
375287	670374
375284	670366
375272	670353
375272	670349
375278	670345
375279	670339
375278	670334
375273	670333
375271	670336
375269	670343
375265	670345
375255	670342
375246	670342
375243	670337
375242	670332
375232	670329
375229	670326
375230	670323
375234	670319
375236	670312
375233	670302
375229	670301
375224	670304
375222	670304
375218	670302
375213	670295
375202	670298
375198	670296
375194	670289
375184	670289
375180	670286
375181	670283
375189	670278
375195	670271
375193	670265
375190	670262
375184	670259
375180	670244
375176	670240
375182	670236
375186	670223
375194	670220
375194	670217
375192	670215
375184	670215
375181	670211
375184	670207
375190	670182
375192	670181
375194	670183
375199	670180
375203	670183
375204	670174
375201	670170
375200	670164
375201	670161
375206	670162
375204	670155
375199	670147
375196	670137
375198	670134
375195	670129
375203	670118
375205	670110
375208	670103
375218	670101
375220	670098
375221	670090
375225	670088
375233	670086
375234	670085
375227	670053
375227	670042
375221	670036
375218	670026
375219	670019
375216	670012
375208	670000
375208	670000
375202	669988
375198	669987
375186	669991
375178	669990
375169	669966
375166	669955
375162	669951
375142	669941
375135	669920
375132	669897
375129	669892
375115	669881
375111	669876
375095	669837
375094	669825
375083	669792
375069	669787
375058	669784
375046	669778
375030	669775
375015	669764
375005	669762
375000	669758
375000	669758
374991	669751
374981	669748
374968	669737
374960	669735
374949	669720
374931	669707
374927	669698
374924	669696
374915	669698
374913	669697
374905	669687
374899	669684
374893	669674
374890	669673
374882	669678
374876	669675
374871	669675
374858	669664
374850	669644
374841	669640
374837	669631
374827	669625
374811	669622
374769	669575
374758	669568
374755	669554
374749	669547
374744	669544
374737	669545
374719	669538
374722	669506
374713	669485
374712	669468
374707	669457
374703	669439
374694	669418
374686	669378
374687	669366
374699	669348
374703	669336
374690	669269
374687	669256
374677	669234
374669	669228
374663	669221
374664	669207
374661	669183
374661	669166
374635	669116
374630	669101
374620	669101
374614	669099
374612	669091
374606	669091
374607	669088
374609	669086
374608	669082
374591	669080
374584	669078
374572	669080
374571	669072
374566	669063
374554	669057
374546	669048
374534	669041
374534	669035
374524	669026
374520	669014
374522	669010
374390	668946
374257	668905
374024	668846
373973	668822
373943	668804
373819	668721
373768	668592
373525	668488
373628	668290
373665	668229
373659	668225
373294	668000
373254	667969
373046	667859
372962	667819
372953	667842
372888	667967
372547	667598
372538	667586
372334	667395
372273	667332
372250	667313
372213	667276
372188	667245
372177	667223
372168	667197
372045	666793
372045	666793
372073	666777
372187	666735
372258	666706
372310	666667
372384	666607
372425	666574
372468	666559
372528	666527
372620	666488
372763	666437
372842	666405
372911	666380
372945	666365
372945	666365
372966	666356
372969	666353
372970	666348
372966	666303
372966	666294
372963	666269
372959	666216
372956	666185
372950	666115
372944	666050
372943	666032
372934	665964
372933	665949
372932	665931
372924	665877
372922	665858
372911	665798
372908	665788
372905	665770
372889	665714
372880	665683
372866	665633
372862	665623
372855	665593
372841	665546
372836	665527
372825	665494
372813	665461
372808	665446
372807	665438
372805	665431
372804	665417
372799	665381
372798	665369
372790	665345
372780	665312
372779	665306
372780	665302
372782	665300
372786	665297
372786	665295
372783	665290
372771	665266
372759	665241
372758	665235
372756	665233
372753	665227
372752	665213
372747	665170
372746	665157
372743	665153
372732	665140
372725	665131
372722	665120
372720	665108
372713	665100
372699	665081
372698	665078
372698	665056
372700	665036
372700	665026
372697	665013
372687	664986
372675	664959
372667	664946
372645	664909
372638	664897
372631	664893
372626	664889
372620	664873
372615	664855
372610	664845
372609	664839
372610	664836
372612	664833
372612	664829
372609	664822
372605	664816
372599	664810
372594	664806
372591	664793
372590	664782
372583	664773
372578	664768
372575	664760
372572	664738
372569	664733
372564	664729
372554	664725
372552	664724
372550	664706
372546	664689
372544	664669
372546	664645
372545	664638
372541	664636
372540	664634
372540	664632
372542	664631
372547	664625
372548	664620
372545	664616
372541	664611
372541	664604
372544	664587
372548	664583
372554	664579
372558	664574
372558	664569
372562	664566
372567	664562
372569	664557
372569	664544
372570	664536
372575	664530
372589	664502
372600	664478
372605	664474
372614	664475
372619	664475
372623	664472
372623	664466
372625	664464
372630	664460
372634	664456
372634	664451
372632	664446
372631	664440
372634	664435
372644	664425
372646	664419
372645	664412
372642	664407
372641	664402
372648	664380
372650	664369
372652	664363
372659	664358
372664	664352
372669	664336
372673	664327
372674	664314
372676	664312
372683	664308
372692	664304
372692	664304
372695	664305
372702	664306
372728	664306
372742	664304
372760	664300
372778	664291
372787	664283
372795	664269
372802	664252
372806	664248
372813	664246
372825	664249
372847	664253
372862	664256
372875	664260
372885	664267
372892	664270
372925	664271
372964	664271
372973	664270
372980	664267
372986	664261
372987	664256
372993	664227
372996	664209
372999	664195
373007	664186
373019	664176
373049	664141
373062	664123
373073	664102
373077	664087
373076	664074
373073	664059
373068	664050
373064	664049
373057	664049
373055	664047
373048	664040
373045	664031
373045	664023
373048	664012
373054	664000
373063	663987
373068	663977
373070	663967
373070	663956
373072	663949
373079	663932
373088	663914
373099	663891
373107	663873
373116	663859
373133	663836
373146	663825
373156	663818
373169	663814
373188	663814
373199	663814
373209	663812
373219	663807
373238	663799
373257	663794
373280	663792
373304	663788
373331	663784
373357	663773
373378	663760
373388	663749
373395	663744
373414	663737
373441	663728
373449	663719
373453	663708
373452	663688
373448	663678
373445	663671
373438	663667
373423	663663
373405	663659
373391	663656
373380	663653
373368	663651
373360	663651
373347	663648
373333	663642
373324	663640
373307	663641
373292	663640
373277	663638
373260	663636
373246	663633
373233	663627
373227	663624
373217	663615
373210	663612
373201	663611
373191	663608
373183	663603
373176	663593
373175	663589
373168	663585
373158	663584
373151	663581
373144	663577
373137	663576
373128	663576
373117	663578
373102	663579
373095	663576
373080	663573
373065	663571
373054	663568
373046	663568
373042	663572
373039	663579
373029	663595
373019	663598
373006	663602
372993	663603
372981	663601
372973	663597
372963	663586
372956	663579
372948	663574
372943	663570
372941	663561
372936	663553
372933	663551
372924	663551
372912	663551
372903	663550
372898	663548
372880	663533
372861	663523
372850	663519
372844	663520
372842	663521
372827	663535
372817	663547
372812	663549
372808	663548
372803	663543
372802	663533
372802	663523
372801	663518
372798	663516
372785	663514
372777	663514
372769	663511
372763	663506
372759	663499
372753	663489
372747	663475
372744	663462
372739	663451
372713	663439
372703	663434
372691	663425
372686	663420
372679	663412
372666	663401
372657	663398
372649	663394
372641	663386
372631	663384
372624	663384
372618	663389
372608	663392
372602	663392
372594	663385
372589	663383
372584	663383
372579	663385
372578	663389
372578	663390
372581	663395
372581	663398
372576	663402
372569	663402
372567	663402
372564	663400
372562	663395
372560	663387
372557	663382
372543	663370
372534	663368
372528	663368
372517	663371
372506	663378
372476	663394
372471	663395
372461	663395
372453	663396
372447	663399
372429	663407
372418	663413
372405	663415
372391	663416
372374	663414
372360	663413
372356	663415
372355	663419
372355	663420
372357	663424
372356	663429
372355	663431
372349	663434
372341	663436
372329	663432
372321	663429
372312	663428
372304	663430
372293	663436
372290	663441
372288	663449
372289	663459
372285	663464
372278	663464
372273	663460
372267	663451
372262	663445
372254	663443
372246	663443
372233	663448
372222	663454
372211	663464
372205	663473
372200	663487
372198	663493
372198	663501
372196	663510
372193	663515
372185	663520
372176	663524
372156	663535
372150	663540
372139	663542
372128	663543
372118	663544
372106	663547
372100	663552
372098	663557
372098	663562
372101	663565
372102	663572
372108	663582
372109	663588
372104	663595
372099	663598
372088	663597
372076	663597
372063	663603
372026	663629
372020	663631
372011	663631
372003	663633
371988	663636
371977	663636
371968	663638
371959	663644
371953	663645
371948	663644
371939	663639
371933	663638
371925	663641
371914	663647
371906	663653
371902	663654
371894	663655
371886	663658
371883	663661
371879	663675
371873	663680
371862	663681
371846	663682
371839	663680
371836	663678
371836	663671
371837	663664
371838	663659
371838	663655
371836	663654
371832	663653
371828	663653
371822	663656
371816	663661
371809	663662
371798	663660
371787	663654
371780	663641
371777	663631
371768	663625
371757	663622
371742	663620
371732	663621
371717	663624
371706	663627
371695	663628
371684	663630
371674	663631
371666	663632
371650	663634
371642	663633
371636	663630
371627	663622
371616	663614
371603	663605
371590	663600
371572	663597
371563	663599
371557	663604
371548	663608
371539	663608
371533	663605
371529	663601
371523	663591
371519	663575
371515	663570
371510	663568
371503	663570
371500	663571
371498	663576
371497	663584
371496	663596
371491	663604
371481	663609
371475	663610
371465	663610
371457	663607
371439	663598
371424	663590
371414	663583
371401	663573
371392	663568
371382	663565
371369	663567
371357	663563
371340	663554
371323	663547
371311	663541
371288	663541
371281	663543
371275	663540
371270	663534
371266	663521
371262	663514
371254	663505
371244	663505
371234	663508
371219	663515
371210	663522
371204	663523
371195	663521
371190	663512
371187	663503
371180	663499
371174	663503
371167	663510
371160	663518
371156	663519
371146	663519
371140	663512
371134	663509
371127	663509
371119	663510
371112	663512
371106	663515
371102	663518
371099	663518
371094	663515
371085	663509
371071	663500
371063	663498
371057	663502
371056	663510
371053	663516
371047	663518
371042	663517
371037	663514
371027	663507
371020	663506
371012	663507
371003	663507
370987	663504
370972	663503
370962	663504
370954	663505
370931	663499
370917	663497
370908	663496
370902	663498
370896	663499
370889	663497
370884	663493
370878	663493
370868	663499
370852	663506
370831	663509
370817	663513
370798	663518
370791	663519
370783	663518
370774	663515
370760	663507
370753	663503
370747	663502
370735	663505
370721	663505
370710	663507
370700	663513
370694	663516
370689	663517
370683	663517
370677	663514
370670	663511
370665	663512
370660	663513
370652	663519
370641	663526
370630	663527
370618	663528
370605	663528
370597	663529
370592	663535
370588	663536
370582	663536
370577	663534
370570	663531
370565	663530
370556	663534
370545	663537
370525	663537
370515	663538
370507	663545
370500	663554
370497	663555
370495	663554
370493	663552
370490	663547
370488	663545
370483	663546
370475	663549
370464	663551
370450	663551
370438	663553
370434	663555
370429	663558
370421	663561
370408	663570
370397	663574
370390	663575
370388	663573
370385	663569
370380	663570
370378	663573
370376	663579
370372	663581
370365	663581
370361	663579
370354	663574
370350	663573
370344	663574
370339	663579
370334	663587
370329	663592
370320	663595
370315	663604
370310	663604
370305	663602
370297	663602
370281	663603
370271	663604
370261	663610
370256	663613
370252	663612
370241	663601
370216	663581
370205	663571
370201	663562
370186	663547
370177	663536
370168	663530
370161	663527
370147	663518
370137	663510
370124	663497
370097	663474
370086	663470
370077	663465
370068	663455
370054	663443
370041	663423
370031	663421
370017	663422
370008	663422
369992	663415
369992	663415
369973	663404
369960	663398
369954	663397
369940	663397
369929	663395
369916	663387
369904	663377
369890	663364
369874	663349
369857	663329
369825	663291
369815	663281
369805	663271
369801	663262
369787	663247
369773	663232
369768	663231
369762	663233
369754	663232
369746	663228
369731	663224
369717	663219
369710	663217
369698	663208
369680	663185
369667	663161
369660	663159
369654	663159
369643	663162
369639	663161
369616	663146
369588	663131
369577	663127
369565	663126
369550	663127
369535	663128
369527	663127
369520	663122
369510	663120
369497	663119
369487	663119
369469	663121
369456	663121
369447	663119
369439	663118
369431	663118
369422	663117
369410	663113
369393	663107
369382	663098
369371	663083
369364	663073
369357	663069
369354	663066
369349	663062
369348	663056
369347	663043
369346	663032
369344	663029
369329	663016
369309	663001
369296	662988
369287	662979
369282	662970
369279	662961
369271	662946
369260	662931
369245	662898
369242	662892
369236	662886
369227	662877
369224	662872
369221	662868
369217	662866
369214	662864
369212	662861
369209	662859
369202	662858
369193	662852
369182	662847
369174	662844
369171	662840
369168	662832
369164	662830
369159	662830
369155	662832
369152	662833
369151	662833
369150	662831
369149	662826
369144	662823
369135	662818
369126	662815
369119	662813
369110	662812
369106	662810
369102	662808
369097	662807
369089	662803
369078	662794
369071	662782
369067	662772
369063	662765
369059	662763
369054	662762
369049	662761
369046	662756
369043	662749
369039	662742
369033	662738
369028	662735
369022	662724
369016	662720
369010	662713
369003	662701
368993	662686
368993	662679
369000	662671
369000	662665
368996	662661
368997	662650
369001	662642
369008	662629
369019	662612
369033	662605
369046	662598
369058	662590
369071	662580
369079	662567
369084	662562
369099	662551
369113	662539
369120	662523
369126	662504
369125	662495
369119	662490
369115	662484
369113	662477
369111	662464
369107	662453
369111	662442
369124	662427
369137	662418
369147	662412
369158	662406
369167	662404
369173	662404
369181	662404
369190	662398
369200	662393
369211	662388
369227	662381
369239	662372
369241	662364
369240	662349
369243	662329
369245	662316
369250	662301
369259	662265
369262	662242
369264	662236
369275	662225
369289	662206
369322	662157
369327	662148
369335	662135
369340	662119
369345	662113
369350	662104
369359	662088
369369	662078
369369	662072
369363	662072
369354	662073
369326	662077
369308	662083
369290	662089
369257	662154
369222	662226
369177	662322
369171	662326
369134	662341
369092	662358
369086	662363
369069	662392
369034	662452
368972	662556
368936	662618
368874	662723
368864	662741
368825	662804
368802	662850
368776	662874
368773	662894
368766	662924
368738	663001
368714	663040
368689	663066
368668	663093
368654	663101
368646	663102
368616	663104
368596	663107
368568	663108
368532	663106
368486	663105
368453	663107
368417	663119
368392	663119
368374	663120
368368	663125
368343	663136
368307	663145
368261	663147
368216	663143
368216	663143
368209	663157
368198	663174
368192	663180
368176	663191
368156	663201
368136	663212
368118	663218
368087	663225
368052	663232
368038	663235
368020	663236
367989	663236
367960	663232
367907	663226
367889	663181
367883	663163
367883	663163
367881	663157
367843	663159
367816	663162
367770	663179
367737	663194
367706	663209
367679	663227
367666	663231
367653	663232
367638	663224
367624	663212
367609	663187
367598	663179
367569	663162
367544	663157
367527	663157
367508	663161
367473	663171
367420	663174
367385	663175
367359	663174
367333	663169
367308	663157
367296	663150
367280	663146
367267	663145
367241	663155
367192	663184
367140	663215
367086	663249
367063	663268
367049	663285
367027	663309
367014	663315
366984	663321
366964	663326
366933	663331
366886	663330
366854	663331
366842	663331
366824	663322
366820	663318
366797	663288
366773	663253
366760	663233
366741	663213
366718	663203
366688	663200
366655	663211
366642	663212
366642	663212
366627	663191
366623	663181
366609	663168
366594	663141
366588	663118
366582	663115
366563	663119
366556	663114
366552	663108
366550	663102
366555	663094
366555	663088
366543	663055
366544	663049
366550	663037
366549	663032
366540	663028
366507	663028
366494	663020
366492	663016
366492	663011
366499	663000
366492	662989
366482	662981
366454	662972
366447	662966
366445	662961
366447	662941
366445	662934
366447	662920
366446	662914
366441	662908
366424	662906
366409	662908
366406	662910
366402	662911
366398	662910
366387	662900
366385	662892
366396	662872
366397	662858
366396	662849
366379	662796
366373	662792
366366	662795
366355	662795
366346	662787
366335	662758
366335	662752
366340	662736
366341	662725
366338	662715
366334	662709
366323	662700
366306	662693
366296	662686
366289	662676
366287	662670
366268	662647
366264	662640
366262	662610
366265	662601
366272	662593
366276	662583
366273	662568
366275	662547
366272	662530
366269	662524
366259	662509
366246	662502
366241	662502
366238	662498
366237	662490
366235	662488
366229	662487
366223	662481
366215	662480
366207	662475
366200	662449
366194	662437
366190	662411
366184	662396
366172	662376
366151	662352
366148	662344
366148	662336
366150	662332
366149	662325
366139	662318
366131	662308
366126	662295
366125	662283
366123	662279
366117	662276
366112	662276
366074	662282
366068	662278
366063	662271
366063	662262
366066	662258
366074	662254
366077	662246
366076	662241
366056	662215
366039	662189
366039	662174
366026	662160
366024	662153
366024	662143
366017	662132
366016	662126
366018	662118
366023	662111
366027	662109
366030	662100
366023	662075
366023	662070
366026	662067
366035	662066
366039	662063
366041	662059
366040	662048
366046	662040
366055	662032
366057	662027
366057	662022
366053	662013
366054	662006
366067	661991
366076	661974
366077	661956
366080	661936
366084	661933
366087	661927
366084	661916
366085	661911
366092	661901
366093	661886
366088	661847
366085	661841
366086	661831
366083	661822
366086	661817
366092	661812
366096	661806
366096	661793
366092	661783
366076	661758
366066	661736
366058	661730
366045	661707
366026	661682
366023	661675
366000	661655
365997	661650
365998	661643
365996	661638
365984	661627
365980	661620
365979	661605
365972	661600
365955	661585
365954	661581
365954	661569
365951	661563
365934	661551
365924	661536
365912	661528
365908	661512
365904	661510
365896	661498
365883	661492
365878	661488
365875	661484
365874	661477
365864	661465
365860	661462
365854	661461
365848	661457
365843	661451
365839	661444
365834	661419
365829	661410
365824	661396
365820	661367
365815	661352
365811	661345
365808	661334
365804	661330
365798	661328
365793	661321
365793	661315
365796	661305
365795	661298
365787	661287
365786	661279
365777	661268
365777	661262
365780	661255
365780	661248
365777	661242
365777	661230
365774	661224
365765	661217
365762	661213
365761	661208
365758	661200
365758	661196
365761	661192
365752	661181
365743	661174
365726	661167
365718	661151
365707	661147
365704	661145
365703	661137
365708	661133
365706	661130
365697	661125
365688	661124
365679	661115
365664	661108
365659	661102
365656	661093
365649	661086
365640	661083
365622	661080
365594	661046
365469	660919
365413	660856
365347	660791
365287	660829
365257	660850
365171	660920
365076	660955
365034	660976
365000	660998
365000	660998
364880	661075
364757	661165
364540	661436
364528	661447
364497	661500
364377	661546
364342	661557
364313	661565
364217	661577
364184	661576
364105	661570
364023	661555
363916	661547
363870	661542
363724	661514
363696	661517
363698	661500
363693	661491
363688	661487
363685	661482
363661	661469
363660	661463
363663	661457
363665	661451
363666	661427
363650	661404
363641	661387
363638	661385
363636	661380
363635	661377
363637	661368
363632	661353
363624	661341
363622	661321
363613	661308
363609	661290
363600	661283
363599	661280
363600	661270
363595	661263
363586	661239
363579	661229
363580	661219
363565	661202
363563	661193
363549	661189
363538	661182
363532	661174
363534	661162
363533	661153
363538	661149
363541	661142
363553	661138
363560	661132
363564	661118
363578	661100
363598	661060
363604	661043
363629	661001
363637	660986
363637	660982
363632	660970
363630	660959
363629	660946
363631	660939
363645	660923
363656	660904
363625	660822
363612	660775
363607	660750
363590	660637
363575	660526
363567	660414
363522	660305
363501	660271
363486	660253
363448	660214
363424	660195
363401	660183
363381	660162
363362	660138
363301	660041
363267	660000
363267	660000
363267	660000
363067	659800
363044	659769
363003	659725
362946	659689
362876	659652
362858	659648
362790	659652
362748	659653
362712	659651
362635	659656
362615	659651
362424	659650
362361	659648
362269	659643
362249	659645
362206	659646
362207	659669
362225	659763
362221	659791
362227	659803
362225	659808
362218	659817
362216	659829
362209	659836
362206	659877
362208	659889
362203	659903
362205	659917
362202	659930
362202	659937
362195	659957
362192	659976
362181	659993
362180	660000
362180	660000
362180	660003
362170	660027
362160	660041
362147	660047
362139	660055
362123	660064
362117	660070
362099	660085
362039	660126
362029	660145
362021	660155
362012	660164
361974	660192
361896	660229
361825	660240
361576	660291
361086	660360
361078	660357
361052	660337
361045	660327
361020	660299
361014	660296
361000	660294
360995	660290
360984	660278
360981	660277
360979	660272
360982	660267
360981	660264
360975	660257
360971	660243
360958	660223
360946	660209
360936	660203
360920	660184
360883	660154
360879	660159
360869	660164
360867	660166
360861	660190
360855	660193
360852	660193
360848	660196
360843	660208
360834	660218
360829	660233
360821	660242
360811	660247
360791	660251
360779	660270
360770	660279
360723	660313
360668	660359
360652	660375
360608	660405
360581	660432
360556	660452
360518	660458
360495	660457
360441	660474
360431	660470
360426	660469
360416	660472
360400	660465
360000	660295
360000	660295
359859	660236
359770	660237
359738	660240
359619	660241
359505	660239
359483	660236
359485	660239
359484	660243
359481	660248
359477	660250
359476	660253
359477	660256
359486	660260
359495	660255
359499	660262
359507	660262
359510	660267
359510	660276
359517	660281
359517	660301
359525	660319
359528	660339
359528	660351
359523	660371
359529	660378
359535	660381
359535	660384
359533	660402
359533	660417
359530	660431
359532	660467
359531	660470
359527	660471
359518	660466
359514	660468
359514	660471
359519	660478
359519	660496
359525	660507
359526	660511
359525	660523
359530	660534
359531	660539
359526	660548
359526	660551
359535	660568
359535	660571
359532	660579
359534	660583
359540	660587
359542	660593
359537	660604
359538	660614
359531	660621
359530	660632
359527	660640
359528	660652
359535	660657
359532	660664
359546	660692
359550	660698
359561	660704
359601	660736
359656	660787
359693	660814
359715	660829
359723	660836
359728	660848
359736	660888
359740	660896
359756	660912
359769	660929
359783	660948
359799	660974
359808	660997
359817	661027
359816	661044
359788	661063
359712	661124
359690	661146
359619	661204
359521	661297
359501	661320
359442	661377
359417	661367
359369	661343
359330	661316
359317	661309
359300	661304
359283	661303
359257	661305
359237	661302
358857	661224
358737	661205
358710	661233
358430	661582
358410	661597
358390	661608
358265	661652
358192	661685
358104	661642
358046	661611
357987	661584
357935	661542
357870	661479
357750	661389
357652	661319
357450	661164
357243	661021
357075	660908
356817	661155
356777	661141
356744	661132
356680	661103
356657	661100
356642	661091
356586	661060
356554	661028
356545	661022
356532	661022
356512	661014
356507	660998
356507	660978
356522	660952
356524	660942
356524	660927
356518	660923
356516	660919
356516	660915
356518	660910
356525	660905
356525	660889
356520	660861
356510	660845
356511	660841
356519	660837
356520	660834
356515	660819
356509	660818
356503	660821
356501	660820
356499	660812
356505	660795
356504	660788
356502	660786
356493	660785
356489	660782
356492	660776
356501	660775
356504	660773
356509	660763
356507	660758
356500	660758
356492	660756
356486	660746
356487	660743
356493	660744
356496	660741
356491	660734
356490	660725
356491	660691
356485	660682
356486	660677
356493	660673
356493	660664
356488	660649
356486	660629
356493	660616
356501	660609
356503	660605
356495	660591
356494	660582
356474	660584
356468	660576
356457	660572
356446	660571
356400	660574
356395	660572
356385	660565
356377	660564
356377	660564
356356	660571
356324	660562
356320	660564
356316	660569
356310	660570
356278	660561
356266	660554
356263	660554
356254	660559
356248	660557
356237	660563
356180	660567
356151	660565
356137	660566
356123	660570
356114	660574
356100	660585
356096	660586
356048	660587
356034	660590
356025	660594
356013	660608
356006	660620
355988	660633
355974	660636
355949	660630
355943	660633
355934	660643
355929	660646
355855	660631
355584	660570
355182	660476
355000	660435
355000	660435
354862	660405
354829	660395
354823	660391
354803	660389
354791	660393
354783	660393
354774	660391
354761	660382
354744	660374
354739	660368
354733	660368
354724	660363
354713	660360
354711	660356
354701	660354
354691	660345
354681	660349
354679	660348
354670	660337
354656	660336
354640	660337
354638	660333
354639	660329
354623	660320
354617	660310
354612	660307
354606	660295
354596	660292
354591	660289
354583	660271
354564	660259
354561	660254
354541	660240
354539	660234
354539	660228
354532	660221
354526	660222
354523	660220
354522	660213
354507	660186
354497	660178
354487	660176
354467	660164
354442	660167
354434	660162
354426	660159
354422	660163
354416	660164
354412	660163
354408	660159
354406	660148
354393	660147
354392	660141
354387	660138
354384	660134
354380	660131
354373	660129
354370	660125
354370	660123
354379	660115
354380	660112
354372	660104
354368	660093
354364	660090
354360	660102
354355	660102
354355	660096
354351	660092
354348	660089
354343	660091
354342	660090
354337	660082
354326	660087
354306	660074
354297	660070
354262	660065
354258	660061
354250	660039
354240	660026
354213	660025
354197	660018
354183	660000
354176	660000
354176	660000
354170	659999
354168	659998
354166	659995
354162	659984
354132	659975
354124	659969
354120	659962
354113	659957
354109	659960
354103	659971
354098	659973
354085	659972
354073	659952
354073	659938
354068	659938
354062	659942
354059	659938
354055	659920
354052	659918
354039	659931
354031	659936
354024	659938
354013	659922
354010	659908
354002	659897
353996	659897
353985	659906
353983	659905
353980	659894
353977	659892
353971	659891
353956	659895
353943	659895
353934	659881
353927	659875
353920	659860
353915	659859
353899	659866
353884	659868
353875	659868
353870	659865
353860	659850
353858	659849
353843	659850
353840	659849
353830	659837
353817	659838
353815	659837
353811	659832
353805	659801
353788	659795
353773	659787
353771	659779
353772	659775
353777	659767
353777	659758
353773	659751
353752	659729
353751	659723
353755	659696
353751	659689
353746	659686
353743	659688
353741	659696
353733	659708
353727	659738
353722	659752
353716	659756
353707	659758
353684	659757
353677	659761
353673	659760
353670	659761
353662	659766
353655	659786
353657	659790
353664	659792
353667	659795
353668	659800
353659	659810
353657	659819
353650	659821
353645	659824
353641	659822
353638	659818
353627	659815
353621	659810
353618	659809
353613	659811
353607	659825
353599	659835
353591	659840
353587	659839
353582	659840
353580	659842
353581	659846
353576	659853
353571	659855
353565	659852
353551	659858
353550	659860
353555	659867
353554	659871
353533	659872
353528	659875
353526	659879
353527	659889
353520	659901
353515	659902
353507	659893
353500	659894
353489	659918
353484	659923
353471	659920
353451	659926
353429	659923
353392	659927
353381	659930
353378	659928
353374	659922
353361	659922
353348	659908
353345	659907
353334	659913
353319	659910
353297	659914
353256	659910
353249	659906
353234	659907
353212	659903
353210	659904
353208	659911
353201	659914
353187	659916
353174	659925
353154	659936
353152	659940
353143	659947
353135	659946
353130	659942
353122	659947
353116	659954
353111	659971
353090	659981
353083	659991
353072	659993
353067	659996
353065	659999
353065	660000
353065	660000
353066	660000
353064	660002
353047	660006
353045	660012
353045	660018
353042	660024
353027	660034
353001	660040
352986	660041
352977	660044
352953	660058
352939	660063
352930	660062
352925	660063
352907	660073
352907	660078
352898	660079
352884	660092
352873	660099
352868	660101
352843	660103
352811	660111
352805	660114
352789	660127
352788	660133
352788	660145
352767	660192
352745	660219
352731	660271
352709	660301
352699	660349
352693	660353
352692	660368
352696	660443
352701	660464
352714	660486
352716	660493
352719	660511
352716	660523
352709	660533
352685	660554
352626	660580
352581	660620
352577	660632
352573	660658
352589	660705
352598	660771
352608	660868
352596	660863
352573	660856
352531	660865
352458	660860
352427	660860
352400	660863
352387	660869
352357	660869
352345	660873
352336	660880
352313	660885
352300	660885
352284	660882
352269	660884
352260	660886
352243	660896
352225	660898
352211	660907
352199	660905
352177	660906
352148	660894
352115	660896
352099	660886
352094	660885
352084	660889
352072	660889
352060	660887
352047	660888
352030	660892
352023	660892
352017	660887
352013	660881
352007	660874
351998	660869
351983	660867
351969	660867
351948	660862
351942	660863
351936	660872
351905	660859
351895	660850
351883	660853
351876	660851
351869	660842
351862	660825
351850	660827
351843	660825
351841	660821
351839	660815
351830	660802
351820	660803
351812	660801
351806	660797
351802	660790
351800	660788
351786	660803
351780	660802
351777	660796
351777	660785
351776	660776
351773	660773
351760	660776
351723	660778
351719	660777
351720	660768
351717	660760
351701	660761
351691	660754
351673	660747
351664	660747
351651	660753
351648	660748
351642	660743
351631	660742
351624	660745
351616	660754
351605	660795
351599	660813
351599	660823
351596	660828
351593	660841
351593	660856
351595	660866
351590	660873
351589	660887
351586	660904
351597	660967
351596	660980
351598	660988
351604	661000
351606	661009
351589	661036
351587	661059
351581	661078
351574	661136
351572	661177
351564	661253
351566	661287
351531	661364
351431	661505
351431	661505
351151	661055
350858	660573
350465	660489
350369	660471
350331	660412
350230	660346
350000	660204
350000	660204
350000	660204
349847	660106
349547	660128
349509	660106
349425	660050
349352	660000
349352	660000
349241	659922
349221	659913
349202	659910
349178	659906
349143	659906
349107	659910
348824	659928
348530	659538
348523	659546
348514	659543
348506	659537
348504	659532
348502	659520
348487	659501
348477	659477
348463	659466
348463	659459
348460	659456
348455	659453
348447	659450
348442	659447
348437	659433
348435	659432
348424	659432
348414	659426
348408	659420
348402	659408
348372	659384
348359	659376
348341	659356
348328	659351
348293	659348
348282	659344
348261	659320
348240	659302
348235	659295
348234	659282
348223	659263
348220	659259
348215	659257
348206	659258
348195	659255
348188	659251
348179	659242
348169	659239
348156	659234
348142	659230
348113	659228
348107	659224
348103	659218
348049	659182
348034	659169
348021	659164
348010	659152
348005	659136
348000	659131
347996	659127
347994	659121
347995	659114
347993	659109
347982	659098
347981	659095
347983	659089
347977	659065
347971	659048
347968	659028
347963	659023
347953	659020
347944	659013
347918	658953
347911	658952
347892	658953
347884	658943
347878	658926
347872	658920
347863	658914
347858	658913
347850	658914
347841	658912
347835	658907
347830	658899
347819	658899
347806	658890
347782	658885
347744	658882
347723	658865
347716	658855
347707	658849
347702	658848
347690	658835
347677	658826
347663	658807
347649	658799
347635	658797
347628	658793
347623	658786
347621	658779
347613	658765
347595	658743
347591	658732
347587	658726
347574	658717
347554	658708
347551	658703
347549	658691
347544	658687
347539	658685
347533	658679
347526	658656
347524	658653
347513	658647
347508	658635
347502	658631
347493	658629
347482	658618
347476	658616
347466	658617
347447	658610
347445	658605
347448	658600
347449	658595
347444	658586
347434	658583
347425	658586
347419	658592
347410	658594
347395	658592
347377	658591
347367	658594
347355	658601
347339	658598
347329	658594
347323	658588
347317	658586
347308	658586
347298	658591
347293	658598
347283	658607
347276	658610
347269	658611
347262	658609
347256	658605
347245	658584
347244	658580
347241	658577
347237	658576
347230	658585
347217	658615
347213	658611
347210	658604
347209	658583
347212	658581
347213	658578
347211	658574
347213	658557
347212	658554
347210	658551
347192	658556
347185	658561
347179	658561
347168	658572
347141	658625
347129	658635
347113	658641
347103	658654
347099	658662
347096	658674
347094	658704
347091	658720
347084	658722
347084	658722
347078	658730
347074	658733
347068	658734
347060	658731
346984	658696
346797	658612
346730	658582
346655	658548
346620	658531
346512	658488
346486	658477
346380	658428
346351	658415
346242	658368
346213	658353
346199	658347
346179	658342
346158	658335
346139	658327
346095	658308
346082	658301
346074	658299
346065	658295
346038	658282
346003	658263
345974	658242
345962	658231
345944	658217
345928	658206
345903	658181
345883	658162
345876	658158
345860	658140
345848	658130
345815	658103
345798	658093
345796	658090
345794	658084
345789	658078
345782	658071
345765	658059
345754	658048
345744	658036
345732	658016
345727	658008
345722	658002
345711	657986
345697	657971
345688	657958
345678	657949
345666	657942
345654	657932
345646	657924
345639	657911
345632	657900
345628	657890
345624	657888
345616	657879
345607	657871
345607	657864
345608	657854
345606	657844
345600	657837
345592	657833
345589	657830
345585	657813
345583	657804
345581	657797
345580	657794
345573	657788
345571	657784
345570	657778
345567	657766
345559	657751
345544	657728
345537	657717
345527	657703
345514	657678
345504	657669
345498	657659
345489	657641
345487	657633
345484	657618
345478	657606
345474	657596
345464	657583
345458	657571
345454	657569
345451	657566
345449	657562
345448	657555
345443	657536
345427	657509
345423	657504
345415	657496
345407	657493
345402	657491
345389	657474
345379	657464
345375	657460
345374	657453
345371	657443
345369	657440
345356	657431
345338	657407
345329	657392
345319	657378
345303	657356
345277	657337
345253	657325
345249	657322
345248	657318
345241	657306
345235	657305
345225	657305
345214	657303
345177	657282
345176	657279
345174	657272
345150	657256
345142	657256
345134	657254
345124	657246
345124	657240
345118	657231
345106	657229
345098	657226
345091	657213
345091	657196
345088	657193
345062	657193
345048	657188
345032	657178
345030	657171
345033	657163
345045	657147
345052	657118
345052	657112
345033	657081
345029	657078
345006	657075
344996	657076
344988	657080
344980	657081
344968	657080
344961	657082
344952	657085
344945	657085
344935	657084
344931	657080
344929	657077
344928	657072
344930	657064
344932	657056
344923	657046
344910	657031
344896	657015
344881	657009
344874	657003
344873	656996
344873	656992
344874	656989
344876	656986
344876	656982
344873	656978
344866	656975
344858	656967
344852	656963
344847	656961
344828	656950
344814	656940
344812	656936
344810	656925
344788	656849
344780	656818
344766	656763
344760	656731
344759	656682
344758	656600
344758	656587
344758	656543
344757	656531
344750	656513
344737	656480
344716	656428
344706	656406
344673	656343
344661	656319
344627	656258
344618	656240
344605	656213
344579	656171
344568	656146
344546	656087
344534	656051
344524	656019
344522	656004
344516	655924
344514	655899
344511	655861
344500	655839
344477	655796
344454	655755
344398	655681
344383	655664
344326	655597
344302	655569
344285	655550
344255	655512
344218	655469
344176	655412
344143	655362
344143	655362
344098	655303
344074	655273
344027	655217
343999	655183
343966	655145
343936	655111
343927	655104
343907	655097
343853	655076
343787	655048
343768	655041
343766	655035
343767	655026
343747	655014
343729	655009
343723	655005
343712	654998
343688	654996
343673	654998
343662	654992
343648	654987
343640	654985
343629	654979
343608	654965
343583	654940
343558	654913
343535	654890
343494	654842
343476	654815
343469	654803
343456	654782
343445	654765
343423	654741
343409	654727
343398	654717
343392	654709
343391	654705
343389	654704
343382	654700
343346	654664
343322	654639
343313	654630
343301	654616
343300	654612
343300	654608
343300	654604
343287	654589
343251	654551
343245	654545
343240	654537
343239	654537
343228	654542
343220	654547
343217	654545
343208	654531
343192	654502
343182	654489
343178	654485
343170	654482
343164	654481
343160	654472
343152	654456
343141	654435
343141	654435
343123	654441
343082	654448
343074	654451
343069	654456
343062	654463
343059	654466
343051	654470
343035	654478
343006	654495
342968	654518
342943	654532
342925	654542
342913	654554
342906	654560
342898	654564
342884	654569
342869	654571
342860	654572
342855	654577
342849	654584
342844	654588
342820	654604
342807	654611
342796	654614
342785	654614
342774	654624
342765	654636
342754	654653
342743	654667
342742	654671
342743	654680
342741	654685
342734	654700
342731	654704
342726	654707
342715	654710
342710	654713
342705	654721
342702	654729
342702	654739
342705	654750
342706	654757
342704	654764
342701	654769
342695	654779
342688	654791
342686	654797
342684	654806
342678	654818
342673	654829
342671	654834
342657	654854
342650	654861
342642	654867
342632	654876
342624	654885
342614	654906
342608	654919
342605	654926
342603	654933
342605	654943
342604	654950
342602	654961
342602	654965
342601	654976
342600	654982
342598	654983
342595	654982
342593	654982
342590	654989
342588	654997
342586	655004
342586	655018
342587	655022
342591	655037
342594	655046
342596	655054
342599	655060
342603	655066
342606	655070
342611	655073
342623	655078
342640	655085
342645	655087
342648	655090
342651	655096
342654	655105
342655	655113
342656	655120
342654	655128
342651	655135
342651	655140
342652	655142
342655	655145
342658	655145
342663	655142
342667	655142
342669	655143
342677	655151
342684	655161
342689	655169
342690	655178
342689	655187
342680	655203
342675	655211
342674	655215
342674	655223
342675	655232
342676	655241
342680	655253
342682	655260
342692	655285
342695	655295
342698	655311
342700	655326
342703	655337
342704	655344
342703	655354
342699	655363
342693	655373
342691	655377
342690	655382
342690	655388
342691	655404
