1
4298
0
294952	680097
294973	680114
295001	680135
295025	680154
295048	680172
295052	680179
295060	680201
295069	680238
295081	680274
295083	680280
295090	680323
295099	680375
295105	680408
295111	680447
295112	680458
295124	680463
295142	680465
295161	680468
295182	680463
295208	680455
295239	680445
295263	680438
295279	680434
295295	680438
295306	680442
295313	680446
295320	680470
295327	680503
295331	680521
295330	680529
295329	680540
295326	680554
295323	680568
295318	680587
295308	680594
295298	680599
295268	680610
295255	680614
295239	680612
295228	680609
295219	680607
295206	680606
295193	680602
295184	680601
295168	680598
295159	680596
295150	680596
295139	680603
295130	680607
295125	680609
295103	680619
295092	680639
295084	680665
295079	680708
295081	680727
295090	680757
295101	680770
295131	680796
295156	680799
295188	680801
295211	680781
295226	680768
295247	680742
295284	680685
295308	680668
295446	680585
295461	680576
295461	680576
295494	680585
295494	680585
295509	680593
295537	680613
295556	680633
295565	680653
295567	680678
295561	680710
295559	680720
295554	680730
295541	680746
295536	680757
295523	680816
295514	680859
295515	680866
295521	680883
295532	680922
295544	680972
295561	681036
295590	681114
295590	681114
295579	681129
295574	681143
295572	681156
295572	681169
295576	681183
295583	681194
295596	681204
295629	681210
295629	681210
295645	681234
295657	681241
295670	681242
295719	681233
295770	681220
295770	681220
295775	681209
295784	681189
295796	681168
295817	681147
295834	681136
295852	681129
295875	681125
295889	681128
295906	681140
295925	681158
295938	681172
295938	681172
295948	681176
295960	681186
295976	681205
295980	681216
295982	681228
295984	681309
295975	681448
295978	681505
295983	681526
295991	681545
296013	681575
296028	681590
296045	681598
296061	681599
296078	681596
296098	681588
296118	681575
296187	681515
296241	681473
296295	681449
296309	681447
296320	681450
296337	681462
296364	681486
296471	681550
296491	681560
296509	681576
296519	681592
296538	681639
296572	681780
296572	681780
296593	681797
296599	681809
296608	681824
296617	681838
296626	681850
296634	681859
296643	681867
296652	681874
296668	681886
296686	681897
296702	681908
296717	681917
296734	681927
296753	681935
296772	681942
296784	681946
296796	681950
296810	681953
296826	681957
296841	681959
296854	681960
296885	681963
296903	681965
296919	681966
296932	681966
296942	681966
296953	681963
296964	681960
296976	681957
296992	681955
297009	681956
297034	681957
297034	681957
297081	681969
297148	681991
297206	682007
297253	682033
297253	682033
297296	682048
297327	682060
297347	682069
297365	682078
297411	682102
297426	682112
297426	682112
297434	682116
297482	682136
297497	682141
297515	682145
297534	682145
297550	682143
297568	682137
297596	682127
297628	682113
297690	682088
297758	682054
297846	682004
297878	681984
297936	681974
297993	681972
298055	681979
298131	681990
298203	682019
298251	682055
298280	682089
298302	682125
298326	682155
298397	682223
298397	682223
298413	682253
298433	682301
298469	682377
298497	682444
298528	682515
298557	682577
298557	682577
298575	682616
298595	682646
298616	682680
298680	682716
298744	682757
298892	682843
299079	682954
299220	683039
299317	683117
299391	683196
299464	683268
299536	683358
299630	683485
299693	683580
299693	683580
299854	683545
300022	683504
300304	683444
300485	683401
300485	683401
300557	683377
300751	683284
300904	683215
301088	683143
301088	683143
301528	682990
301820	682890
302428	682693
302830	682551
303373	682371
303827	682212
304577	681961
304985	681820
305624	681602
306136	681431
306779	681211
307292	681043
308143	680750
308424	680656
309297	680340
309584	680247
310215	680027
310596	679894
311312	679640
311706	679507
312259	679344
312786	679212
313263	679149
313432	679159
313577	679176
313702	679205
313910	679302
314381	679602
314670	679819
315153	680159
315361	680286
315541	680401
315757	680495
316282	680698
316478	680762
316698	680823
317329	680980
317633	681059
318137	681177
318393	681227
318703	681264
319046	681282
319046	681282
319095	681139
319216	680823
319331	680494
319472	680159
319601	679820
319636	679695
319685	679473
319707	679315
319726	679138
319717	679077
319699	679035
319676	678984
319637	678927
319614	678898
319594	678883
319570	678867
319538	678849
319464	678813
319436	678787
319436	678787
319398	678711
319381	678681
319372	678661
319363	678641
319362	678638
319354	678618
319347	678597
319341	678576
319335	678555
319331	678544
319304	678459
319299	678437
319295	678415
319295	678415
319267	678385
319189	678316
319189	678316
319177	678287
319167	678257
319159	678232
319155	678210
319154	678188
319156	678145
319159	678112
319161	678086
319159	678054
319153	678020
319136	677962
319116	677909
319087	677850
319066	677816
319049	677794
319035	677773
319023	677752
319016	677736
319013	677724
319012	677714
319001	677702
318985	677689
318968	677682
318968	677682
318973	677662
318974	677657
318986	677610
318992	677592
318998	677577
319005	677563
319011	677549
319015	677540
319030	677503
319034	677493
319037	677483
319039	677473
319039	677465
319039	677460
319038	677455
319037	677450
319036	677445
319034	677440
319032	677435
319030	677430
319028	677426
319026	677421
319025	677419
319021	677410
319017	677400
319012	677391
319007	677385
318986	677347
318956	677289
318949	677276
318943	677263
318939	677253
318933	677240
318929	677226
318925	677212
318921	677198
318918	677189
318900	677132
318896	677116
318894	677092
318890	677072
318880	677044
318876	677028
318876	677028
318868	676998
318863	676961
318856	676937
318842	676899
318829	676882
318821	676868
318817	676857
318812	676824
318812	676798
318815	676780
318830	676734
318831	676722
318827	676678
318823	676662
318818	676650
318807	676635
318792	676622
318769	676611
318753	676601
318726	676584
318726	676584
318707	676571
318694	676556
318679	676534
318676	676531
318620	676507
318606	676500
318597	676491
318564	676475
318504	676452
318446	676436
318393	676417
318355	676398
318338	676388
318312	676367
318294	676346
318249	676263
318246	676240
318231	676197
318225	676159
318217	676141
318204	676122
318190	676108
318181	676096
318151	676069
318126	676041
318114	676031
318084	675997
318050	675939
318000	675827
317987	675808
317960	675776
317953	675758
317919	675716
317908	675700
317905	675693
317903	675682
317905	675659
317909	675641
317920	675618
317945	675576
317954	675549
317953	675523
317950	675510
317951	675500
317950	675464
317952	675458
317969	675437
317977	675419
317982	675401
317980	675392
317967	675370
317958	675359
317906	675311
317843	675258
317832	675252
317800	675240
317749	675236
317690	675225
317603	675217
317522	675204
317486	675201
317455	675196
317410	675195
317393	675193
317384	675187
317384	675187
317362	675167
317338	675156
317312	675152
317292	675158
317269	675167
317238	675185
317217	675194
317183	675202
317162	675209
317129	675211
317116	675217
317053	675226
317030	675221
316995	675220
316973	675225
316964	675229
316953	675243
316943	675248
316925	675250
316900	675244
316876	675229
316863	675217
316837	675190
316822	675172
316802	675161
316775	675150
316730	675145
316691	675151
316661	675157
316642	675167
316625	675178
316602	675200
316591	675211
316580	675226
316561	675267
316548	675292
316538	675322
316516	675354
316479	675382
316456	675390
316423	675393
316399	675391
316365	675383
316342	675378
316309	675384
316293	675398
316278	675422
316272	675442
316258	675469
316253	675487
316242	675531
316233	675551
316211	675571
316188	675574
316161	675566
316133	675556
316133	675556
316090	675541
316054	675533
316000	675520
315978	675512
315954	675492
315939	675477
315884	675414
315884	675414
315894	675401
315898	675389
315909	675379
315929	675370
315945	675354
315970	675338
315994	675316
316009	675303
316024	675281
316037	675240
316044	675200
316040	675168
316038	675129
316030	675090
316024	675055
316025	675039
316027	674995
316021	674964
316015	674936
316007	674918
315987	674891
315964	674870
315950	674864
315933	674861
315922	674865
315897	674891
315874	674917
315856	674937
315836	674963
315828	674982
315833	675000
315848	675025
315862	675058
315860	675079
315852	675095
315844	675105
315829	675115
315813	675136
315793	675162
315779	675171
315760	675176
315745	675176
315716	675176
315699	675179
315674	675189
315659	675193
315659	675193
315641	675175
315626	675156
315617	675129
315615	675106
315613	675074
315611	675049
315606	675015
315597	674991
315579	674954
315554	674906
315532	674856
315524	674839
315504	674812
315488	674797
315461	674780
315440	674772
315407	674758
315356	674733
315299	674706
315236	674679
315169	674648
315119	674612
315085	674576
315041	674542
315005	674518
315005	674518
314962	674503
314914	674484
314884	674471
314866	674463
314848	674451
314834	674441
314771	674398
314704	674358
314675	674333
314648	674311
314634	674302
314594	674272
314580	674261
314561	674241
314552	674227
314532	674193
314524	674183
314507	674169
314486	674160
314464	674152
314432	674141
314410	674138
314374	674131
314346	674129
314333	674125
314318	674113
314298	674094
314280	674084
314256	674072
314229	674064
314202	674060
314183	674063
314163	674083
314146	674102
314124	674128
314091	674152
314061	674167
314036	674167
314016	674163
313984	674154
313967	674150
313959	674140
313945	674110
313943	674102
313935	674078
313937	674050
313940	674024
313949	673990
313952	673959
313951	673941
313949	673930
313935	673896
313919	673879
313889	673863
313867	673855
313839	673852
313728	673849
313672	673847
313589	673843
313561	673841
313505	673836
313482	673834
313448	673834
313419	673839
313390	673846
313376	673852
313333	673866
313312	673877
313283	673890
313258	673893
313232	673893
313208	673888
313180	673875
313158	673861
313135	673846
313119	673834
313069	673803
313039	673788
313021	673781
312982	673775
312957	673776
312924	673779
312895	673782
312863	673799
312821	673831
312808	673840
312781	673869
312771	673883
312764	673897
312764	673917
312768	673933
312773	673947
312794	673983
312809	674002
312829	674028
312836	674039
312844	674048
312854	674068
312862	674085
312866	674095
312872	674127
312873	674146
312867	674172
312858	674192
312847	674211
312818	674228
312798	674233
312777	674239
312746	674239
312697	674239
312647	674238
312607	674236
312551	674242
312526	674243
312494	674238
312484	674235
312478	674229
312474	674222
312466	674196
312466	674174
312462	674144
312459	674115
312456	674081
312448	674058
312437	674033
312430	674014
312413	673971
312407	673955
312397	673925
312390	673911
312381	673884
312377	673873
312364	673850
312359	673819
312358	673798
312358	673789
312366	673762
312371	673741
312382	673712
312389	673697
312412	673645
312420	673628
312424	673605
312425	673583
312420	673541
312415	673525
312404	673490
312397	673462
312396	673447
312388	673427
312378	673415
312362	673396
312334	673370
312312	673358
312286	673345
312260	673334
312237	673328
312203	673325
312192	673330
312184	673337
312160	673364
312127	673407
312114	673427
312097	673452
312090	673458
312074	673469
312050	673482
312035	673490
312015	673494
311981	673496
311958	673493
311935	673489
311926	673486
311908	673476
311884	673456
311879	673438
311877	673414
311877	673397
311884	673386
311896	673371
311900	673363
311917	673347
311935	673331
311948	673311
311958	673290
311966	673261
311970	673241
311974	673204
311975	673192
311976	673146
311977	673117
311977	673107
311980	673068
311986	673051
312000	673031
312017	673001
312027	672975
312036	672947
312040	672891
312038	672867
312029	672839
312025	672830
312011	672815
311991	672803
311961	672784
311945	672774
311924	672761
311898	672743
311877	672726
311842	672697
311800	672660
311741	672616
311707	672593
311677	672577
311648	672562
311627	672554
311607	672549
311581	672545
311547	672541
311519	672534
311506	672529
311488	672509
311461	672468
311433	672427
311428	672417
311414	672391
311410	672370
311410	672340
311412	672313
311416	672279
311423	672257
311442	672231
311454	672223
311477	672192
311488	672178
311505	672152
311507	672134
311505	672109
311505	672109
311503	672081
311499	672074
311489	672060
311429	672003
311411	671982
311380	671951
311369	671936
311352	671907
311339	671889
311320	671872
311299	671864
311269	671860
311244	671864
311211	671878
311182	671892
311169	671901
311138	671930
311128	671936
311076	671955
311046	671961
311013	671958
310907	671955
310882	671961
310829	671959
310800	671955
310772	671948
310745	671938
310728	671929
310690	671904
310686	671899
310681	671889
310681	671876
310684	671863
310691	671847
310697	671838
310710	671827
310763	671786
310793	671757
310808	671735
310821	671700
310823	671693
310822	671681
310806	671558
310807	671518
310813	671493
310812	671476
310816	671445
310827	671398
310849	671323
310852	671317
310852	671317
310855	671312
310873	671289
310880	671271
310881	671252
310874	671217
310865	671196
310851	671171
310831	671149
310798	671119
310757	671073
310737	671046
310712	671000
310694	670970
310688	670962
310673	670950
310670	670940
310664	670914
310656	670891
310643	670862
310626	670835
310614	670822
310591	670803
310541	670772
310527	670761
310518	670750
310505	670729
310501	670715
310496	670677
310470	670594
310468	670567
310469	670550
310476	670500
310489	670330
310501	670269
310502	670255
310501	670246
310497	670238
310473	670212
310364	670150
310355	670142
310347	670129
310330	670091
310293	670000
310293	670000
310287	669984
310286	669975
310291	669871
310287	669847
310280	669831
310269	669817
310258	669807
310238	669794
310228	669790
310214	669791
310160	669804
310127	669806
310088	669801
310053	669788
310039	669785
309976	669781
309965	669785
309947	669801
309947	669801
309938	669813
309933	669824
309911	669847
309902	669863
309879	669883
309867	669889
309855	669890
309838	669887
309824	669883
309814	669877
309804	669869
309795	669857
309790	669846
309784	669749
309788	669719
309787	669687
309783	669663
309771	669617
309759	669595
309747	669583
309701	669569
309687	669566
309659	669565
309596	669571
309559	669571
309452	669594
309440	669595
309428	669593
309353	669571
309315	669557
309291	669546
309260	669529
309190	669478
309183	669470
309179	669463
309174	669440
309175	669311
309178	669266
309177	669244
309168	669195
309161	669174
309153	669156
309132	669121
309095	669079
309055	669040
309000	668991
308945	668932
308913	668906
308884	668890
308877	668885
308856	668857
308839	668831
308833	668825
308826	668822
308754	668811
308713	668799
308700	668793
308690	668786
308663	668762
308663	668762
308653	668771
308646	668776
308634	668776
308623	668778
308613	668782
308606	668780
308594	668779
308587	668778
308577	668773
308564	668764
308541	668755
308526	668749
308523	668742
308519	668730
308513	668724
308505	668717
308494	668711
308474	668709
308447	668709
308441	668711
308434	668719
308428	668725
308420	668727
308409	668731
308401	668734
308388	668747
308363	668758
308363	668758
308344	668783
308324	668804
308283	668839
308233	668882
308198	668925
308171	668954
308133	669012
308090	669094
308081	669107
308069	669124
308057	669133
308025	669159
308002	669181
307983	669204
307967	669227
307956	669250
307953	669278
307949	669305
307946	669322
307941	669346
307938	669355
307932	669375
307911	669432
307908	669437
307901	669446
307879	669476
307865	669491
307833	669518
307773	669561
307713	669603
307655	669643
307645	669651
307594	669686
307576	669698
307529	669729
307519	669734
307511	669734
307499	669740
307466	669753
307450	669758
307434	669761
307418	669764
307409	669769
307396	669775
307397	669782
307396	669785
307376	669798
307363	669808
307358	669809
307336	669809
307315	669811
307311	669813
307301	669824
307286	669842
307280	669848
307263	669866
307246	669886
307236	669896
307227	669907
307214	669921
307202	669934
307190	669948
307180	669958
307170	669970
307170	669970
307163	669963
307146	669955
307139	669953
307130	669952
307117	669943
307099	669936
307083	669930
307069	669928
307053	669923
307032	669915
307005	669904
306987	669897
306969	669891
306961	669888
306946	669876
306933	669869
306499	669681
306486	669669
306472	669662
306248	669575
306248	669575
306136	669532
306101	669517
306020	669476
306020	669476
305970	669458
305892	669416
305808	669372
305710	669326
305677	669309
305623	669279
305567	669252
305525	669227
305467	669188
305425	669156
305382	669124
305350	669092
305350	669092
305319	669063
305296	669045
305266	669027
305240	669016
305000	668935
304999	668935
304999	668935
304899	668902
304896	668901
304896	668901
304853	668888
304792	668868
304734	668848
304692	668833
304692	668833
304696	668818
304708	668795
304723	668768
304739	668760
304739	668760
304747	668749
304758	668725
304762	668716
304771	668700
304783	668680
304805	668639
304825	668602
304843	668565
304858	668535
304877	668500
304898	668456
304915	668422
304939	668377
304955	668347
304955	668347
304935	668342
304905	668324
304874	668303
304833	668282
304812	668269
304805	668262
304805	668262
304815	668236
304832	668194
304845	668160
304859	668127
304880	668068
304887	668047
304901	668014
304915	667978
304929	667941
304944	667905
304959	667871
304970	667833
304999	667775
304999	667775
305003	667766
305013	667743
305019	667728
305023	667717
305028	667701
305033	667689
305040	667673
305044	667659
305051	667643
305060	667617
305064	667604
305074	667575
305080	667558
305083	667548
305084	667544
305087	667534
305088	667530
305094	667508
305097	667492
305099	667480
305102	667467
305104	667450
305111	667429
305116	667409
305119	667401
305122	667388
305123	667385
305125	667378
305128	667367
305131	667356
305135	667345
305137	667337
305140	667324
305141	667319
305146	667303
305148	667293
305151	667283
305153	667278
305154	667272
305156	667265
305157	667262
305158	667258
305159	667253
305160	667249
305162	667240
305164	667233
305164	667226
305168	667207
305170	667201
305173	667182
305176	667171
305179	667156
305179	667156
305186	667134
305193	667096
305199	667069
305207	667028
305215	666986
305225	666932
305217	666902
305217	666902
305152	666875
305124	666867
305106	666865
305092	666867
305080	666874
305071	666886
305068	666901
305072	666948
305070	666995
305055	667058
305048	667075
305036	667089
305009	667102
305000	667105
305000	667105
304997	667106
304915	667108
304865	667118
304842	667120
304828	667118
304813	667114
304757	667088
304716	667073
304684	667066
304664	667070
304647	667069
304647	667069
304635	667069
304585	667048
304576	667042
304556	667015
304530	666972
304530	666972
304471	666918
304377	666849
304287	666772
304243	666749
304187	666735
304140	666734
304103	666743
304073	666766
304027	666801
303992	666811
303957	666813
303929	666807
303887	666798
303848	666791
303806	666780
303758	666774
303725	666780
303685	666801
303652	666826
303641	666847
303627	666868
303610	666888
303588	666902
303550	666915
303528	666917
303502	666913
303461	666898
303408	666867
303380	666849
303366	666829
303361	666810
303367	666793
303370	666770
303366	666751
303355	666734
303338	666716
303319	666708
303299	666708
303286	666715
303271	666734
303259	666764
303249	666781
303228	666797
303201	666801
303166	666799
303134	666794
303102	666798
303077	666799
303025	666802
302978	666802
302924	666799
302873	666793
302833	666788
302811	666781
302795	666756
302781	666733
302751	666703
302716	666694
302677	666689
302634	666684
302573	666683
302538	666682
302505	666687
302492	666682
302484	666668
302486	666656
302486	666656
302488	666645
302493	666615
302503	666590
302513	666571
302534	666554
302534	666554
302535	666552
302537	666548
302538	666544
302539	666538
302538	666534
302535	666525
302531	666516
302528	666508
302525	666493
302523	666486
302521	666479
302521	666470
302520	666466
302519	666461
302517	666458
302513	666452
302509	666446
302505	666442
302500	666436
302500	666436
302488	666430
302475	666427
302452	666426
302434	666430
302434	666430
302400	666431
302369	666428
302362	666426
302351	666419
302351	666419
302337	666421
302319	666401
302311	666392
302303	666384
302292	666378
302281	666370
302277	666369
302268	666373
302257	666380
302241	666390
302225	666400
302206	666407
302193	666411
302185	666412
302169	666410
302158	666408
302151	666406
302145	666399
302138	666390
302131	666380
302111	666358
302104	666349
302092	666336
302083	666325
302075	666315
302065	666306
302057	666301
302048	666294
302045	666291
302041	666285
302035	666275
302030	666266
302022	666254
302014	666242
302017	666212
302017	666212
302016	666212
301958	666167
301945	666159
301897	666140
301870	666125
301810	666103
301759	666075
301719	666057
301701	666040
301686	666010
301674	666001
301653	665998
301646	666000
301634	666007
301618	666025
301609	666042
301607	666049
301607	666057
301612	666073
301612	666081
301606	666093
301599	666100
301589	666101
301580	666098
301572	666094
301560	666081
301549	666064
301544	666052
301541	666036
301542	666025
301546	666016
301553	666005
301582	665977
301600	665946
301627	665922
301635	665910
301637	665900
301637	665891
301628	665851
301629	665842
301632	665836
301640	665827
301648	665821
301685	665802
301713	665803
301738	665801
301745	665795
301749	665780
301748	665754
301735	665702
301727	665648
301723	665643
301704	665637
301687	665629
301672	665618
301657	665604
301644	665588
301636	665574
301631	665561
301629	665547
301635	665499
301639	665490
301645	665485
301652	665483
301673	665485
301681	665483
301689	665477
301691	665466
301688	665441
301674	665396
301672	665320
301664	665265
301659	665217
301660	665202
301671	665171
301672	665159
301669	665147
301665	665136
301654	665122
301648	665109
301645	665095
301645	665085
301652	665073
301673	665045
301680	665042
301695	665040
301701	665037
301734	665015
301742	665005
301744	665000
301744	665000
301745	664997
301743	664986
301715	664940
301708	664924
301708	664913
301710	664906
301713	664903
301735	664897
301747	664889
301773	664858
301776	664852
301776	664845
301771	664825
301765	664813
301745	664792
301733	664784
301728	664783
301715	664785
301704	664794
301697	664802
301692	664805
301685	664807
301655	664804
301632	664799
301624	664795
301605	664781
301597	664771
301573	664735
301567	664715
301568	664706
301576	664691
301583	664683
301592	664676
301608	664669
301644	664664
301674	664654
301709	664635
301721	664625
301728	664614
301729	664609
301728	664602
301723	664588
301697	664553
301679	664514
301661	664486
301658	664476
301658	664463
301661	664452
301667	664443
301715	664403
301725	664393
301735	664379
301742	664366
301746	664354
301747	664340
301745	664323
301741	664312
301692	664233
301679	664209
301674	664196
301663	664159
301647	664118
301599	664051
301587	664041
301526	664013
301499	663994
301441	663944
301411	663914
301388	663894
301382	663883
301371	663849
301368	663827
301366	663801
301361	663791
301333	663750
301317	663717
301305	663710
301289	663706
301273	663704
301260	663699
301249	663687
301234	663663
301227	663656
301215	663656
301189	663675
301179	663677
301113	663669
301099	663663
301086	663654
301072	663643
301064	663634
301060	663627
301058	663619
301058	663608
301060	663592
301074	663541
301072	663526
301065	663511
301054	663500
301034	663486
301011	663478
300947	663446
300924	663433
300924	663433
300898	663422
300871	663409
300843	663398
300831	663394
300783	663384
300731	663373
300687	663362
300671	663355
300659	663344
300640	663317
300627	663305
300604	663288
300584	663272
300565	663239
300550	663231
300536	663231
300514	663236
300459	663246
300441	663243
300405	663229
300382	663216
300364	663193
300352	663179
300342	663183
300319	663199
300291	663211
300256	663213
300232	663208
300210	663197
300191	663187
300169	663170
300149	663165
300131	663164
300103	663164
300083	663157
300057	663142
300039	663131
300009	663107
299990	663092
299975	663066
299965	663049
299943	663022
299927	663006
299906	662983
299890	662970
299864	662959
299864	662959
299849	662959
299836	662967
299815	662986
299799	663003
299784	663014
299760	663026
299760	663026
299755	663036
299742	663062
299726	663078
299694	663099
299664	663110
299637	663106
299611	663099
299584	663092
299569	663086
299531	663061
299489	663038
299462	663029
299439	663039
299414	663057
299387	663087
299361	663117
299346	663128
299333	663128
299307	663122
299295	663119
299277	663110
299256	663090
299248	663075
299249	663061
299247	663046
299229	663004
299218	662977
299212	662967
299195	662952
299165	662939
299147	662933
299119	662922
299099	662912
299070	662895
299048	662886
298992	662860
298962	662851
298938	662846
298908	662844
298893	662841
298880	662831
298871	662811
298873	662799
298877	662792
298877	662779
298862	662765
298848	662761
298833	662762
298810	662769
298786	662781
298755	662793
298737	662804
298708	662821
298686	662831
298662	662842
298650	662841
298643	662836
298638	662828
298633	662811
298629	662801
298626	662784
298625	662759
298626	662740
298626	662729
298625	662706
298607	662699
298597	662689
298578	662672
298565	662661
298549	662654
298524	662641
298508	662638
298487	662634
298464	662628
298444	662621
298422	662606
298411	662595
298401	662573
298392	662553
298383	662544
298369	662535
298352	662528
298335	662524
298308	662523
298288	662523
298265	662525
298232	662532
298217	662529
298203	662524
298182	662513
298179	662506
298183	662491
298193	662471
298208	662446
298217	662432
298204	662425
298175	662419
298142	662417
298124	662411
298081	662391
298044	662382
298018	662376
297987	662373
297973	662372
297962	662367
297933	662358
297919	662356
297895	662359
297870	662361
297856	662354
297842	662338
297837	662317
297835	662302
297840	662294
297851	662286
297868	662274
297871	662266
297871	662250
297865	662241
297850	662232
297828	662217
297804	662202
297790	662190
297766	662175
297752	662167
297741	662162
297726	662167
297720	662174
297717	662190
297715	662214
297712	662224
297708	662223
297665	662205
297591	662181
297546	662168
297523	662159
297504	662146
297493	662139
297466	662111
297449	662091
297426	662065
297414	662050
297398	662026
297395	662023
297377	662007
297355	661989
297339	661971
297321	661946
297305	661925
297288	661910
297262	661905
297241	661901
297231	661895
297215	661880
297192	661861
297163	661854
297139	661859
297123	661867
297092	661881
297061	661889
297024	661900
296996	661902
296973	661900
296960	661896
296942	661885
296913	661858
296900	661838
296889	661813
296884	661787
296876	661760
296870	661743
296870	661743
296862	661732
296852	661724
296841	661717
296825	661711
296811	661707
296788	661706
296765	661707
296749	661707
296738	661709
296728	661713
296718	661714
296709	661712
296702	661710
296695	661701
296687	661689
296683	661678
296678	661659
296675	661648
296672	661639
296667	661629
296660	661617
296655	661610
296645	661600
296638	661592
296635	661584
296631	661575
296624	661566
296615	661556
296606	661549
296598	661545
296584	661542
296558	661536
296542	661533
296530	661531
296517	661526
296509	661522
296502	661514
296497	661510
296490	661509
296484	661511
296479	661517
296471	661528
296464	661540
296457	661552
296451	661559
296445	661566
296436	661573
296428	661577
296418	661578
296399	661580
296384	661577
296356	661570
296356	661570
296333	661564
296333	661564
296295	661552
296267	661537
296257	661527
296234	661493
296225	661485
296182	661473
296176	661474
296165	661478
296159	661478
296148	661473
296134	661462
296122	661444
296113	661422
296113	661417
296122	661407
296125	661400
296125	661393
296122	661385
296103	661365
296088	661346
296062	661335
296056	661329
296048	661317
296040	661290
296036	661283
296031	661280
296021	661277
295996	661288
295926	661290
295909	661294
295892	661304
295884	661304
295878	661300
295873	661292
295869	661268
295867	661246
295864	661240
295861	661237
295852	661234
295832	661231
295787	661232
295744	661226
295730	661221
295690	661195
295676	661174
295662	661135
295653	661097
295650	661091
295644	661087
295636	661084
295618	661087
295606	661076
295602	661075
295585	661085
295569	661101
295559	661106
295500	661087
295491	661079
295480	661059
295469	661026
295440	660962
295422	660914
295422	660914
295415	660908
295403	660891
295354	660821
295325	660776
295313	660764
295298	660765
295280	660771
295246	660777
295228	660773
295218	660772
295204	660779
295178	660786
295167	660784
295159	660776
295157	660756
295136	660738
295118	660722
295098	660716
295062	660708
295039	660704
295011	660695
295000	660691
294997	660682
294984	660675
294966	660664
294957	660658
294957	660650
294949	660641
294940	660638
294929	660638
294896	660633
294884	660626
294874	660620
294864	660596
294853	660577
294845	660553
294837	660533
294829	660518
294814	660494
294804	660480
294791	660460
294772	660436
294757	660413
294744	660399
294738	660396
294733	660399
294722	660415
294708	660431
294696	660435
294688	660441
294675	660452
294663	660455
294655	660454
294650	660451
294647	660437
294646	660419
294643	660412
294630	660403
294613	660395
294601	660383
294594	660380
294585	660379
294575	660384
294551	660397
294535	660401
294526	660400
294519	660391
294514	660377
294509	660370
294503	660360
294480	660342
294461	660324
294445	660307
294435	660293
294429	660291
294413	660293
294397	660286
294369	660262
294347	660248
294317	660248
294299	660249
294289	660247
294264	660243
294236	660252
294209	660269
294193	660273
294183	660272
294162	660262
294142	660247
294134	660239
294124	660236
294112	660236
294094	660232
294077	660226
294066	660224
294052	660221
294037	660215
294024	660205
294012	660196
293990	660179
293963	660160
293951	660156
293942	660160
293918	660178
293897	660187
293870	660205
293843	660214
293815	660214
293796	660203
293791	660198
293781	660173
293775	660153
293772	660130
293768	660115
293761	660092
293751	660068
293740	660059
293703	660029
293687	660017
293664	660007
293653	660005
293639	659997
293631	659989
293619	659976
293598	659945
293582	659931
293564	659904
293556	659900
293550	659893
293545	659885
293530	659859
293521	659838
293505	659812
293496	659804
293487	659801
293477	659804
293456	659810
293443	659810
293433	659800
293423	659775
293414	659752
293406	659721
293397	659708
293384	659693
293372	659689
293361	659690
293340	659697
293323	659708
293309	659716
293298	659716
293287	659708
293275	659696
293264	659669
293259	659642
293251	659614
293244	659602
293233	659587
293218	659583
293206	659586
293189	659597
293166	659602
293142	659603
293117	659615
293108	659612
293099	659606
293086	659580
293075	659564
293055	659547
293038	659545
293025	659551
293022	659561
293023	659572
293033	659584
293034	659597
293028	659605
293003	659616
292984	659614
292974	659622
292964	659633
292945	659640
292928	659639
292918	659631
292909	659612
292902	659599
292873	659566
292843	659532
292832	659530
292823	659537
292811	659540
292804	659535
292790	659528
292773	659524
292762	659517
292762	659507
292766	659493
292766	659480
292757	659460
292748	659442
292708	659394
292695	659374
292696	659361
292692	659344
292685	659328
292672	659320
292660	659320
292646	659328
292637	659333
292618	659336
292603	659329
292595	659315
292588	659294
292588	659294
292583	659290
292580	659283
292583	659272
292588	659262
292588	659257
292585	659254
292578	659248
292568	659246
292562	659248
292557	659252
292540	659298
292532	659309
292511	659321
292495	659327
292483	659327
292479	659326
292478	659325
292480	659322
292490	659316
292494	659310
292494	659307
292490	659304
292470	659302
292454	659305
292447	659308
292433	659320
292429	659338
292425	659343
292413	659352
292409	659365
292397	659370
292390	659375
292390	659380
292397	659386
292399	659391
292393	659402
292386	659403
292375	659399
292368	659399
292360	659407
292347	659415
292341	659429
292342	659434
292346	659437
292358	659435
292361	659440
292360	659451
292353	659462
292348	659464
292344	659464
292333	659460
292327	659455
292313	659455
292311	659460
292317	659474
292316	659478
292309	659480
292300	659479
292286	659490
292276	659495
292274	659506
292277	659525
292270	659535
292265	659536
292253	659526
292248	659524
292244	659526
292240	659529
292235	659538
292234	659552
292231	659556
292227	659559
292207	659567
292201	659576
292180	659591
292166	659600
292153	659601
292143	659600
292140	659592
292133	659591
292123	659607
292114	659611
292107	659619
292091	659626
292091	659645
292087	659686
292084	659689
292072	659695
292068	659708
292062	659717
292052	659722
292044	659721
292041	659725
292031	659754
292029	659767
292025	659779
292024	659788
292021	659797
292017	659823
292009	659839
292003	659844
291977	659846
291973	659849
291968	659875
291969	659880
291966	659898
291956	659920
291947	659920
291945	659922
291942	659929
291940	659938
291936	659943
291946	659959
291938	659965
291925	659965
291921	659967
291913	659975
291912	659983
291904	659990
291899	659982
291895	659981
291890	660000
291890	660000
291890	660000
291890	660005
291892	660008
291886	660021
291869	660036
291863	660037
291839	660079
291819	660074
291811	660079
291808	660084
291810	660096
291797	660108
291793	660109
291785	660106
291778	660101
291775	660101
291767	660106
291771	660114
291768	660120
291759	660122
291751	660120
291739	660125
291732	660124
291724	660124
291718	660135
291704	660142
291698	660163
291693	660169
291691	660179
291681	660184
291679	660184
291676	660179
291665	660181
291657	660188
291646	660191
291641	660194
291635	660192
291630	660192
291624	660198
291611	660205
291605	660206
291589	660214
291575	660215
291564	660218
291550	660227
291540	660243
291526	660282
291518	660309
291517	660322
291513	660334
291513	660334
291508	660349
291489	660378
291457	660420
291452	660429
291447	660434
291419	660476
291334	660599
291319	660604
291315	660607
291300	660656
291316	660720
291304	660770
291253	660859
291149	661018
291126	661053
291120	661066
291106	661110
291063	661272
290970	661634
290872	662009
290854	662153
290853	662155
290853	662155
290768	662803
290761	662868
290652	663713
290622	663959
290571	664087
290566	664094
290567	664101
290572	664111
290575	664115
290586	664121
290583	664125
290566	664131
290564	664134
290560	664150
290544	664253
290755	664392
290758	664395
290747	664413
290793	664416
290774	664711
290775	664737
290764	664874
290759	664964
290757	664971
290754	664972
290762	664973
290783	664962
290791	664962
290795	664966
290798	664975
290805	664982
290832	664995
290837	665000
290837	665000
290847	665008
290863	665013
290880	665013
290894	665011
290921	665000
290921	665000
290923	664998
290926	665000
290926	665000
290944	665006
291057	665020
291077	665032
291123	665052
291135	665063
291152	665075
291188	665105
291201	665111
291249	665116
291274	665115
291315	665109
291364	665123
291370	665128
291377	665135
291430	665176
291594	665306
291646	665346
291656	665352
291662	665359
291786	665456
291798	665466
291808	665471
292043	665540
292413	665646
292441	665657
292723	665742
293033	665839
293033	665839
293012	665849
293002	665859
292932	666023
292923	666049
292932	666273
292937	666298
292931	666458
292925	666504
292962	666608
292993	666684
293006	666761
292977	666797
292909	666870
292825	666903
292748	666930
292730	666939
292724	666943
292594	667061
292564	667089
292562	667094
292562	667099
292570	667109
292661	667165
292670	667168
292636	667194
292636	667194
292646	667217
292659	667226
292670	667234
292686	667245
292695	667252
292694	667260
292688	667295
292688	667305
292685	667318
292683	667337
292681	667349
292677	667377
292679	667392
292670	667400
292664	667409
292657	667419
292651	667423
292642	667424
292628	667422
292615	667421
292597	667419
292587	667418
292581	667414
292571	667406
292561	667399
292551	667392
292540	667384
292529	667375
292515	667363
292499	667350
292484	667338
292473	667329
292441	667310
292413	667299
292368	667287
292329	667277
292234	667248
292194	667236
292150	667222
292116	667212
292101	667210
292081	667217
292059	667227
292040	667243
292001	667280
291978	667300
291946	667317
291924	667321
291903	667314
291884	667305
291864	667297
291828	667279
291788	667260
291723	667230
291694	667214
291642	667189
291587	667162
291574	667159
291536	667153
291495	667145
291463	667140
291427	667128
291378	667112
291325	667097
291297	667086
291269	667080
291249	667074
291230	667068
291215	667065
291205	667064
291197	667074
291188	667102
291184	667115
291174	667142
291172	667147
291167	667161
291156	667186
291143	667217
291138	667228
291132	667243
291119	667271
291117	667277
291114	667285
291110	667294
291104	667304
291101	667313
291096	667323
291092	667332
291088	667343
291084	667354
291079	667365
291076	667372
291076	667372
291072	667371
291058	667371
291042	667373
291030	667375
291017	667375
291000	667378
290986	667377
290978	667373
290972	667368
290968	667361
290968	667356
290969	667351
290972	667344
290972	667337
290969	667327
290968	667318
290965	667311
290965	667307
290965	667301
290959	667299
290953	667297
290941	667296
290931	667296
290922	667296
290918	667293
290915	667288
290911	667281
290907	667273
290904	667264
290900	667256
290895	667252
290884	667249
290877	667251
290870	667254
290862	667257
290850	667257
290839	667255
290829	667251
290815	667245
290808	667242
290801	667237
290793	667227
290788	667220
290781	667216
290770	667211
290759	667207
290754	667207
290752	667208
290748	667213
290740	667224
290736	667224
290730	667223
290712	667216
290700	667213
290688	667209
290681	667204
290677	667199
290671	667188
290663	667171
290658	667168
290652	667165
290644	667163
290628	667161
290615	667162
290605	667163
290595	667164
290588	667163
290582	667162
290576	667158
290569	667153
290559	667146
290550	667140
290536	667131
290526	667124
290518	667119
290512	667118
290502	667119
290496	667122
290483	667131
290472	667139
290456	667150
290449	667155
290443	667158
290438	667157
290429	667151
290420	667147
290414	667143
290405	667135
290398	667130
290390	667127
290379	667123
290365	667118
290354	667114
290344	667113
290338	667112
290332	667107
290323	667102
290315	667096
290304	667094
290294	667092
290282	667089
290273	667086
290253	667078
290240	667074
290225	667072
290210	667071
290205	667069
290202	667066
290197	667056
290191	667046
290182	667035
290175	667028
290168	667020
290158	667013
290149	667007
290140	667002
290125	666993
290115	666987
290100	666979
290084	666970
290069	666961
290058	666956
290048	666951
290037	666947
290025	666945
290014	666942
290004	666937
289994	666936
289982	666923
289974	666919
289965	666920
289950	666925
289940	666928
289907	666937
289881	666941
289862	666938
289852	666933
289849	666935
289844	666933
289837	666925
289828	666918
289815	666911
289803	666916
289773	666929
289756	666941
289748	666941
289737	666942
289725	666945
289713	666947
289693	666954
289662	666962
289646	666973
289641	666983
289634	666992
289627	667006
289619	667015
289608	667018
289592	667013
289575	667011
289561	667010
289550	667013
289538	667020
289527	667028
289518	667033
289504	667037
289488	667036
289466	667027
289450	667021
289438	667018
289428	667015
289414	667011
289399	667009
289384	667006
289356	667008
289338	667014
289333	667020
289332	667030
289331	667040
289326	667048
289317	667055
289309	667058
289286	667057
289276	667050
289264	667037
289245	667019
289236	667009
289225	667004
289219	667006
289212	667014
289200	667028
289186	667038
289178	667038
289171	667031
289165	667016
289165	666997
289169	666985
289172	666972
289175	666963
289181	666953
289200	666932
289206	666907
289207	666891
289207	666872
289205	666867
289207	666858
289210	666849
289216	666824
289217	666780
289212	666771
289204	666767
289192	666762
289171	666753
289153	666742
289143	666733
289143	666733
289130	666728
289123	666724
289111	666713
289090	666691
289080	666685
289047	666624
289040	666616
289026	666605
289015	666591
288999	666570
288981	666542
288973	666515
288962	666500
288947	666473
288937	666448
288926	666413
288912	666386
288909	666368
288900	666353
288896	666335
288888	666316
288869	666263
288863	666251
288859	666233
288843	666214
288838	666211
288824	666208
288803	666221
288788	666225
288756	666215
288745	666210
288725	666209
288720	666213
288716	666226
288711	666231
288681	666232
288671	666234
288644	666253
288634	666255
288612	666244
288602	666244
288597	666247
288592	666255
288590	666264
288592	666287
288589	666301
288583	666308
288561	666311
288534	666323
288524	666323
288513	666319
288508	666320
288499	666331
288494	666347
288490	666357
288480	666365
288475	666365
288458	666356
288446	666358
288440	666358
288420	666342
288363	666314
288358	666306
288355	666285
288351	666277
288347	666274
288338	666273
288253	666157
288242	666147
287935	666017
287899	666000
287758	665941
287754	665941
287746	665945
287658	666000
287548	666072
287439	666079
287385	666086
287363	666092
287322	666108
287295	666144
287295	666144
287341	666166
287342	666171
287289	666257
286990	666728
286993	666731
286894	666897
286751	667120
286745	667127
286732	667132
286686	667134
286344	667136
286344	667138
286229	667136
286073	667138
285874	667569
285870	667574
285854	667583
285866	667593
285875	667603
285890	667607
285892	667610
285891	667616
285864	667670
285841	667711
285779	667834
285757	667871
285757	667877
285765	667888
285800	667935
285810	667949
285813	667957
285810	667969
285764	668061
285750	668085
285717	668114
285700	668133
285682	668146
285668	668151
285663	668155
285661	668161
285663	668172
285662	668177
285660	668179
285647	668175
285641	668179
285582	668226
285577	668234
285583	668248
285589	668270
285597	668277
285608	668293
285629	668310
285637	668323
285647	668334
285652	668342
285664	668342
285680	668346
285687	668344
285696	668337
285705	668333
285733	668332
285753	668325
285768	668318
285777	668319
285784	668323
285793	668334
285801	668354
285804	668356
285814	668357
285816	668368
285821	668370
285826	668368
285834	668380
285844	668387
285848	668404
285850	668407
285859	668408
285868	668401
285880	668413
285889	668415
285897	668420
285936	668416
285944	668418
285957	668425
285979	668443
285997	668451
286026	668477
286041	668496
286107	668532
286129	668542
286129	668542
286192	668418
286612	668491
286781	668525
286913	668548
286924	668545
286929	668548
286933	668552
286946	668551
286953	668554
286960	668560
286962	668572
286966	668578
286971	668580
286994	668580
287000	668591
287008	668596
287023	668599
287050	668594
287054	668596
287068	668609
287078	668612
287110	668616
287115	668622
287119	668624
287139	668624
287146	668622
287151	668617
287151	668610
287154	668607
287158	668607
287165	668613
287184	668614
287189	668622
287208	668633
287228	668644
287254	668654
287265	668663
287272	668666
287292	668661
287305	668655
287315	668654
287325	668656
287335	668662
287403	668664
287423	668669
287440	668678
287496	668703
287511	668714
287520	668717
287534	668719
287548	668728
287614	668777
287615	668784
287618	668787
287631	668792
287634	668798
287644	668809
287661	668837
287669	668841
287674	668847
287680	668850
287698	668851
287733	668862
287765	668868
287818	668863
287846	668866
287963	668907
288022	668924
288079	668922
288201	668922
288373	668952
288381	668955
288400	668956
288413	668961
288426	668960
288440	668964
288446	668968
288455	668965
288466	668971
288470	668968
288469	668964
288471	668961
288479	668960
288485	668965
288485	668969
288481	668977
288482	668980
288493	668980
288497	668978
288505	668979
288509	668976
288513	668976
288517	668978
288517	668981
288512	668984
288512	668989
288519	668991
288523	668995
288543	668992
288546	668989
288551	668990
288555	668986
288562	668986
288570	668991
288577	669004
288582	669002
288585	669006
288590	669005
288593	669008
288598	669010
288600	669014
288600	669018
288602	669024
288594	669031
288591	669040
288593	669043
288598	669046
288604	669046
288608	669045
288629	669052
288645	669049
288650	669043
288660	669048
288667	669047
288673	669048
288675	669050
288675	669054
288691	669072
288695	669084
288699	669089
288699	669094
288701	669095
288704	669095
288706	669098
288713	669098
288717	669100
288719	669106
288725	669112
288729	669118
288733	669120
288735	669127
288731	669130
288726	669128
288714	669125
288708	669125
288706	669127
288704	669133
288709	669138
288710	669144
288709	669146
288704	669148
288699	669159
288701	669185
288699	669188
288690	669191
288687	669195
288687	669199
288716	669226
288721	669234
288732	669235
288736	669238
288736	669243
288741	669249
288739	669258
288744	669267
288740	669277
288741	669279
288744	669281
288759	669280
288764	669282
288773	669299
288774	669304
288773	669306
288757	669311
288755	669316
288755	669324
288747	669334
288747	669338
288750	669341
288754	669339
288756	669336
288758	669337
288764	669347
288762	669354
288753	669360
288750	669382
288768	669397
288779	669400
288781	669396
288778	669392
288778	669388
288782	669387
288786	669384
288795	669383
288802	669375
288806	669374
288809	669376
288812	669380
288814	669398
288813	669419
288814	669422
288821	669425
288829	669425
288852	669410
288858	669410
288863	669412
288879	669431
288883	669456
288897	669485
288906	669498
288918	669512
288924	669521
288935	669529
288944	669530
288955	669541
288967	669560
288978	669572
288988	669579
289004	669585
289018	669598
289029	669601
289041	669599
289049	669595
289053	669599
289054	669604
289057	669607
289091	669612
289108	669607
289129	669605
289148	669595
289154	669593
289178	669611
289191	669617
289197	669622
289213	669628
289227	669630
289257	669631
289277	669622
289286	669620
289308	669620
289325	669648
289333	669668
289342	669674
289349	669675
289368	669673
289375	669674
289382	669678
289389	669685
289395	669689
289412	669694
289462	669691
289487	669696
289506	669690
289509	669691
289517	669703
289521	669706
289528	669709
289553	669713
289562	669716
289569	669722
289572	669732
289576	669740
289589	669751
289590	669758
289587	669768
289587	669778
289589	669784
289600	669796
289615	669805
289620	669802
289620	669794
289623	669792
289637	669794
289644	669799
289646	669805
289647	669814
289643	669820
289633	669824
289629	669828
289627	669843
289621	669858
289622	669866
289633	669894
289637	669918
289644	669939
289642	669947
289630	669960
289629	669965
289635	669970
289665	669981
289674	669981
289683	669975
289688	669973
289695	669976
289699	669983
289699	669993
289697	670000
289697	670000
289697	670000
289688	670010
289687	670015
289689	670023
289697	670030
289708	670031
289722	670020
289737	670020
289740	670022
289747	670032
289763	670031
289787	670037
289795	670040
289810	670048
289814	670058
289817	670083
289816	670119
289811	670134
289812	670139
289818	670152
289818	670161
289819	670166
289823	670169
289837	670174
289831	670191
289830	670208
289839	670220
289839	670240
289846	670252
289850	670266
289853	670268
289858	670267
289860	670265
289861	670260
289864	670258
289869	670259
289883	670275
289901	670285
289904	670291
289903	670309
289916	670329
289919	670346
289924	670351
289959	670372
289963	670380
289964	670389
289966	670392
289972	670393
289986	670383
289991	670381
290000	670385
290003	670388
290003	670388
290003	670388
290006	670395
290005	670412
290009	670427
290012	670433
290025	670438
290028	670442
290056	670503
290077	670559
290077	670569
290075	670574
290072	670576
290069	670576
290054	670571
290049	670572
290046	670574
290041	670596
290033	670605
290028	670605
290008	670597
290004	670597
290000	670601
290000	670601
290000	670601
289979	670639
289977	670645
289980	670649
289983	670649
289992	670647
289996	670648
290000	670652
290000	670652
290005	670657
290006	670661
290005	670664
290000	670671
290000	670671
289997	670674
289981	670683
289968	670694
289949	670704
289944	670710
289945	670713
289972	670727
289977	670735
289978	670743
289982	670750
289987	670772
289987	670780
289984	670786
289973	670792
289969	670797
289969	670824
289973	670831
289981	670839
289998	670849
290000	670849
290000	670849
290037	670860
290042	670858
290062	670840
290069	670838
290074	670841
290081	670849
290087	670870
290117	670879
290126	670878
290141	670874
290149	670873
290160	670873
290169	670876
290176	670880
290184	670890
290185	670896
290183	670913
290183	670920
290195	670948
290200	670954
290207	670955
290213	670951
290220	670941
290224	670937
290243	670927
290256	670925
290268	670926
290273	670931
290274	670934
290271	670944
290272	670951
290274	670955
290280	670962
290287	670964
290301	670964
290338	670958
290344	670963
290353	670977
290382	670987
290402	671000
290403	671005
290401	671008
290386	671025
290389	671034
290400	671045
290408	671047
290415	671045
290423	671029
290430	671025
290450	671028
290458	671032
290463	671036
290470	671045
290476	671063
290446	671066
290443	671068
290442	671072
290449	671096
290455	671100
290469	671102
290469	671105
290465	671111
290459	671115
290442	671118
290439	671121
290439	671125
290460	671159
290476	671164
290492	671178
290547	671192
290549	671197
290545	671208
290548	671213
290554	671216
290572	671212
290579	671214
290586	671229
290600	671248
290608	671267
290608	671272
290606	671279
290600	671286
290589	671293
290571	671299
290560	671299
290551	671302
290549	671305
290548	671313
290552	671340
290557	671352
290561	671355
290569	671355
290571	671358
290569	671369
290570	671391
290572	671394
290577	671394
290585	671391
290593	671393
290600	671392
290609	671375
290615	671373
290621	671375
290625	671380
290635	671401
290640	671401
290655	671395
290676	671401
290680	671405
290681	671412
290672	671444
290669	671447
290660	671451
290659	671455
290673	671487
290678	671491
290689	671497
290694	671502
290692	671527
290685	671540
290685	671550
290689	671567
290702	671588
290711	671614
290717	671622
290744	671637
290786	671641
290792	671640
290812	671626
290850	671615
290855	671619
290862	671636
290869	671639
290888	671640
290894	671639
290948	671599
290961	671598
290967	671601
290972	671610
290979	671644
290986	671652
290993	671656
291009	671662
291028	671657
291038	671658
291053	671666
291061	671676
291070	671680
291073	671679
291083	671667
291089	671664
291097	671664
291136	671682
291142	671688
291141	671714
291144	671735
291148	671741
291155	671740
291167	671736
291184	671725
291201	671726
291212	671723
291216	671724
291217	671734
291211	671756
291218	671790
291221	671854
291227	671875
291227	671880
291224	671886
291221	671889
291201	671895
291195	671899
291186	671914
291184	671923
291189	671940
291191	671942
291195	671943
291211	671940
291220	671942
291237	671950
291241	671957
291240	671968
291234	671983
291233	671989
291244	672014
291241	672019
291216	672045
291209	672057
291209	672060
291212	672070
291242	672095
291248	672106
291247	672113
291238	672118
291235	672122
291237	672136
291235	672141
291227	672150
291227	672153
291239	672172
291240	672187
291247	672211
291246	672226
291249	672256
291259	672264
291275	672273
291296	672278
291304	672283
291313	672300
291320	672323
291379	672384
291437	672457
291438	672473
291446	672481
291472	672487
291488	672499
291540	672467
291603	672478
291605	672482
291610	672486
291628	672491
291675	672492
291688	672500
291736	672551
291742	672571
291765	672599
291770	672608
291804	672603
291862	672591
291890	672588
291901	672590
291904	672594
291905	672603
291902	672614
291897	672624
291886	672636
291866	672652
291856	672663
291853	672667
291850	672681
291851	672690
291856	672697
291889	672719
292000	672777
292038	672794
292047	672795
292073	672793
292095	672785
292117	672781
292155	672790
292161	672791
292161	672791
292200	672802
292229	672801
292247	672798
292260	672790
292272	672773
292300	672723
292311	672704
292311	672704
292333	672681
292352	672669
292359	672673
292359	672673
292395	672660
292425	672641
292437	672634
292445	672635
292447	672635
292456	672641
292470	672669
292484	672699
292484	672699
292485	672699
292525	672718
292550	672724
292595	672737
292610	672737
292618	672735
292667	672708
292707	672692
292717	672691
292732	672692
292786	672707
292822	672714
292847	672716
292863	672716
292863	672716
292880	672710
292890	672696
292893	672674
292901	672611
292901	672611
292901	672602
292908	672567
292914	672553
292919	672548
292939	672545
292965	672546
292993	672550
293037	672546
293059	672546
293114	672537
293157	672523
293214	672510
293238	672506
293287	672504
293306	672510
293327	672521
293335	672529
293347	672547
293353	672561
293355	672568
293360	672631
293364	672649
293371	672665
293380	672681
293385	672686
293393	672690
293407	672692
293419	672692
293449	672684
293490	672677
293508	672679
293529	672685
293529	672685
293561	672692
293594	672696
293606	672694
293621	672687
293630	672676
293637	672660
293648	672627
293654	672609
293654	672609
293678	672591
293683	672588
293687	672588
293704	672595
293742	672616
293798	672660
293904	672711
293916	672729
293922	672749
293924	672764
293926	672805
293924	672826
293928	672870
293933	672899
293933	672910
293932	672929
293935	673000
293947	673065
293956	673088
293963	673102
293974	673112
293985	673117
293996	673118
294028	673114
294036	673113
294044	673108
294056	673093
294069	673067
294080	673050
294088	673041
294099	673036
294108	673034
294120	673035
294142	673040
294167	673049
294193	673062
294203	673064
294258	673068
294271	673067
294315	673055
294349	673041
294356	673037
294367	673026
294421	673000
294462	672988
294497	672981
294502	672982
294510	672984
294519	672991
294526	672998
294534	673026
294542	673041
294546	673044
294560	673053
294569	673053
294591	673059
294628	673082
294647	673092
294683	673106
294718	673116
294732	673123
294771	673157
294792	673177
294825	673213
294838	673231
294861	673267
294875	673295
294904	673339
294926	673383
294948	673410
294956	673417
294962	673419
294971	673418
295000	673409
295000	673409
295000	673409
295102	673405
295209	673397
295264	673399
295303	673408
295324	673417
295360	673441
295377	673458
295400	673490
295426	673512
295432	673516
295437	673526
295441	673549
295448	673560
295459	673574
295459	673574
295483	673602
295538	673672
295562	673706
295580	673720
295604	673735
295614	673739
295628	673741
295642	673738
295660	673730
295675	673712
295711	673647
295725	673634
295733	673630
295742	673629
295749	673631
295756	673637
295879	673699
295950	673744
295963	673757
295966	673767
295966	673775
295953	673799
295950	673817
295951	673841
295959	673909
295961	673942
295959	674032
295955	674053
295951	674066
295934	674093
295923	674105
295915	674110
295902	674111
295859	674107
295827	674112
295793	674113
295775	674117
295748	674127
295703	674156
295674	674181
295653	674205
295641	674226
295638	674246
295646	674305
295646	674327
295644	674337
295636	674361
295637	674377
295629	674413
295627	674425
295610	674450
295573	674511
295567	674526
295556	674564
295548	674601
295547	674655
295550	674678
295554	674692
295559	674699
295597	674737
295630	674763
295663	674781
295677	674785
295689	674785
295707	674781
295748	674768
295778	674767
295800	674768
295830	674776
295865	674791
295884	674803
295907	674822
295920	674841
295932	674872
295950	674930
295955	674970
295955	675000
295955	675000
295956	675041
295958	675057
295963	675070
295979	675092
295992	675103
296010	675110
296060	675117
296083	675123
296096	675129
296114	675149
296121	675161
296128	675178
296138	675232
296160	675298
296175	675380
296190	675406
296203	675419
296223	675432
296246	675440
296259	675443
296292	675442
296323	675436
296372	675418
296390	675406
296395	675400
296397	675393
296397	675387
296394	675378
296378	675360
296374	675350
296377	675337
296388	675326
296471	675282
296505	675258
296514	675253
296531	675250
296581	675247
296599	675244
296630	675232
296696	675200
296714	675198
296740	675202
296788	675219
296873	675242
296888	675250
296902	675261
296907	675268
296912	675283
296913	675295
296911	675309
296908	675320
296886	675352
296880	675367
296877	675383
296871	675442
296857	675519
296845	675554
296817	675607
296812	675622
296809	675645
296808	675696
296806	675702
296801	675710
296792	675716
296739	675740
296680	675761
296657	675776
296634	675799
296631	675808
296631	675821
296644	675843
296652	675862
296663	675881
296672	675888
296680	675889
296695	675888
296726	675882
296749	675875
296780	675864
296794	675861
296825	675859
296896	675847
296917	675846
296939	675849
296962	675861
296981	675880
296982	675892
296978	675904
296963	675915
296953	675934
296949	675951
296951	675962
296962	675976
297000	676017
297037	676054
297107	676096
297129	676115
297143	676135
297147	676155
297143	676264
297147	676299
297162	676340
297173	676361
297178	676367
297188	676376
297195	676386
297219	676400
297262	676420
297287	676428
297302	676431
297322	676428
297343	676422
297412	676398
297429	676395
297448	676401
297464	676408
297473	676415
297513	676477
297520	676487
297529	676496
297571	676526
297594	676538
297608	676539
297628	676536
297655	676529
297703	676513
297725	676507
297731	676507
297753	676516
297778	676533
297788	676542
297813	676571
297832	676599
297854	676624
297888	676648
297936	676672
297978	676687
297994	676694
298034	676724
298079	676763
298100	676775
298157	676800
298191	676809
298202	676814
298230	676828
298246	676839
298259	676851
298270	676865
298277	676882
298274	676899
298253	676930
298253	676930
298246	676966
298247	676990
298249	677000
298262	677021
298282	677051
298298	677079
298329	677144
298378	677238
298381	677248
298375	677293
298371	677309
298328	677394
298286	677465
298281	677489
298266	677527
298261	677552
298260	677578
298256	677599
298250	677643
298243	677715
298243	677745
298247	677762
298261	677802
298277	677827
298291	677839
298304	677848
298329	677863
298345	677868
298364	677871
298389	677869
298423	677847
298451	677837
298471	677826
298481	677823
298509	677823
298533	677826
298544	677829
298555	677835
298562	677846
298565	677858
298565	677877
298559	677926
298560	677964
298563	677982
298575	678015
298582	678029
298608	678053
298619	678068
298621	678081
298617	678092
298617	678092
298566	678145
298541	678170
298519	678204
298502	678236
298469	678258
298434	678270
298410	678273
298362	678268
298316	678267
298270	678265
298243	678277
298210	678295
298170	678292
298133	678273
298076	678252
298028	678242
297985	678236
297948	678234
297900	678242
297875	678249
297857	678250
297829	678244
297808	678235
297784	678228
297753	678229
297722	678253
297703	678275
297694	678293
297695	678321
297695	678354
297686	678382
297667	678402
297628	678411
297571	678405
297531	678407
297467	678419
297417	678427
297362	678443
297325	678451
297299	678452
297260	678440
297216	678413
297081	678357
297041	678347
297009	678347
296984	678358
296960	678401
296930	678476
296908	678511
296861	678517
296804	678531
296752	678554
296752	678554
296692	678567
296673	678572
296652	678580
296616	678600
296565	678605
296521	678613
296495	678620
296472	678633
296466	678640
296462	678650
296458	678685
296452	678714
296441	678730
296417	678750
296414	678760
296400	678827
296410	678892
296411	678917
296407	678947
296402	678973
296396	678990
296380	679016
296368	679031
296346	679050
296335	679058
296314	679065
296297	679069
296284	679070
296276	679069
296221	679053
296195	679050
296183	679051
296142	679066
296102	679091
296049	679129
296033	679136
295970	679174
295912	679203
295891	679216
295865	679239
295861	679249
295857	679270
295852	679279
295797	679361
295766	679398
295747	679418
295728	679430
295691	679447
295674	679460
295662	679466
295559	679505
295540	679516
295528	679526
295489	679576
295483	679593
295479	679612
295474	679623
295428	679686
295417	679702
295405	679712
295393	679719
295384	679721
295375	679720
295366	679717
295314	679686
295259	679665
295221	679642
295208	679637
295184	679634
295133	679636
295084	679633
295048	679622
295037	679620
295000	679624
295000	679624
294979	679626
294966	679629
294947	679637
294934	679645
294926	679654
294889	679671
294877	679679
294855	679696
294822	679725
294810	679731
294795	679734
294752	679735
294702	679733
294671	679728
294625	679717
294563	679697
294525	679690
294482	679678
294462	679677
294443	679680
294428	679686
294420	679699
294418	679707
294426	679727
294454	679778
294466	679795
294466	679795
294477	679807
294477	679807
294502	679834
294517	679844
294549	679853
294560	679854
294564	679855
294574	679856
294594	679863
294605	679864
294615	679861
294637	679846
294662	679841
294678	679842
294694	679849
294707	679863
294717	679878
294721	679894
294723	679908
294722	679930
294714	679975
294706	680000
294706	680000
294676	680071
294662	680126
294656	680143
294630	680198
294607	680234
294567	680286
294563	680297
294562	680314
294565	680323
294570	680333
294585	680350
294612	680372
294635	680387
294659	680395
294726	680401
294756	680406
294756	680406
294843	680363
294904	680321
294931	680272
294933	680231
294896	680143
294952	680097
