1
6721
0
399971	825263
399983	825261
399985	825271
399991	825289
399995	825302
399997	825312
400000	825322
400002	825318
400003	825310
400003	825306
400003	825300
400002	825297
400002	825292
400004	825293
400012	825298
400016	825306
400022	825319
400030	825330
400037	825336
400040	825341
400040	825346
400038	825361
400036	825375
400036	825382
400038	825390
400042	825398
400048	825405
400054	825412
400058	825416
400061	825423
400068	825435
400075	825448
400079	825459
400082	825468
400086	825480
400090	825491
400091	825495
400094	825505
400097	825515
400099	825526
400101	825534
400102	825541
400104	825550
400106	825561
400108	825570
400111	825576
400113	825581
400119	825588
400129	825598
400136	825609
400145	825618
400150	825623
400154	825626
400162	825632
400167	825633
400178	825635
400189	825636
400203	825634
400212	825632
400221	825629
400234	825622
400262	825602
400276	825593
400284	825589
400296	825580
400303	825578
400305	825577
400305	825579
400306	825580
400307	825581
400310	825578
400317	825572
400321	825567
400324	825563
400328	825552
400332	825545
400340	825535
400341	825533
400339	825532
400331	825535
400323	825539
400318	825544
400315	825550
400313	825558
400312	825560
400310	825560
400307	825558
400306	825554
400306	825548
400309	825541
400312	825537
400316	825532
400324	825527
400337	825524
400356	825521
400373	825521
400385	825520
400392	825517
400405	825506
400421	825493
400438	825482
400448	825475
400457	825473
400465	825470
400473	825468
400476	825466
400489	825464
400502	825465
400513	825468
400526	825474
400535	825481
400543	825486
400553	825489
400586	825497
400602	825500
400619	825504
400639	825506
400652	825507
400658	825508
400663	825510
400680	825519
400691	825525
400700	825529
400707	825530
400707	825530
400716	825528
400721	825523
400727	825509
400741	825420
400763	825346
400791	825259
400789	825209
400774	825098
400749	825022
400749	824989
400749	824989
400719	824843
400678	824753
400593	824668
400520	824599
400509	824574
400511	824538
400555	824472
400780	824224
400876	824123
401539	823558
402723	822533
404383	821118
404787	820781
405353	820280
405353	820280
405150	820077
404978	819736
404725	819297
404708	819234
404518	818776
404316	818344
404219	817985
403831	817152
403794	817036
403444	816173
403362	815973
403202	815377
402793	814499
402726	814404
402662	814185
402514	813868
402439	813603
402282	813265
402215	812952
402143	812700
402139	812656
402009	812166
401945	811897
401741	811235
401644	810813
401628	810772
401621	810729
401608	810653
401539	810396
401523	810313
401446	809966
401322	809539
401286	809389
401266	809300
401573	809086
402132	808285
402226	808150
402315	807960
402315	807960
401347	808002
400335	808015
399882	807998
399488	807936
399197	807883
398863	807750
398480	807549
398142	807317
397713	806960
397223	806603
396800	806220
396554	806037
396554	806037
396392	805941
396231	805839
396203	805823
396162	805803
396125	805782
396108	805769
396063	805742
396015	805709
396000	805701
395984	805700
395976	805697
395951	805676
395927	805648
395911	805632
395900	805625
395884	805619
395821	805606
395821	805606
395792	805600
395764	805593
395731	805582
395717	805576
395717	805576
395699	805569
395662	805550
395629	805527
395608	805515
395608	805515
395581	805486
395558	805456
395558	805456
395499	805430
395450	805422
395393	805420
395289	805418
395227	805422
395150	805432
395080	805431
395018	805434
394895	805444
394715	805455
394638	805450
394638	805450
394590	805430
394567	805419
394533	805397
394495	805367
394440	805311
394409	805272
394390	805243
394372	805213
394362	805194
394353	805170
394330	805098
394322	805063
394318	805030
394316	805000
394316	805000
394316	804998
394317	804968
394316	804948
394319	804937
394327	804926
394331	804916
394332	804910
394330	804894
394324	804871
394310	804853
394302	804830
394293	804793
394288	804752
394282	804733
394275	804694
394275	804682
394279	804651
394280	804632
394278	804622
394272	804607
394290	804554
394297	804511
394297	804511
394299	804501
394299	804486
394296	804450
394291	804416
394283	804394
394268	804366
394252	804339
394236	804317
394214	804292
394185	804264
394126	804216
394089	804201
394064	804184
394051	804177
394012	804158
393989	804150
393961	804137
393941	804133
393917	804122
393890	804113
393844	804102
393830	804104
393777	804119
393731	804127
393675	804140
393642	804151
393570	804181
393570	804181
393570	804181
393500	804208
393471	804215
393428	804221
393393	804221
393375	804219
393340	804212
393311	804199
393233	804160
393215	804148
393203	804139
393145	804077
393116	804041
393084	803990
393039	803914
393005	803842
392977	803773
392960	803728
392911	803579
392901	803557
392901	803557
392868	803493
392803	803391
392803	803391
392787	803367
392743	803308
392689	803223
392645	803169
392632	803154
392606	803135
392573	803114
392545	803098
392464	803060
392464	803060
392402	803040
392311	803015
392201	803000
392197	803000
392163	802997
392163	802998
392049	802985
391984	802982
391936	802969
391895	802961
391868	802953
391851	802950
391740	802945
391683	802945
391625	802938
391454	802944
391427	802941
391396	802933
391361	802929
391361	802929
391348	802925
391335	802919
391314	802906
391265	802862
391182	802775
391137	802730
391077	802683
391035	802657
390915	802597
390894	802588
390866	802580
390771	802567
390724	802558
390641	802532
390445	802457
390397	802444
390388	802443
390333	802457
390315	802463
390269	802486
390104	802577
390064	802593
390017	802606
390000	802608
390000	802608
389971	802611
389944	802612
389908	802608
389855	802598
389802	802594
389737	802592
389721	802590
389702	802586
389682	802578
389616	802539
389590	802519
389570	802500
389547	802483
389530	802468
389516	802454
389497	802423
389481	802385
389456	802297
389446	802250
389441	802188
389436	802153
389422	802095
389394	802023
389365	801972
389334	801905
389312	801873
389312	801873
389263	801814
389206	801803
389134	801796
389105	801791
389059	801864
389054	801867
389021	801880
388965	801922
388940	801933
388910	801939
388882	801943
388848	801946
388826	801946
388809	801944
388768	801935
388719	801914
388706	801913
388680	801916
388666	801912
388646	801902
388628	801888
388612	801870
388601	801852
388594	801838
388569	801754
388559	801706
388547	801632
388539	801605
388531	801589
388516	801573
388500	801559
388473	801540
388417	801518
388301	801485
388268	801478
388232	801475
388202	801479
388186	801484
388154	801506
388088	801541
388070	801544
388041	801557
388000	801559
387991	801563
387967	801580
387961	801583
387947	801583
387909	801570
387856	801563
387812	801544
387786	801530
387716	801482
387680	801461
387644	801445
387608	801431
387596	801424
387553	801392
387529	801376
387493	801361
387429	801341
387402	801322
387393	801313
387386	801293
387395	801256
387396	801241
387393	801228
387386	801210
387378	801197
387370	801187
387357	801176
387324	801159
387236	801125
387197	801113
387036	801068
387000	801106
386951	801153
386924	801177
386908	801194
386888	801208
386860	801222
386842	801227
386809	801231
386772	801225
386703	801225
386684	801223
386652	801210
386634	801200
386534	801116
386470	801016
386456	801000
386448	800993
386429	800982
386406	800972
386412	800965
386405	800953
386207	800682
386210	800659
386202	800623
386189	800601
386169	800579
386137	800548
386083	800498
386045	800470
386000	800450
385938	800428
385938	800428
385885	800397
385810	800371
385757	800354
385714	800341
385714	800341
385628	800292
385550	800247
385543	800246
385539	800246
385534	800241
385505	800237
385483	800233
385461	800229
385447	800225
385413	800214
385378	800202
385372	800199
385367	800200
385244	800257
385176	800288
385085	800329
385026	800357
385008	800367
384992	800374
384921	800421
384862	800462
384794	800508
384745	800542
384720	800554
384681	800578
384681	800578
384656	800574
384469	800531
384382	800501
384359	800490
384340	800478
384315	800451
384304	800433
384295	800408
384282	800341
384282	800317
384288	800242
384307	800041
384312	800000
384312	800000
384312	800000
384315	799988
384326	799966
384327	799958
384326	799938
384326	799916
384347	799799
384350	799756
384352	799681
384348	799614
384341	799577
384328	799529
384322	799514
384308	799473
384303	799453
384297	799438
384284	799413
384269	799389
384245	799356
384225	799325
384183	799289
384091	799190
383949	799044
383941	799034
383930	799016
383930	799016
383921	799000
383890	798945
383872	798922
383860	798899
383752	798761
383743	798752
383725	798739
383696	798722
383598	798679
383557	798665
383534	798659
383479	798647
383440	798631
383413	798624
383349	798613
383329	798615
383292	798629
383270	798635
383223	798643
383192	798654
383072	798707
382948	798738
382852	798760
382810	798764
382773	798764
382736	798772
382658	798776
382638	798774
382565	798774
382418	798755
382339	798737
382285	798720
382252	798705
382223	798688
382135	798631
382085	798602
382017	798569
381895	798518
381852	798504
381736	798473
381621	798459
381579	798451
381546	798444
381518	798433
381470	798405
381448	798394
381448	798394
381327	798331
381074	798176
381074	798176
380865	798015
380786	797980
380742	797971
380671	797970
380623	797978
380533	798015
380494	798037
380431	798088
380382	798155
380333	798243
380232	798463
380221	798520
380216	798627
380209	798672
380199	798704
380175	798726
380140	798743
380111	798750
380060	798753
380029	798737
380008	798727
379979	798708
379941	798679
379916	798656
379889	798624
379835	798535
379799	798468
379764	798396
379675	798237
379600	798068
379584	798007
379570	797988
379549	797970
379521	797952
379484	797935
379421	797914
379372	797906
379303	797899
379158	797890
379095	797885
378973	797881
378910	797880
378826	797868
378638	797819
378608	797803
378585	797784
378563	797759
378553	797741
378474	797625
378441	797588
378384	797535
378287	797454
378241	797422
378128	797362
378098	797349
378075	797344
378075	797344
378008	797341
377991	797338
377970	797333
377957	797329
377932	797314
377886	797287
377827	797256
377768	797225
377734	797204
377707	797187
377682	797169
377663	797147
377643	797116
377635	797092
377635	797087
377638	797086
377641	797084
377641	797078
377637	797064
377630	797007
377625	796954
377626	796925
377634	796899
377642	796876
377649	796855
377652	796833
377660	796811
377672	796758
377676	796744
377674	796732
377674	796732
377615	796674
377589	796656
377544	796643
377518	796640
377462	796647
377407	796668
377369	796688
377268	796774
377232	796798
377210	796807
377158	796813
377090	796816
377028	796817
376993	796810
376918	796789
376814	796766
376769	796759
376732	796758
376660	796766
376660	796766
376646	796763
376618	796773
376566	796786
376501	796791
376459	796789
376441	796779
376420	796782
376362	796771
376360	796810
376265	796767
376241	796752
376216	796742
376154	796726
376117	796714
376030	796668
375984	796649
375984	796649
375970	796643
375822	796596
375726	796571
375720	796583
375659	796738
375659	796738
375702	796755
375698	796767
375663	796854
375648	796888
375648	796888
375663	796926
375704	797052
375750	797194
375750	797194
375759	797199
375803	797240
375803	797240
375813	797249
375907	797315
376006	797393
376062	797426
376055	797447
376043	797506
376023	797570
375992	797649
375975	797704
375975	797704
376065	797738
376143	797765
376178	797778
376213	797791
376236	797801
376268	797819
376294	797836
376321	797854
376342	797867
376375	797884
376388	797894
376343	798025
376359	798033
376414	798056
376442	798069
376464	798078
376481	798087
376503	798101
376521	798115
376541	798132
376564	798150
376575	798157
376585	798161
376601	798167
376666	798184
376723	798200
376745	798205
376756	798204
376773	798210
376848	798235
376924	798259
377055	798304
377131	798332
377199	798357
377188	798500
377311	798502
377325	798504
377371	798517
377384	798519
377404	798514
377420	798514
377443	798521
377467	798527
377472	798524
377491	798498
377515	798517
377536	798533
377546	798545
377557	798568
377562	798602
377568	798647
377583	798768
377586	798791
377590	798827
377590	798851
377590	798869
377586	798879
377580	798888
377576	798896
377573	798913
377569	798938
377566	799007
377555	799138
377551	799157
377548	799166
377497	799237
377497	799237
377454	799297
377434	799324
377354	799416
377299	799488
377249	799551
377179	799658
377113	799759
377077	799815
377071	799829
377054	799907
377034	799980
377029	799997
377029	799997
377007	800041
376990	800074
376981	800098
376970	800127
376964	800159
376958	800197
376950	800264
376941	800327
376940	800353
376941	800368
376954	800420
376959	800443
376959	800459
376957	800476
376952	800495
376944	800522
376941	800533
376933	800549
376903	800609
376898	800619
376891	800651
376886	800660
376857	800703
376846	800725
376841	800738
376830	800784
376826	800801
376822	800812
376809	800834
376761	800925
376749	800944
376714	800985
376704	801001
376698	801015
376684	801079
376662	801168
376641	801259
376636	801283
376631	801338
376618	801447
376618	801462
376620	801471
376637	801505
376705	801634
376715	801651
376718	801660
376719	801675
376718	801694
376713	801751
376709	801800
376705	801826
376701	801843
376695	801868
376685	801900
376664	802008
376642	802108
376619	802204
376619	802204
376368	802178
376354	802178
376340	802180
376288	802196
376278	802197
376250	802196
376199	802186
376181	802178
376145	802157
376135	802152
376126	802151
376095	802152
376074	802157
376061	802161
376035	802174
376011	802188
375990	802208
375940	802197
375799	802187
375769	802180
375748	802173
375697	802146
375527	802080
375511	802079
375429	802085
375339	802095
375330	802094
375154	802022
374999	801961
374999	801961
374976	801953
374715	801847
374518	801765
374514	801762
374513	801763
374513	801763
374256	801959
374000	801802
373679	801599
373642	801715
373224	801516
372802	801318
372475	801455
372114	801604
371877	801705
371877	801705
371769	801717
371589	801743
371376	801775
371308	801784
371308	801784
371308	801790
371308	801792
371304	801793
371295	801791
371282	801790
371268	801790
371259	801792
371252	801795
371244	801800
371237	801807
371231	801817
371224	801828
371218	801842
371215	801847
371211	801852
371205	801856
371199	801858
371194	801860
371187	801858
371179	801852
371174	801849
371168	801848
371161	801850
371155	801851
371148	801856
371140	801862
371135	801869
371130	801874
371125	801878
371116	801885
371105	801894
371088	801908
371072	801921
371064	801929
371057	801938
371053	801945
371049	801954
371045	801968
371042	801979
371037	801991
371034	801998
371030	802003
371028	802006
371021	802010
371004	802020
370997	802025
370995	802028
370989	802037
370983	802049
370980	802055
370975	802061
370967	802068
370960	802074
370948	802083
370933	802095
370927	802100
370922	802107
370905	802130
370903	802133
370900	802146
370897	802161
370896	802171
370894	802186
370894	802203
370894	802211
370892	802215
370889	802223
370883	802231
370880	802236
370877	802245
370874	802251
370869	802261
370864	802267
370860	802278
370853	802295
370851	802301
370851	802309
370849	802329
370849	802362
370849	802369
370848	802371
370846	802375
370843	802377
370838	802379
370827	802379
370813	802379
370802	802379
370795	802380
370790	802383
370782	802388
370772	802399
370762	802411
370759	802414
370754	802415
370750	802416
370743	802416
370736	802414
370726	802409
370722	802407
370709	802407
370680	802404
370665	802403
370661	802404
370652	802411
370635	802424
370631	802425
370607	802435
370584	802445
370578	802446
370558	802446
370555	802445
370545	802441
370540	802440
370517	802439
370512	802439
370505	802442
370489	802448
370485	802449
370469	802444
370459	802440
370453	802433
370451	802418
370449	802412
370444	802407
370434	802404
370427	802404
370421	802410
370416	802417
370410	802421
370406	802424
370405	802428
370403	802438
370400	802444
370396	802448
370393	802450
370386	802450
370381	802450
370376	802447
370371	802442
370366	802434
370362	802426
370358	802411
370353	802399
370351	802395
370349	802393
370346	802392
370342	802393
370334	802395
370315	802403
370298	802412
370290	802417
370285	802418
370282	802418
370276	802414
370260	802405
370249	802401
370238	802396
370232	802394
370224	802392
370216	802389
370209	802387
370193	802387
370175	802388
370166	802387
370163	802385
370158	802381
370149	802372
370145	802367
370142	802361
370140	802358
370137	802356
370129	802355
370113	802352
370099	802350
370095	802348
370093	802345
370089	802325
370087	802314
370084	802308
370080	802303
370074	802299
370063	802293
370058	802289
370053	802288
370043	802287
370032	802284
370026	802282
370019	802278
370011	802274
370007	802271
370001	802270
369997	802268
369991	802268
369983	802269
369970	802273
369966	802272
369962	802271
369959	802268
369954	802260
369947	802248
369944	802244
369941	802241
369935	802238
369921	802230
369913	802224
369906	802215
369904	802215
369900	802214
369892	802213
369888	802211
369883	802209
369875	802210
369854	802212
369849	802214
369844	802217
369841	802221
369836	802228
369835	802233
369835	802237
369838	802241
369838	802245
369837	802248
369833	802251
369828	802254
369821	802255
369816	802254
369812	802251
369810	802248
369808	802241
369805	802237
369802	802233
369799	802232
369793	802231
369784	802231
369772	802234
369762	802236
369751	802242
369746	802243
369737	802243
369721	802247
369716	802248
369712	802251
369709	802254
369705	802260
369700	802269
369697	802277
369694	802280
369691	802282
369687	802281
369683	802280
369679	802275
369675	802268
369670	802264
369664	802262
369657	802260
369651	802262
369647	802264
369643	802269
369638	802274
369634	802277
369628	802280
369621	802282
369612	802285
369607	802289
369604	802293
369599	802299
369596	802304
369593	802307
369588	802308
369583	802308
369575	802306
369569	802305
369564	802306
369559	802308
369550	802312
369546	802314
369540	802315
369534	802314
369520	802308
369514	802306
369510	802305
369502	802309
369495	802311
369488	802313
369480	802317
369475	802318
369464	802317
369448	802315
369442	802315
369438	802316
369434	802321
369431	802329
369428	802337
369425	802340
369419	802344
369408	802349
369399	802351
369378	802353
369375	802354
369372	802357
369367	802362
369363	802363
369358	802363
369340	802360
369333	802359
369299	802358
369294	802358
369291	802360
369282	802366
369282	802366
369237	802384
369046	802465
368802	802572
368583	802674
368362	802768
368049	802903
367886	802972
367610	803089
367580	803104
367580	803104
367570	803081
367549	803031
367519	802961
367508	802934
367446	802790
367425	802740
367372	802615
367298	802443
367282	802401
367280	802394
367285	802387
367367	802330
367386	802316
367392	802309
367393	802300
367391	802272
367389	802252
367382	802189
367372	802101
367370	802076
367357	801928
367355	801907
367347	801824
367345	801814
367343	801808
367336	801800
367299	801755
367261	801712
367225	801669
367190	801628
367153	801582
367106	801527
367097	801515
367094	801505
367095	801494
367105	801447
367108	801437
367112	801435
367135	801432
367144	801430
367153	801427
367166	801422
367183	801418
367196	801414
367207	801411
367217	801407
367239	801395
367247	801390
367255	801388
367281	801384
367321	801379
367358	801373
367387	801369
367421	801364
367481	801353
367539	801341
367575	801333
367581	801331
367588	801327
367610	801311
367643	801289
367678	801262
367706	801240
367726	801223
367731	801219
367736	801209
367748	801175
367762	801128
367770	801089
367772	801081
367771	801069
367767	801039
367761	801008
367753	800964
367753	800957
367755	800955
367759	800952
367766	800949
367769	800944
367770	800938
367769	800934
367766	800929
367764	800923
367765	800919
367765	800915
367762	800904
367757	800882
367753	800867
367751	800862
367747	800856
367739	800847
367738	800844
367738	800840
367740	800835
367746	800830
367747	800825
367748	800814
367745	800807
367743	800804
367737	800799
367734	800794
367732	800788
367729	800775
367728	800763
367725	800753
367725	800749
367722	800744
367716	800736
367707	800725
367690	800708
367677	800695
367665	800686
367653	800677
367638	800666
367633	800663
367632	800660
367632	800655
367630	800651
367619	800641
367605	800629
367599	800624
367595	800622
367591	800623
367585	800624
367580	800624
367576	800622
367574	800619
367572	800614
367574	800606
367576	800601
367574	800597
367571	800593
367567	800588
367561	800583
367554	800580
367550	800578
367539	800566
367483	800511
367451	800478
367397	800424
367342	800370
367333	800363
367328	800358
367319	800350
367316	800347
367314	800346
367309	800345
367305	800345
367301	800344
367295	800342
367289	800339
367270	800322
367267	800319
367264	800318
367261	800318
367257	800317
367255	800316
367251	800312
367245	800309
367242	800307
367238	800306
367235	800304
367229	800298
367220	800287
367212	800277
367207	800268
367205	800264
367201	800262
367192	800258
367184	800254
367178	800250
367173	800245
367171	800242
367170	800236
367167	800232
367166	800229
367162	800219
367159	800216
367156	800213
367150	800211
367142	800209
367129	800209
367127	800209
367127	800207
367127	800204
367126	800201
367123	800197
367119	800191
367116	800186
367110	800179
367108	800174
367106	800166
367104	800163
367101	800162
367094	800158
367089	800156
367086	800153
367080	800141
367078	800139
367076	800138
367064	800135
367057	800134
367053	800132
367049	800130
367047	800127
367043	800118
367041	800114
367037	800110
367033	800107
367027	800105
367021	800103
367019	800102
367017	800100
367015	800097
367013	800088
367012	800084
367008	800080
367005	800078
367000	800077
366990	800076
366986	800074
366981	800071
366979	800064
366977	800056
366953	800039
366910	800008
366887	799994
366859	799963
366847	799952
366707	799848
366700	799845
366516	799811
366512	799813
366473	799893
366449	799949
366445	799956
366425	799943
366395	799925
366357	799886
366335	799865
366327	799864
366285	799871
366200	799887
366186	799889
366178	799893
366129	799933
366067	799981
366046	799993
366017	800002
365956	800036
365942	800043
365897	800056
365822	800077
365772	800089
365701	800107
365643	800118
365586	800127
365546	800132
365484	800138
365415	800140
365354	800141
365293	800141
365279	800143
365197	800162
365189	800164
365181	800162
365164	800154
365069	800110
365019	800087
364982	800077
364964	800071
364913	800052
364885	800042
364878	800038
364872	800037
364863	800036
364854	800031
364847	800028
364841	800024
364831	800021
364811	800015
364801	800012
364789	800006
364767	799995
364744	799987
364729	799980
364726	799978
364718	799965
364702	799946
364699	799940
364701	799895
364702	799885
364693	799859
364693	799854
364695	799850
364700	799843
364729	799788
364750	799748
364755	799740
364762	799736
364778	799732
364789	799727
364797	799718
364805	799706
364820	799673
364828	799661
364848	799636
364848	799636
364872	799605
364884	799592
364897	799582
364911	799572
364924	799564
364935	799560
364950	799558
364957	799553
364984	799530
364999	799519
365006	799514
365014	799510
365033	799504
365055	799491
365063	799483
365072	799473
365095	799446
365107	799435
365119	799427
365138	799415
365147	799410
365153	799408
365162	799408
365215	799409
365225	799407
365233	799401
365243	799391
365270	799360
365281	799340
365289	799321
365300	799298
365306	799289
365313	799281
365325	799271
365335	799261
365339	799255
365343	799237
365351	799187
365357	799152
365359	799134
365359	799098
365360	799081
365359	799051
365359	799023
365359	798997
365358	798962
365358	798925
365355	798918
365352	798911
365346	798906
365248	798830
365155	798756
365125	798734
365120	798731
365106	798726
365025	798702
365021	798700
365019	798696
365004	798666
364999	798662
364997	798656
364988	798644
364962	798596
364927	798532
364891	798466
364893	798463
364914	798451
364898	798421
364892	798389
364925	798377
364986	798352
365007	798342
365036	798338
365050	798342
365057	798379
365071	798375
365081	798369
365093	798361
365106	798354
365130	798343
365143	798338
365155	798335
365178	798330
365195	798325
365213	798322
365223	798319
365237	798316
365253	798312
365266	798308
365279	798304
365287	798302
365298	798300
365310	798296
365319	798293
365325	798292
365333	798291
365342	798288
365350	798284
365356	798282
365369	798279
365373	798277
365375	798274
365377	798269
365380	798263
365386	798260
365405	798256
365437	798247
365447	798243
365458	798238
365465	798234
365469	798230
365477	798225
365485	798221
365491	798214
365500	798209
365512	798201
365520	798197
365524	798192
365525	798179
365532	798020
365532	798020
365501	798019
365474	798016
365446	798012
365416	798005
365396	798001
365373	797993
365361	797990
365347	797989
365335	797991
365327	797995
365318	798001
365299	798015
365289	798020
365280	798022
365265	798020
365252	798017
365239	798018
365205	798017
365193	798016
365180	798015
365159	798014
365139	798013
365129	798012
365113	798008
365101	798004
365080	797996
365065	797990
365053	797983
365024	797961
365004	797945
364993	797930
364990	797922
364975	797867
364971	797858
364966	797850
364946	797828
364941	797820
364935	797807
364930	797790
364927	797778
364929	797770
364936	797750
364943	797733
364945	797725
364949	797709
364951	797697
364958	797678
364963	797667
364970	797657
364975	797653
364980	797650
364990	797648
365018	797648
365028	797648
365034	797646
365041	797642
365056	797630
365058	797625
365059	797620
365056	797614
365045	797597
365045	797591
365046	797585
365050	797580
365056	797575
365065	797569
365094	797558
365110	797548
365118	797543
365126	797535
365129	797528
365134	797514
365143	797466
365152	797433
365161	797411
365173	797383
365187	797356
365198	797340
365208	797328
365219	797316
365231	797308
365247	797303
365269	797297
365285	797294
365298	797289
365307	797282
365312	797275
365315	797261
365317	797244
365320	797235
365327	797220
365347	797184
365361	797156
365365	797145
365369	797125
365373	797107
365375	797083
365376	797065
365375	797061
365371	797058
365360	797056
365347	797056
365344	797055
365344	797049
365343	797044
365340	797040
365336	797040
365326	797046
365315	797049
365299	797052
365282	797056
365275	797060
365272	797066
365270	797076
365269	797086
365267	797094
365262	797106
365255	797111
365247	797116
365242	797124
365214	797140
365144	797182
365069	797228
365005	797268
364989	797272
364980	797277
364958	797287
364940	797292
364920	797297
364884	797303
364806	797313
364696	797328
364584	797344
364524	797352
364409	797368
364248	797390
364136	797405
364091	797412
364066	797411
364031	797407
363974	797402
363811	797387
363698	797378
363613	797369
363535	797362
363457	797355
363385	797348
363323	797341
363314	797341
363309	797340
363306	797337
363298	797321
363262	797258
363225	797193
363191	797141
363166	797105
363149	797077
363122	797032
363084	796976
363057	796937
363054	796931
363046	796927
363010	796901
362977	796877
362954	796859
362954	796859
362943	796849
362940	796841
362940	796812
362940	796803
362930	796771
362908	796687
362898	796631
362896	796611
362892	796595
362887	796580
362877	796568
362866	796558
362859	796554
362848	796550
362804	796543
362800	796542
362800	796539
362808	796529
362795	796528
362765	796523
362716	796519
362675	796516
362618	796513
362603	796512
362584	796507
362575	796507
362549	796509
362544	796507
362531	796497
362519	796486
362497	796465
362482	796448
362472	796432
362467	796419
362465	796409
362467	796400
362472	796395
362481	796391
362492	796390
362523	796389
362554	796388
362576	796387
362594	796383
362613	796374
362644	796361
362675	796347
362706	796329
362734	796308
362771	796279
362804	796247
362837	796220
362856	796209
362856	796209
362882	796187
362936	796150
363018	796086
363050	796055
363087	796014
363125	795989
363218	795939
363260	795907
363269	795896
363298	795821
363321	795779
363351	795738
363375	795711
363399	795690
363485	795639
363572	795584
363605	795566
363644	795553
363673	795547
363700	795545
363703	795544
363708	795519
363723	795495
363721	795487
363716	795480
363720	795474
363721	795467
363715	795452
363725	795431
363725	795413
363737	795404
363741	795397
363740	795369
363748	795352
363750	795349
363757	795345
363763	795347
363767	795346
363771	795331
363771	795303
363773	795293
363779	795290
363782	795284
363779	795257
363776	795248
363777	795222
363771	795218
363766	795218
363760	795214
363756	795208
363748	795189
363740	795177
363739	795148
363733	795138
363730	795101
363715	795066
363709	795038
363700	795021
363705	795001
363704	795000
363704	795000
363679	794976
363667	794954
363660	794952
363640	794952
363631	794949
363619	794943
363611	794936
363606	794929
363602	794913
363592	794898
363592	794898
363589	794896
363574	794888
363566	794884
363552	794881
363486	794879
363379	794871
363300	794867
363246	794864
363135	794865
363026	794863
362836	794863
362761	794861
362791	794834
362839	794787
362853	794774
362866	794759
362892	794730
362916	794698
362959	794651
363012	794588
363175	794401
363255	794319
363327	794243
363384	794181
363438	794109
363478	794060
363543	793977
363584	793927
363600	793910
363608	793895
363635	793836
363658	793788
363705	793692
363755	793588
363773	793548
363801	793493
363817	793454
363821	793437
363827	793382
363838	793268
363838	793239
363850	793225
363850	793225
363895	793150
363940	793078
363974	793017
364013	792944
364035	792889
364066	792824
364121	792716
364165	792638
364193	792586
364209	792547
364214	792533
364220	792506
364219	792478
364208	792419
364216	792372
364182	792364
364128	792348
364087	792328
364053	792297
364022	792265
363965	792187
363931	792146
363859	792097
363834	792076
363800	792058
363758	792033
363753	792028
363753	792028
363742	792019
363732	792012
363695	791993
363687	791985
363682	791966
363671	791937
363659	791914
363643	791892
363624	791864
363614	791839
363610	791824
363608	791794
363608	791794
363581	791757
363571	791737
363558	791721
363540	791705
363525	791701
363491	791694
363473	791690
363444	791681
363433	791676
363427	791670
363423	791662
363420	791644
363422	791629
363434	791587
363449	791534
363454	791518
363457	791505
363460	791486
363462	791469
363463	791450
363462	791423
363463	791399
363467	791376
363472	791348
363478	791319
363478	791299
363480	791246
363481	791227
363483	791209
363483	791196
363477	791175
363464	791154
363445	791124
363434	791109
363425	791098
363416	791096
363389	791095
363378	791092
363373	791087
363364	791080
363350	791072
363336	791059
363332	791052
363324	791036
363308	791004
363302	790992
363302	790992
363299	790994
363289	790995
363282	790993
363273	790989
363261	790977
363247	790959
363235	790939
363224	790914
363221	790907
363221	790907
363208	790872
363169	790771
363154	790740
363134	790721
363134	790721
363122	790707
363114	790683
363104	790661
363085	790639
363078	790626
363074	790610
363078	790590
363091	790572
363111	790557
363124	790539
363127	790522
363120	790501
363110	790486
363072	790464
363040	790442
363040	790442
363016	790415
362996	790396
362983	790384
362975	790379
362960	790373
362945	790367
362941	790364
362900	790337
362873	790315
362841	790287
362807	790255
362792	790236
362745	790192
362703	790165
362600	790121
362554	790110
362498	790087
362468	790087
362414	790099
362364	790095
362265	790094
362229	790089
362210	790085
362181	790071
362108	790067
362080	790075
362065	790084
362027	790118
361987	790124
361896	790121
361867	790130
361818	790157
361735	790168
361687	790158
361641	790138
361603	790105
361566	790076
361499	790047
361435	790033
361395	790004
361391	790000
361391	790000
361301	789897
361282	789862
361193	789788
361131	789758
361094	789729
361067	789679
361045	789651
361027	789613
360993	789581
360962	789562
360944	789536
360918	789512
360862	789480
360805	789451
360783	789426
360765	789402
360749	789366
360742	789286
360720	789238
360677	789182
360668	789140
360659	789110
360641	789087
360624	789066
360610	789037
360586	789008
360508	788923
360437	788863
360392	788837
360339	788814
360325	788778
360297	788745
360250	788728
360226	788700
360188	788673
360155	788661
360109	788655
360088	788634
360052	788577
360000	788528
359999	788528
359999	788528
359997	788526
359979	788514
359962	788483
359937	788464
359894	788453
359876	788454
359857	788443
359803	788440
359766	788440
359739	788434
359712	788416
359684	788400
359650	788374
359614	788348
359591	788344
359564	788351
359547	788357
359504	788357
359464	788361
359427	788350
359367	788321
359331	788313
359265	788321
359245	788315
359193	788293
359149	788280
359130	788276
359104	788279
359056	788285
359041	788273
359033	788258
358989	788219
358962	788207
358916	788202
358888	788196
358858	788179
358839	788175
358811	788167
358746	788160
358699	788150
358669	788136
358608	788078
358600	788060
358598	788041
358591	788026
358574	788011
358540	788002
358507	787994
358471	787973
358444	787964
358425	787968
358407	787974
358385	787972
358371	787962
358345	787936
358305	787922
358292	787915
358274	787892
358205	787856
358188	787854
358165	787861
358139	787860
358131	787851
358123	787836
358117	787790
358103	787754
358084	787739
358048	787720
358025	787695
357966	787677
357952	787665
357925	787640
357882	787624
357852	787629
357828	787619
357796	787599
357763	787573
357729	787527
357663	787469
357646	787456
357619	787427
357603	787398
357540	787361
357527	787335
357497	787330
357462	787310
357425	787307
357380	787267
357351	787252
357333	787238
357288	787224
357257	787196
357220	787143
357201	787135
357164	787125
357133	787105
357108	787092
357089	787067
357046	787057
356996	787065
356955	787072
356931	787067
356895	787069
356841	787105
356799	787127
356770	787151
356748	787162
356739	787175
356718	787197
356698	787209
356676	787230
356663	787249
356651	787277
356638	787301
356632	787319
356620	787332
356524	787371
356450	787372
356429	787377
356413	787376
356397	787365
356391	787355
356387	787340
356384	787336
356364	787330
356334	787327
356294	787329
356259	787338
356247	787338
356233	787325
356202	787294
356177	787279
356159	787278
356140	787285
356115	787297
356098	787307
356089	787317
356078	787316
356040	787298
356022	787296
355978	787296
355960	787289
355942	787279
355926	787261
355928	787252
355916	787237
355899	787232
355888	787234
355826	787246
355801	787245
355762	787240
355731	787208
355702	787189
355553	787192
355533	787182
355529	787169
355508	787159
355433	787156
355413	787162
355378	787148
355346	787138
355312	787134
355281	787128
355255	787119
355236	787118
355209	787127
355193	787141
355181	787159
355172	787160
355154	787147
355131	787134
355108	787134
355076	787121
355073	787102
355062	787096
355033	787097
354999	787090
354999	787090
354996	787090
354945	787065
354934	787047
354914	787045
354896	787050
354881	787046
354823	786989
354817	786968
354829	786954
354841	786964
354855	786976
354860	786992
354895	786985
354895	786968
354878	786953
354866	786942
354864	786923
354850	786914
354837	786920
354830	786927
354824	786917
354830	786902
354839	786898
354817	786863
354816	786840
354808	786826
354826	786812
354839	786805
354837	786795
354819	786771
354791	786769
354779	786783
354779	786803
354787	786811
354780	786813
354747	786811
354745	786773
354761	786754
354746	786750
354738	786732
354726	786720
354725	786702
354716	786691
354702	786696
354654	786665
354632	786646
354623	786655
354605	786610
354578	786582
354554	786568
354541	786548
354536	786528
354503	786525
354496	786502
354468	786499
354457	786504
354428	786497
354425	786453
354407	786451
354387	786458
354371	786458
354369	786429
354328	786367
354312	786361
354302	786361
354305	786343
354313	786332
354313	786306
354285	786252
354277	786237
354271	786221
354258	786212
354261	786246
354215	786214
354193	786204
354168	786221
354163	786215
354158	786210
354154	786204
354135	786195
354142	786205
354140	786210
354129	786206
354122	786206
354126	786192
354116	786184
354108	786179
354100	786185
354062	786166
354071	786161
354069	786155
354062	786150
354048	786150
354042	786145
354040	786126
354033	786102
354027	786071
354021	786071
354021	786065
354019	786061
354016	786059
354016	786054
354021	786048
354020	786040
354027	786036
354020	786023
354011	786022
354007	786005
354017	786002
354023	785999
354023	785993
354018	785990
354005	785991
354000	785990
353999	785983
353997	785963
353989	785952
353991	785942
353986	785931
353983	785913
353978	785856
353982	785843
353971	785813
353972	785783
353961	785762
353958	785745
353956	785717
353941	785599
353945	785588
353930	785582
353922	785556
353890	785564
353870	785548
353854	785537
353837	785504
353826	785499
353826	785484
353819	785467
353803	785453
353795	785443
353790	785427
353788	785421
353788	785421
353785	785424
353723	785502
353667	785577
353573	785655
353535	785676
353382	785700
353099	785651
352958	785575
352743	785465
352631	785409
352463	785337
352361	785382
352220	785435
352096	785408
352019	785393
351752	785434
351378	785497
351286	785510
351278	785513
351124	785648
351115	785661
351104	785672
351086	785687
351078	785691
351071	785694
351044	785699
350970	785704
350893	785725
350659	785845
350589	785879
350405	785950
350397	785955
350000	785939
350000	785939
349960	785937
349882	786166
349864	786222
349778	786345
349745	786521
349738	786543
349675	786676
349662	786710
349626	786814
349617	786836
349585	786886
349416	787165
349430	787307
349455	787596
349454	787621
349386	787582
349273	787523
349215	787490
349030	787301
349008	787277
348983	787255
348618	787188
348539	787181
348479	787177
348391	787152
348358	787140
347942	787344
347926	787472
347741	787850
347545	787923
347422	788029
347309	788026
347232	788022
347121	788019
346942	788024
346833	788162
346752	788259
346436	788565
346381	788620
346259	788632
345866	788757
345691	788728
345622	788703
345510	788668
345417	788643
345074	788371
345000	788364
345000	788364
344817	788349
344610	788198
344610	788198
344767	787545
344402	787528
343921	787174
343531	787158
343416	787183
342671	787349
342607	787269
342513	786752
342089	786582
342089	786582
342088	786581
341918	786643
341805	786682
341278	786902
340903	786925
340903	786850
340750	786797
340710	786789
340624	786775
340405	786747
340222	786747
340179	786748
340000	786760
340000	786760
339840	786771
339656	786758
339383	787054
339213	786804
338854	786629
338545	786763
338396	786805
338170	786897
338139	786963
337853	787120
337705	787310
337590	787011
337492	786999
337132	786675
337050	786690
336930	786674
336878	786576
336703	786586
336494	786474
336370	786291
335978	786355
335742	786377
335656	786241
335443	786147
335216	785985
335061	786117
335000	786093
335000	786093
334903	786056
334917	785965
334225	785767
334231	785712
334230	785667
334231	785548
334237	785469
334256	785423
334263	785364
334259	785332
334237	785248
334226	785213
334213	785184
334202	785136
334189	785068
334185	785000
334185	785000
334185	785000
334183	784906
334107	784848
334046	784910
333952	784879
333799	784826
333558	784860
333567	784816
333531	784567
333445	784477
333432	784360
333316	784379
333260	784323
333381	783726
333495	783247
333529	783082
333526	783054
333492	782908
333482	782874
333402	782750
333233	782498
333112	782362
332945	782119
332745	781820
332712	781765
332657	781703
332592	781621
332493	781449
332474	781375
332461	781294
332454	781051
332449	780959
332448	780809
332453	780715
332447	780622
332453	780573
332454	780538
332459	780492
332461	780449
332477	780365
332485	780331
332499	780302
332533	780246
332536	780242
332536	780242
332534	780227
332529	780209
332520	780180
332502	780112
332493	780077
332479	780036
332474	780011
332465	779977
332458	779949
332448	779910
332434	779860
332419	779805
332408	779775
332408	779775
332372	779718
332359	779689
332351	779660
332350	779648
332352	779628
332366	779588
332386	779543
332405	779511
332447	779427
332468	779397
332528	779335
332530	779326
332529	779303
332522	779268
332518	779224
332526	779135
332535	779063
332545	779020
332563	778959
332578	778922
332622	778845
332667	778795
332673	778784
332678	778767
332679	778748
332676	778733
332670	778719
332659	778699
332650	778688
332630	778668
332597	778639
332567	778616
332549	778606
332531	778598
332497	778588
332452	778578
332350	778565
332310	778565
332280	778556
332232	778529
332162	778494
332123	778470
332095	778443
332071	778402
332033	778305
332019	778258
332012	778217
332003	778194
331970	778148
331924	778098
331837	778013
331816	778010
331693	778010
331627	778005
331582	778005
331513	778011
331483	778017
331368	778036
331304	778042
331259	778041
331238	778034
331229	778028
331209	778014
331209	778014
331152	778049
331109	778079
331057	778123
330960	778222
330880	778346
330846	778392
330764	778515
330706	778606
330699	778632
330697	778708
330697	778846
330701	778926
330708	778968
330712	779027
330709	779055
330700	779067
330652	779111
330616	779150
330571	779192
330505	779252
330445	779302
330403	779345
330380	779379
330312	779515
330270	779577
330202	779664
330183	779683
330149	779712
330082	779758
330058	779772
330016	779791
330000	779796
330000	779796
329944	779811
329856	779877
329840	779886
329834	779888
329770	779891
329721	779904
329644	779914
329617	779923
329604	779930
329575	779950
329538	779984
329527	780000
329527	780000
329517	780014
329506	780025
329477	780063
329462	780076
329428	780099
329405	780108
329375	780116
329329	780118
329232	780128
329143	780157
329091	780176
329051	780206
329019	780236
328982	780226
328905	780210
328814	780154
328690	780056
328650	780017
328637	780000
328637	780000
328637	780000
328630	779984
328626	779898
328632	779859
328633	779834
328630	779815
328607	779749
328590	779622
328582	779508
328582	779480
328584	779457
328595	779398
328580	779415
328558	779429
328543	779441
328488	779505
328411	779587
328391	779687
328315	779760
328295	779790
328279	779823
328272	779842
328259	779942
328246	780000
328246	780000
328246	780000
328243	780003
328235	780005
328214	780002
328088	780002
328032	780003
328015	780002
328010	780000
328010	780000
327983	779988
327960	779973
327950	779964
327938	779949
327900	779865
327841	779824
327794	779854
327709	779893
327693	779898
327665	779901
327622	779896
327567	779881
327550	779880
327533	779883
327461	779906
327336	779939
327302	779953
327214	779995
327197	780000
327197	780000
327134	780017
327108	780028
327086	780038
327067	780055
327051	780063
327021	780103
327014	780119
327007	780148
326992	780172
326983	780180
326957	780197
326939	780214
326881	780283
326826	780361
326809	780383
326788	780394
326749	780400
326727	780406
326707	780414
326639	780449
326396	780548
326283	780592
326172	780649
326136	780675
326083	780702
326055	780730
326026	780748
325948	780787
325918	780800
325900	780820
325852	780859
325837	780866
325773	780894
325713	780911
325663	780923
325603	780934
325556	780940
325537	780952
325525	780973
325491	781026
325385	781172
325349	781230
325333	781249
325314	781262
325215	781312
325156	781342
325133	781356
325059	781389
325031	781397
325000	781409
325000	781409
324903	781446
324872	781439
324838	781436
324808	781431
324712	781433
324670	781437
324594	781439
324547	781444
324439	781462
324367	781471
324292	781487
324075	781564
324060	781565
324043	781563
324024	781558
324014	781558
323908	781582
323848	781602
323803	781614
323712	781632
323615	781648
323603	781653
323593	781662
323557	781686
323459	781760
323354	781836
323336	781847
323299	781867
323256	781831
323227	781801
323208	781775
323192	781760
323177	781749
323156	781738
323103	781704
323033	781664
322927	781687
322835	781703
322825	781702
322811	781695
322787	781671
322766	781711
322697	781820
322684	781844
322644	781928
322661	782006
322673	782075
322455	782176
322400	782207
322382	782226
322333	782268
322321	782280
322300	782311
322293	782326
322290	782351
322288	782491
322285	782553
322158	782571
322013	782631
321969	782645
321934	782653
321727	782570
321654	782534
321631	782525
321604	782483
321524	782346
321511	782315
321522	782264
321550	782174
321558	782153
321581	782116
321593	782086
321637	781961
321667	781884
321690	781818
321694	781787
321703	781754
321705	781739
321706	781691
321705	781642
321731	781545
321745	781487
321749	781465
321762	781434
321782	781392
321790	781371
321846	781178
321852	781167
321865	781152
321909	781113
321920	781100
321930	781077
321937	781043
321947	781012
321954	780980
321946	780947
321946	780939
321948	780922
321955	780883
321927	780829
321851	780669
321807	780583
321791	780560
321783	780543
321775	780514
321774	780504
321775	780497
321812	780383
321831	780333
321853	780284
321693	780254
321624	780250
321565	780206
321511	780167
321498	780155
321467	780130
321438	780114
321412	780107
321361	780100
321289	780085
321214	780059
321166	780047
321111	780043
321101	780041
321082	780035
321055	780022
321036	780003
321035	780000
321035	780000
321026	779969
321017	779858
321010	779814
321001	779772
320994	779750
320985	779729
320961	779690
320866	779573
320783	779482
320730	779453
320707	779444
320693	779441
320680	779439
320607	779442
320347	779395
320290	779295
320290	779295
320230	779191
320000	779204
320000	779204
319971	779201
319932	779180
319891	779168
319807	779133
319736	779108
319651	779043
319639	779036
319602	779018
319589	779017
319578	779022
319557	779037
319537	779049
319526	779053
319508	779055
319428	779044
319298	779037
319237	779027
319164	779021
319150	779021
319111	779025
318950	779071
318923	779081
318907	779084
318885	779084
318798	779077
318725	779083
318702	779083
318672	779080
318649	779073
318635	779064
318624	779053
318600	779021
318589	779001
318580	778979
318573	778939
318569	778928
318560	778911
318552	778900
318537	778883
318508	778857
318468	778830
318446	778809
318404	778754
318345	778690
318318	778673
318285	778649
318266	778638
318247	778623
318230	778604
318211	778570
318191	778552
318139	778517
318072	778470
318036	778452
317959	778417
317939	778415
317928	778410
317923	778400
317922	778394
317921	778302
317922	778154
317918	778100
317899	778073
317833	778000
317816	777991
317793	777984
317782	777978
317751	777944
317741	777935
317719	777921
317682	777887
317651	777864
317644	777856
317633	777840
317625	777809
317623	777785
317619	777774
317613	777767
317605	777762
317595	777758
317501	777769
317440	777767
317431	777765
317383	777750
317361	777749
317314	777756
317286	777762
317267	777770
317232	777788
317204	777794
317181	777795
317170	777794
317139	777778
317113	777779
317091	777775
317081	777771
317074	777764
317063	777748
317054	777728
317044	777713
317009	777688
316924	777633
316882	777604
316852	777592
316813	777570
316787	777550
316774	777537
316747	777502
316738	777482
316735	777465
316736	777452
316739	777439
316772	777348
316817	777263
316827	777233
316829	777220
316830	777193
316821	777117
316812	777062
316800	777024
316784	776995
316766	776969
316748	776947
316691	776889
316657	776843
316608	776802
316595	776793
316567	776779
316541	776772
316519	776769
316489	776763
316465	776753
316465	776753
316429	776769
316410	776774
316319	776783
316299	776787
316265	776798
316250	776806
316231	776820
316196	776851
316103	776942
316025	777013
316000	777030
315993	777040
315989	777043
315979	777047
315968	777045
315959	777039
315949	777024
315941	777017
315935	777017
315930	777019
315919	777027
315909	777042
315864	777159
315837	777243
315832	777251
315821	777266
315813	777272
315781	777287
315752	777297
315694	777308
315656	777320
315605	777340
315579	777348
315542	777353
315495	777353
315445	777343
315388	777336
315255	777324
315181	777312
315171	777307
315148	777302
315131	777303
315110	777310
315088	777327
315050	777362
315030	777372
315000	777395
315000	777395
314982	777412
314965	777436
314935	777506
314881	777505
314866	777507
314850	777518
314822	777541
314786	777560
314753	777583
314732	777633
314714	777657
314689	777681
314647	777718
314601	777753
314558	777789
314486	777841
314472	777815
314458	777784
314428	777702
314422	777691
314404	777676
314370	777660
314331	777637
314277	777602
314184	777526
314139	777491
314109	777481
313962	777459
313913	777449
313793	777430
313695	777407
313583	777388
313527	777377
313491	777367
313481	777366
313490	777438
313493	777479
313492	777500
313488	777526
313472	777591
313461	777608
313434	777632
313420	777651
313393	777670
313328	777732
313265	777780
313207	777831
313171	777853
313155	777860
313108	777884
313108	777884
313096	777903
313057	777946
313058	777957
313066	778022
313070	778059
313070	778061
313070	778061
313063	778133
313060	778136
313055	778138
313042	778140
313029	778142
313008	778145
312993	778145
312993	778145
312976	778153
312949	778150
312883	778147
312842	778141
312796	778139
312763	778134
312735	778127
312710	778104
312672	778083
312638	778077
312556	778050
312528	778046
312474	778048
312454	778013
312428	777972
312415	777938
312410	777897
312394	777870
312371	777844
312346	777811
312318	777785
312253	777719
312238	777699
312224	777674
312217	777650
312204	777621
312186	777558
312157	777543
312143	777520
312131	777473
312127	777468
312100	777454
312073	777451
312055	777465
312027	777490
311998	777508
311969	777508
311947	777488
311927	777433
311940	777413
311961	777395
312047	777332
312019	777281
312000	777264
311997	777207
311989	777181
311971	777147
311960	777116
311955	777089
311953	777044
311947	776974
311946	776951
311898	776968
311871	776978
311825	777000
311760	777023
311704	777035
311669	777039
311583	777057
311552	777057
311520	777050
311375	776981
311367	776975
311338	776939
311320	776919
311308	776898
311302	776881
311300	776870
311280	776846
311250	776855
311162	776888
311122	776905
311117	776887
311115	776871
311108	776848
311071	776839
311028	776825
311000	776813
310967	776788
310893	776749
310791	776678
310758	776671
310706	776698
310674	776733
310637	776784
310615	776811
310588	776840
310549	776871
310523	776885
310487	776894
310440	776887
310407	776874
310316	776854
310170	776826
310143	776824
310084	776826
310047	776833
310026	776846
310000	776855
310000	776855
309903	776892
309862	776904
309829	776906
309809	776905
309773	776899
309757	776898
309740	776899
309516	777033
309404	777068
309351	777105
309296	777137
309189	777673
308903	777701
308804	777729
308786	777738
308774	777747
308769	777754
308761	777770
308751	777881
308751	777899
308736	778020
308736	778048
308739	778074
308751	778108
308759	778135
308759	778146
308757	778156
308749	778184
308737	778205
308548	778311
308280	778374
308172	778405
308152	778409
308130	778420
308093	778449
308071	778447
308036	778440
307987	778427
307916	778395
307779	778189
307646	778297
307606	778342
307554	778373
307537	778367
307518	778363
307478	778360
307385	778360
307371	778359
307342	778350
307274	778315
307265	778303
307194	778308
307144	778247
307057	778097
307023	778072
306912	777957
306883	778014
306883	778014
306855	778023
306834	778029
306805	778040
306782	778101
306772	778128
306766	778193
306758	778267
306750	778360
306745	778433
306713	778508
306693	778553
306685	778564
306664	778585
306640	778608
306627	778622
306599	778650
306586	778663
306569	778682
306548	778711
306525	778746
306514	778758
306506	778764
306506	778764
306421	778931
306367	778873
306327	778843
306315	778815
306291	778790
306281	778775
306275	778756
306269	778724
306260	778708
306219	778662
306179	778649
306151	778647
306134	778642
306097	778623
306077	778607
305987	778468
305927	778362
305687	778233
305655	778227
305328	778213
305305	778211
305274	778202
305265	778198
305242	778178
305206	778165
305086	778099
305000	778059
305000	778059
304992	778056
304898	778151
304805	778241
304774	778341
304773	778359
304752	778448
304727	778522
304697	778572
304669	778614
304646	778663
304576	778804
304555	778866
304547	778914
304539	778949
304537	778972
304535	779000
304551	779099
304558	779135
304552	779174
304551	779237
304569	779283
304795	779327
304836	779342
304873	779357
304908	779375
304940	779398
304969	779423
305000	779458
305000	779458
305026	779483
305032	779503
305042	779518
305048	779535
305057	779580
305056	779655
305064	779696
305078	779742
305088	779766
305100	779788
305159	779861
305020	780000
305020	780000
305020	780000
305000	780023
305000	780023
304976	780046
304956	780068
304940	780090
304923	780119
304910	780150
304901	780183
304901	780222
304909	780284
304910	780298
304905	780325
304876	780399
304864	780420
304837	780450
304798	780485
304790	780494
304773	780522
304758	780566
304752	780602
304749	780640
304742	780665
304737	780672
304725	780680
304713	780693
304685	780767
304643	780855
304569	780964
304557	780977
304362	781064
304356	781140
304350	781249
304344	781279
304315	781469
304310	781542
304279	781660
304272	781680
304259	781707
304216	781765
304184	781822
304090	782036
304067	782095
304038	782186
304016	782365
304014	782395
304015	782432
304061	782560
304104	782667
304117	782704
304125	782745
304123	782761
304024	782829
303992	782856
303989	782866
303989	782882
304016	783012
304021	783107
304019	783122
304011	783138
303944	783188
303878	783230
303820	783271
303775	783298
303746	783311
303708	783320
303685	783324
303583	783321
303510	783315
303415	783338
303392	783341
303350	783343
303350	783343
303296	783338
303247	783331
303211	783317
303180	783295
303168	783312
303149	783328
303137	783336
303111	783347
303090	783352
303074	783354
303049	783354
303028	783351
302964	783330
302922	783320
302822	783314
302744	783312
302680	783312
302659	783318
302612	783353
302612	783353
302604	783360
302596	783362
302576	783366
302560	783367
302539	783368
302528	783369
302515	783369
302494	783368
302454	783368
302391	783360
302333	783351
302291	783340
302218	783324
302198	783319
302169	783304
302132	783273
302093	783250
302076	783241
302067	783234
302061	783223
302061	783223
302061	783223
301968	783140
301908	783088
301854	783071
301817	783051
301797	783037
301633	782852
301604	782824
301552	782822
301378	782791
301328	782782
301263	782765
301222	782757
301183	782754
301112	782753
301095	782752
301074	782743
301059	782732
301037	782708
301022	782702
301014	782702
300981	782709
300925	782700
300897	782702
300855	782735
300833	782742
300775	782748
300690	782746
300630	782702
300570	782745
300515	782757
300494	782766
300439	782785
300424	782786
300416	782785
300410	782783
300403	782776
300387	782718
300351	782685
300337	782630
300329	782611
300318	782603
300258	782570
300214	782536
300126	782538
300000	782533
300000	782533
299964	782528
299915	782511
299856	782533
299851	782534
299810	782542
299769	782565
299695	782570
299678	782574
299662	782581
299654	782591
299654	782591
299646	782636
299644	782669
299648	782779
299659	782843
299688	782933
299687	782957
299683	782974
299673	783006
299662	783028
299626	783074
299566	783128
299549	783140
299470	783186
299443	783206
299431	783220
299424	783231
299402	783277
299358	783375
299351	783401
299350	783414
299350	783427
299352	783434
299361	783450
299404	783512
299414	783535
299425	783569
299426	783584
299415	783610
299399	783621
299375	783631
299344	783638
299335	783643
299327	783643
299319	783640
299266	783645
299197	783645
299151	783638
299124	783632
299059	783610
298972	783591
298957	783585
298925	783566
298909	783554
298878	783520
298870	783481
298867	783475
298855	783462
298833	783443
298826	783439
298817	783438
298749	783453
298636	783465
298617	783469
298570	783488
298504	783541
298488	783552
298475	783559
298446	783570
298358	783593
298252	783603
298148	783603
298136	783601
298131	783599
298123	783592
298089	783530
298084	783511
298081	783485
298080	783434
298093	783387
298103	783334
298104	783311
298095	783269
298088	783204
298069	783136
298062	783116
298028	782988
298016	782966
298011	782945
298012	782926
298019	782899
298039	782866
298047	782858
298088	782839
298083	782810
298074	782786
298059	782762
297978	782671
297824	782509
297804	782492
297689	782400
297677	782388
297662	782369
297649	782346
297643	782331
297642	782321
297649	782242
297648	782232
297629	782195
297624	782180
297619	782153
297620	782119
297623	782101
297639	782067
297643	782016
297642	781996
297636	781987
297619	781939
297608	781900
297600	781842
297601	781832
297607	781812
297605	781803
297599	781796
297583	781781
297428	781801
297362	781807
297299	781833
297281	781831
297171	781802
297126	781791
297066	781784
296991	781815
296982	781817
296916	781826
296834	781851
296812	781850
296787	781842
296767	781831
296741	781811
296712	781778
296677	781788
296648	781785
296567	781755
296419	781758
296315	781772
296299	781768
296226	781723
296184	781701
296155	781701
296133	781697
296104	781687
296064	781667
296031	781643
296018	781628
295966	781554
295964	781574
295966	781591
295972	781607
295983	781656
295981	781671
295979	781677
295972	781688
296012	781732
296033	781761
296041	781780
296057	781829
296060	781846
296060	781854
296050	781875
296038	781885
296008	781902
295862	781968
295747	782032
295718	782041
295643	782053
295383	782084
295345	782091
295246	782099
295181	782111
295101	782117
295069	782116
295061	782154
295055	782257
295033	782296
295028	782310
295027	782328
295020	782397
295000	782464
295000	782464
295000	782464
294993	782502
294992	782549
294994	782572
294980	782648
294954	782745
294933	782834
294915	782937
294890	782995
294879	783015
294810	783131
294766	783193
294743	783244
294734	783265
294678	783467
294643	783548
294628	783568
294589	783608
294550	783644
294536	783654
294525	783661
294392	783724
294307	783763
294171	783830
294147	783839
294127	783840
294069	783827
294045	783823
294020	783824
293905	783833
293815	783835
293802	783825
293743	783806
293707	783791
293656	783775
293631	783763
293608	783755
293457	783707
293358	783668
293333	783663
293305	783660
293271	783659
293243	783663
293142	783638
293055	783625
292954	783607
292918	783599
292880	783585
292778	783554
292753	783545
292703	783521
292686	783511
292633	783469
292607	783439
292519	783322
292509	783304
292299	783137
292228	783085
292171	783047
292084	782987
291969	782931
291850	782866
291776	782827
291730	782805
291702	782786
291673	782762
291633	782735
291619	782730
291605	782727
291550	782725
291535	782726
291434	782745
291361	782780
291341	782788
291324	782792
291306	782794
291266	782793
291189	782873
291135	782935
291094	782989
291083	783004
291060	783078
291047	783133
291041	783167
291028	783213
291011	783252
290961	783335
290914	783405
290798	783543
290778	783569
290751	783612
290711	783679
290697	783696
290663	783746
290639	783797
290605	783859
290547	783989
290536	784005
290516	784059
290495	784105
290468	784179
290468	784179
290483	784198
290529	784324
290567	784470
290570	784491
290572	784506
290572	784563
290570	784645
290544	784751
290549	784795
290558	784834
290586	785000
290586	785000
290590	785021
290598	785047
290620	785103
290658	785194
290688	785254
290706	785302
290724	785342
290746	785378
290767	785400
290803	785432
290830	785452
290923	785498
290979	785533
291022	785570
291045	785611
291101	785754
291113	785805
291138	785846
291147	785872
291156	785909
291165	785954
291155	785985
291143	786008
291129	786043
291125	786072
291132	786122
291146	786166
291150	786310
291156	786379
291159	786508
291182	786542
291209	786573
291235	786614
291253	786658
291282	786769
291289	786840
291287	786867
291292	786912
291310	786971
291321	787016
291349	787072
291382	787127
291381	787139
291388	787201
291406	787228
291442	787247
291505	787272
291505	787272
291537	787321
291568	787367
291617	787449
291645	787497
291686	787560
291704	787586
291721	787604
291741	787625
291764	787645
291791	787662
291819	787672
291821	787673
291846	787676
291865	787677
291896	787665
291942	787645
291972	787633
292014	787647
292092	787672
292186	787705
292196	787712
292214	787741
292225	787753
292244	787761
292298	787771
292329	787784
292356	787803
292378	787819
292378	787819
292366	787871
292364	787908
292378	787929
292398	787951
292398	787962
292408	787986
292418	788020
292433	788055
292453	788090
292475	788116
292509	788142
292587	788194
292627	788213
292665	788227
292825	788248
292857	788259
292898	788270
292941	788292
292995	788312
293028	788336
293057	788362
293089	788399
293110	788431
293189	788574
293222	788651
293233	788683
293230	788713
293221	788742
293218	788786
293225	788820
293247	788859
293264	788896
293267	788944
293260	789096
293262	789201
293257	789412
293272	789615
293270	789705
293262	789785
293262	789816
293279	789843
293393	789911
293435	789940
293462	789963
293483	790000
293483	790000
293513	790040
293521	790047
293576	790071
293589	790078
293631	790132
293654	790170
293724	790228
293753	790276
293784	790356
293877	790454
293881	790464
293882	790533
293877	790576
293866	790631
293839	790744
293841	790751
293915	790850
293915	790866
293912	790891
293893	790944
293886	790981
293916	790994
293922	791001
293911	791233
293912	791339
293847	791359
293847	791448
293851	791489
293858	791519
293924	791652
293927	791663
293925	791680
293889	791789
293887	791814
293892	791854
293933	792026
293947	792109
293954	792168
293954	792225
293948	792267
293942	792331
293946	792401
293988	792641
294026	792758
294061	792837
294098	792895
294116	792931
294181	793085
294135	793198
294116	793230
294052	793298
293989	793350
293938	793399
293897	793449
293873	793492
293871	793582
293872	793681
293884	793866
293887	794006
293888	794099
293885	794151
293809	794373
293799	794414
293787	794482
293781	794505
293764	794546
293711	794646
293691	794697
293683	794724
293638	794913
293641	794939
293646	794954
293666	794981
293673	795000
293673	795000
293674	795000
293679	795036
293672	795051
293658	795071
293632	795096
293606	795131
293602	795148
293635	795173
293633	795189
293619	795232
293603	795266
293571	795325
293552	795355
293537	795369
293480	795406
293453	795452
293481	795485
293494	795504
293514	795559
293521	795574
293556	795625
293584	795655
293664	795712
293688	795735
293709	795841
293844	795965
293853	795978
293852	795998
293846	796024
293851	796052
293897	796122
293931	796210
293957	796242
293970	796254
293976	796258
294016	796269
294031	796275
294157	796358
294220	796397
294256	796423
294289	796457
294369	796561
294400	796589
294410	796600
294425	796622
294436	796647
294460	796718
294492	796765
294512	796806
294679	797008
294699	797041
294752	797135
294818	797233
294897	797344
294956	797399
294980	797442
294999	797489
294999	797489
295000	797490
295020	797522
295015	797527
294999	797524
294999	797524
294942	797513
294912	797494
294888	797486
294843	797504
294822	797517
294795	797538
294715	797570
294637	797568
294613	797574
294463	797565
294413	797568
294364	797574
294338	797610
294318	797618
294244	797631
294217	797648
294158	797660
294134	797648
294063	797805
294015	797832
293987	797823
293978	797824
293970	797844
293972	797861
293978	797874
293925	797930
293884	798019
293819	798083
293776	798176
293753	798326
293741	798389
293682	798506
293601	798631
293561	798833
293550	798863
293502	798960
293528	798991
293543	799013
293650	799245
293794	799215
293844	799278
293890	799329
293919	799444
293933	799583
294027	799724
294154	799698
294249	799670
294384	799680
294494	799695
294577	799678
294618	799675
294662	799676
294703	799667
294740	799655
294862	799646
294907	799629
294957	799647
294999	799673
294999	799673
295000	799674
295208	799730
295226	799748
295233	799758
295233	799765
295223	799781
295224	799811
295212	799848
295213	799859
295225	799888
295239	799899
295256	799903
295282	799904
295317	799900
295335	799914
295364	799930
295382	799950
295400	799964
295411	799982
295416	800000
295416	800000
295417	800000
295422	800024
295426	800034
295434	800045
295451	800057
295472	800061
295630	800055
295681	800049
295730	800053
295771	800059
295834	800054
295865	800049
295909	800035
295928	800026
295971	800000
295971	800000
295971	800000
296055	799982
296147	799971
296146	800000
296146	800000
296157	800019
296178	800044
296196	800074
296325	800233
296339	800260
296345	800283
296347	800302
296339	800362
296342	800400
296357	800438
296397	800555
296424	800647
296441	800691
296463	800762
296487	800822
296502	800886
296508	800904
296513	800914
296528	800932
296585	800979
296613	801008
296643	801035
296686	801086
296704	801105
296727	801124
296752	801140
296776	801152
296802	801161
296836	801164
296877	801160
296975	801170
297025	801171
297224	801202
297242	801213
297246	801219
297250	801236
297269	801253
297331	801301
297368	801323
297451	801348
297525	801380
297615	801404
297711	801442
297805	801467
297841	801482
297879	801501
297924	801517
297954	801533
298000	801576
298000	801576
298016	801595
298041	801632
298056	801661
298082	801732
298082	801733
298082	801733
298085	801701
298104	801619
298104	801601
298104	801601
298105	801591
298100	801576
298093	801563
298069	801539
298059	801525
298056	801507
298063	801467
298095	801346
298102	801333
298115	801322
298129	801312
298163	801295
298186	801272
298219	801198
298247	801150
298272	801100
298289	801039
298299	800970
298301	800965
298314	800947
298335	800929
298356	800903
298391	800837
298420	800796
298446	800778
298461	800756
298473	800744
298505	800716
298551	800672
298582	800647
298606	800631
298628	800611
298644	800587
298651	800564
298652	800544
298647	800520
298620	800475
298586	800407
298541	800366
298508	800325
298488	800298
298462	800256
298448	800227
298444	800213
298443	800199
298445	800185
298480	800060
298487	800025
298497	800000
298497	800000
298497	800000
298506	799961
298516	799944
298530	799926
298576	799884
298589	799869
298610	799843
298640	799790
298661	799767
298697	799742
298730	799723
298879	799658
299000	799611
299032	799596
299061	799577
299080	799560
299091	799545
299099	799529
299050	799410
299054	799296
299010	799188
298898	798943
298965	798903
298964	798881
299055	798794
299137	798727
299147	798722
299262	798724
299337	798737
299410	798761
299533	798744
299631	798721
299662	798842
299686	798955
299722	799103
299737	799175
299749	799216
299770	799271
299781	799287
299834	799348
299856	799378
299877	799413
299941	799530
299912	799558
299882	799594
299865	799621
299856	799640
299844	799678
299834	799699
299813	799724
299795	799738
299846	799792
299842	800000
299842	800000
299848	800051
299858	800100
299870	800110
299902	800127
299924	800145
299940	800171
299975	800248
300000	800285
300000	800285
300015	800299
300040	800309
300054	800317
300070	800337
300099	800379
300112	800390
300118	800392
300162	800393
300181	800400
300209	800433
300222	800454
300230	800475
300241	800531
300242	800569
300245	800599
300244	800630
300250	800676
300267	800738
300287	800785
300292	800801
300296	800822
300298	800852
300308	800901
300314	800908
300318	800910
300335	800907
300345	800902
300358	800891
300375	800871
300390	800861
300402	800855
300449	800839
300525	800819
300568	800802
300607	800793
300647	800798
300660	800797
300691	800776
300714	800755
300724	800741
300746	800697
300766	800676
300777	800670
300791	800668
300811	800675
300824	800676
300867	800671
300960	800654
301018	800648
301041	800640
301069	800612
301088	800599
301101	800592
301112	800592
301123	800595
301129	800600
301153	800637
301189	800671
301274	800773
301288	800784
301303	800791
301322	800805
301338	800813
301383	800817
301593	800807
301614	800803
301637	800790
301648	800787
301676	800788
301699	800796
301715	800806
301765	800848
301804	800885
301818	800902
301840	800938
301871	801019
301887	801039
301898	801044
301905	801044
301920	801031
301936	801021
301993	800999
302034	800973
302117	800915
302138	800898
302152	800882
302159	800871
302164	800850
302171	800806
302175	800761
302181	800727
302192	800697
302205	800679
302219	800668
302262	800642
302347	800604
302384	800581
302475	800530
302550	800574
302583	800592
302623	800603
302702	800635
302722	800641
302743	800643
302763	800640
302775	800633
302783	800632
302802	800640
302823	800653
302835	800657
302841	800656
302887	800637
302912	800632
302919	800628
302926	800620
302941	800589
302948	800582
302960	800574
303018	800550
303083	800530
303111	800517
303172	800503
303224	800483
303252	800466
303306	800426
303335	800407
303346	800404
303380	800405
303393	800403
303404	800399
303470	800362
303489	800354
303505	800352
303532	800355
303548	800360
303614	800387
303669	800416
303698	800428
303728	800436
303746	800447
303753	800459
303770	800520
303774	800547
303777	800586
303794	800636
303817	800757
303825	800784
303846	800813
303886	800862
303896	800871
303896	800871
303947	800918
304003	800979
304043	801032
304062	801062
304076	801079
304094	801095
304122	801114
304146	801132
304149	801137
304162	801171
304172	801185
304187	801197
304216	801213
304244	801225
304337	801254
304406	801282
304438	801299
304518	801361
304537	801385
304537	801385
304540	801390
304567	801431
304587	801449
304593	801452
304613	801455
304661	801470
304681	801474
304697	801476
304734	801475
304750	801479
304838	801512
304899	801540
304921	801552
304966	801588
305000	801605
305000	801605
305012	801611
305182	801589
305321	801562
305396	801629
305458	801673
305475	801676
305717	801679
305739	801671
305759	801653
305744	801605
305739	801403
305704	801363
305702	801345
305702	801345
305696	801271
305735	801199
305726	801123
305717	801075
305674	800872
305664	800845
305609	800786
305522	800570
305507	800511
305541	800246
305548	800228
305563	800208
305576	800197
305589	800190
305607	800184
305625	800181
305991	800140
306283	800310
306393	800321
306508	800340
306538	800373
306617	800400
306651	800470
306715	800509
306854	800875
306872	801033
307073	801009
307073	801009
307113	800961
307151	800918
307160	800921
307185	800932
307215	800936
307264	800941
307290	800923
307322	800900
307351	800888
307387	800877
307413	800866
307448	800838
307480	800815
307533	800777
307533	800777
307611	800681
307701	800676
307746	800694
307767	800725
307805	800695
307858	800719
307940	800698
308171	800509
308410	800614
308619	800694
308725	800731
308752	800738
308895	800744
309057	800693
309210	800624
309231	800617
309246	800624
309341	800690
309573	800638
309602	800720
309619	800737
309773	800848
309782	800908
309818	800951
309932	800980
309966	801055
309985	801105
309986	801152
309984	801199
309984	801199
309983	801244
309983	801244
309981	801286
310000	801314
310000	801314
310041	801375
310378	801297
310443	801288
310467	801274
310475	801228
310475	801228
310480	801202
310488	801179
310488	801179
310509	801118
310525	801078
310586	801043
310760	801012
310791	801001
311124	801017
311168	801027
311196	801039
311217	801055
311256	801100
311264	801104
311380	801116
311412	801121
311432	801126
311440	801130
311466	801150
311522	801118
311642	801035
311676	801027
311707	801024
311791	801030
311807	801018
311849	800994
311859	800990
311867	800990
311882	800994
311894	801000
311945	801029
311953	801033
311971	801033
312002	801038
312019	801033
312082	801049
312100	801052
312122	801053
312201	801052
312287	801070
312317	801079
312349	801092
312358	801097
312363	801102
312384	801139
312400	801160
312404	801164
312404	801164
312540	801294
312603	801363
312662	801397
312691	801502
312718	801555
312769	801650
312850	801684
312873	801696
312940	801762
312948	801767
313014	801794
313102	801826
313132	801830
313160	801836
313191	801840
313166	801867
313177	801867
313204	801876
313275	801910
313298	801988
313302	802040
313332	802128
313355	802190
313362	802257
313520	802328
313661	802394
313675	802404
313705	802440
313732	802460
313757	802469
313847	802490
313898	802499
313916	802500
313968	802499
314068	802492
314262	802483
314275	802432
314299	802327
314335	802233
314346	802212
314330	802176
314320	802091
314318	802014
314318	801934
314319	801919
314323	801906
314331	801883
314337	801871
314345	801861
314366	801847
314444	801824
314515	801800
314568	801763
314658	801693
314677	801692
314952	801716
315000	801719
315000	801719
315016	801719
315063	801723
315077	801727
315105	801739
315117	801752
315127	801770
315133	801791
315137	801819
315142	801831
315153	801847
315164	801857
315293	801910
315413	801956
315444	801966
315466	801968
315481	801966
315495	801962
315822	801837
315860	801820
315974	801777
316094	801730
316185	801698
316223	801683
316258	801661
316304	801611
316321	801598
316337	801590
316352	801586
316436	801579
316443	801579
316486	801592
316500	801594
316509	801595
316550	801590
316569	801591
316584	801595
316600	801602
316617	801619
316626	801631
316663	801713
316749	801782
316777	801807
316800	801822
316816	801831
316837	801836
316903	801832
316959	801831
317140	801855
317162	801860
317179	801867
317193	801879
317199	801888
317252	802016
317275	802040
317331	802087
317354	802109
317376	802127
317400	802149
317429	802167
317451	802178
317475	802188
317590	802208
317601	802214
317601	802219
317598	802222
317582	802235
317484	802321
317502	802356
317537	802434
317614	802554
317663	802661
317811	802761
317839	802784
317875	802822
317916	802884
317954	802934
317971	802950
317973	802951
317973	802951
317991	802966
318008	802989
318027	803010
318041	802993
318108	802900
318123	802878
318131	802869
318142	802861
318142	802861
318190	802847
318220	802839
318257	802834
318295	802833
318320	802835
318410	802848
318431	802853
318458	802864
318539	802907
318587	802927
318603	802930
318625	802930
318653	802927
318675	802922
318723	802909
318841	802892
318861	802941
318885	802952
318963	802980
319005	802977
319161	803019
319233	803208
319249	803232
319459	803496
319534	803581
319558	803611
319603	803682
319647	803759
319672	803806
319690	803940
319704	804155
319718	804300
319718	804316
319715	804332
319702	804372
319755	804379
319764	804385
319776	804394
319861	804497
319927	804570
319940	804626
319984	804862
320000	804953
320000	804953
320005	804986
320013	805014
320026	805083
320043	805165
320054	805236
320055	805247
320054	805253
320051	805262
320044	805278
320036	805287
320036	805287
320027	805297
320000	805321
320000	805321
320000	805321
319945	805364
319930	805377
319918	805389
319805	805554
319755	805632
319690	805680
319649	805706
319503	805806
319452	805835
319415	805854
319268	805943
319297	805957
319358	806037
319375	806061
319383	806077
319433	806213
319433	806218
319420	806259
319401	806331
319416	806455
319417	806472
319415	806484
319400	806506
319374	806528
318997	806778
318849	806878
318789	806923
318460	807162
318454	807169
318474	807364
318483	807543
318487	807578
318543	807632
318585	807669
318896	807959
318900	807964
318905	808007
318910	808018
318920	808030
318924	808040
318931	808059
318933	808078
318932	808084
318898	808167
318836	808209
318792	808236
318763	808256
318726	808274
318348	808437
318270	808485
318265	808492
318258	808527
318177	808938
318155	809017
318135	809077
318119	809117
318051	809243
318016	809464
317988	809627
317976	809708
317967	809784
317967	809799
318005	809980
318021	810000
318021	810000
318036	810018
318088	810095
318123	810137
318149	810161
318153	810188
318176	810308
318199	810368
318269	810517
318326	810561
318371	810597
318423	810635
318466	810671
318688	810849
318803	810938
318993	811071
319226	811239
319324	811305
319587	811494
319845	811675
319925	811662
319999	811645
319999	811645
320009	811643
320198	811659
320698	812042
321057	812097
321395	812104
321683	812107
321777	812176
322119	812170
322370	812117
322475	812115
322693	811862
322762	811767
322733	811885
322907	812563
323054	812912
323626	813204
323710	813208
324082	812788
324250	812787
324533	812849
324711	812892
324867	812972
324999	813046
324999	813046
325000	813046
325025	813059
325078	813206
325107	813278
325178	813431
325193	813453
325145	813512
325000	813683
325000	813683
324750	813979
324669	814284
324751	814373
324758	814384
324826	814516
324874	814916
324902	815000
324902	815000
324902	815000
324909	815016
324966	815119
324984	815145
325000	815158
325000	815158
325000	815159
325021	815173
325062	815195
325238	815277
325369	815340
325470	815384
325503	815401
325494	815448
325483	815490
325450	815608
325440	815638
325412	815704
325375	815752
325356	815781
325339	815817
325316	815877
325310	815898
325400	816026
325449	816130
325478	816247
325501	816400
325506	816421
325521	816451
325745	816813
325779	816863
325812	816907
325886	816990
325916	816996
325971	817014
326205	817116
326169	817198
326160	817226
326147	817316
326111	817424
326106	817451
326127	817521
326143	817566
326159	817603
326239	817726
326294	817830
326306	817857
326334	817939
326491	818199
326571	818336
326601	818356
326667	818391
326697	818424
326896	818613
326969	818728
327054	818849
327096	818903
327129	818950
327189	819031
327207	819037
327237	819038
327273	819042
327344	819038
327363	819032
327439	818989
327471	818969
327500	818949
327579	818882
327606	818865
327695	818834
327723	818827
327780	818835
327914	818857
327975	818978
328008	819088
328016	819105
328030	819121
328067	819155
328090	819184
328140	819262
328191	819360
328235	819439
328289	819513
328308	819543
328323	819569
328358	819655
328392	819708
328414	819740
328437	819766
328461	819775
328518	819792
328631	819824
328754	819806
328788	819794
328817	819787
328839	819784
328912	819778
329114	819776
329128	819775
329155	819767
329183	819755
329267	819730
329299	819723
329755	819673
329831	819666
329999	819771
330000	819771
330000	819771
330000	819771
330027	819787
330027	819787
330048	819796
330048	819796
330082	819818
330082	819818
330097	819827
330114	819838
330144	819862
330157	819876
330191	819938
330206	819979
330210	820000
330210	820000
330217	820031
330245	820088
330273	820138
330316	820197
330353	820225
330381	820243
330408	820258
330429	820268
330520	820303
330565	820323
330574	820328
330581	820335
330665	820435
330806	820596
330843	820641
330933	820743
330976	820797
331009	820839
331020	820874
331071	821042
331115	821225
331139	821302
331152	821355
331160	821380
331168	821389
331181	821394
331251	821404
331284	821406
331301	821405
331379	821392
331462	821380
331505	821373
331548	821363
331689	821310
331855	821251
331922	821224
332031	821183
332056	821172
332069	821203
332090	821265
332105	821315
332136	821433
332143	821452
332151	821466
332168	821482
332314	821560
332376	821590
332446	821630
332558	821720
332604	821761
332625	821782
332656	821760
332704	821732
332769	821695
332824	821667
332850	821651
332863	821639
332973	821492
333023	821430
333053	821396
333124	821302
333156	821268
333187	821299
333230	821338
333253	821355
333271	821362
333311	821367
333335	821366
333409	821368
333455	821379
333489	821391
333519	821408
333531	821418
333549	821461
333558	821491
333571	821519
333585	821567
333611	821631
333627	821679
333639	821705
333647	821714
333716	821749
333781	821774
333828	821789
333896	821814
333943	821837
334042	821877
334071	821890
334080	821897
334135	821949
334184	821993
334220	822028
334237	822042
334245	822045
334245	822045
334265	822016
334376	821819
334385	821786
334385	821737
334397	821724
334417	821713
334419	821712
334419	821712
334491	821504
334630	821059
334669	820925
334718	820864
334807	820796
334943	820753
335072	820706
335225	820626
335423	820513
335654	820356
335820	820241
336025	820105
336136	820060
336533	819950
336811	819858
336811	819858
336819	819855
336832	819853
336858	819850
336883	819846
336898	819844
336908	819841
336931	819839
336949	819836
336966	819832
336981	819827
336995	819821
337006	819816
337015	819810
337026	819802
337032	819798
337044	819795
337058	819791
337074	819789
337089	819787
337099	819785
337106	819781
337112	819776
337120	819770
337128	819766
337140	819763
337158	819761
337158	819761
337276	819687
337410	819637
337484	819616
337484	819616
337500	819602
337510	819591
337515	819587
337518	819579
337523	819565
337525	819560
337530	819557
337551	819547
337577	819537
337586	819535
337597	819533
337610	819532
337621	819527
337633	819519
337655	819509
337670	819503
337695	819490
337726	819476
337754	819461
337777	819451
337823	819435
337832	819433
337838	819430
337849	819425
337854	819421
337859	819421
337867	819423
337877	819427
337884	819427
337893	819424
337904	819416
337915	819407
337928	819394
337943	819379
337952	819371
337966	819364
337993	819350
338006	819345
338014	819343
338028	819342
338040	819341
338050	819338
338071	819331
338086	819325
338118	819311
338134	819307
338134	819307
338144	819300
338169	819283
338232	819250
338257	819233
338287	819212
338323	819185
338323	819185
338439	819109
338506	819084
338525	819082
338548	819083
338565	819090
338598	819118
338627	819157
338627	819157
338627	819178
338628	819307
338629	819329
338629	819420
338627	819460
338627	819460
338624	819731
338643	819917
338683	819990
338702	820000
338702	820000
338738	820018
339052	820143
339144	820177
339400	820398
339423	820409
339562	820447
339749	820502
339894	820547
339958	820580
339999	820598
339999	820598
340000	820598
340397	820809
340499	821245
340634	821231
340634	821231
340680	821202
340742	821167
340775	821157
340820	821153
340882	821156
340915	821163
340997	821204
341133	821302
341205	821388
341298	821586
341366	821724
341472	821888
341551	821976
341597	822024
341642	822060
341749	822126
341811	822153
341883	822165
341990	822169
342047	822168
342115	822163
342115	822163
342122	822160
342177	822131
342239	822093
342338	822042
342401	822006
342456	821975
342522	821941
342600	821899
342648	821874
342675	821861
342693	821850
342728	821828
342752	821812
342770	821808
342786	821806
342815	821812
342843	821818
342874	821820
342940	821816
342978	821815
343026	821811
343072	821809
343114	821806
343151	821804
343151	821804
343181	821804
343264	821801
343351	821798
343392	821796
343443	821795
343443	821795
343462	821800
343499	821817
343569	821863
343666	821936
343760	822018
343832	822065
343926	822111
344012	822149
344185	822227
344390	822309
344551	822364
344705	822419
344806	822443
344890	822453
344977	822442
345043	822419
345043	822419
345107	822408
345177	822397
345240	822387
345258	822385
345264	822386
345274	822390
345295	822392
345306	822445
345362	822435
345380	822431
345406	822425
345406	822425
345444	822419
345462	822484
345473	822527
345505	822523
345592	822507
345690	822489
345768	822474
345835	822463
345902	822451
345973	822439
346010	822432
346058	822425
346079	822423
346117	822423
346155	822425
346171	822426
346171	822426
346339	822403
346419	822384
346586	822349
346679	822332
346887	822279
346887	822279
346984	822265
347022	822260
347115	822250
347161	822243
347177	822241
347196	822242
347207	822244
347222	822246
347257	822247
347294	822248
347394	822250
347410	822254
347445	822256
347452	822255
347435	822172
347419	822093
347402	822012
347384	821930
347382	821920
347382	821920
347451	821905
347495	821895
347495	821895
347703	821829
347703	821829
347813	821790
347868	821760
347947	821720
348078	821619
348113	821598
348138	821596
348285	821665
348346	821691
348475	821721
348475	821721
348605	821784
348659	821810
348671	821816
348674	821823
348684	821832
348699	821843
348722	821856
348751	821871
348768	821881
348792	821895
348803	821902
348803	821902
348825	821908
348852	821915
348863	821919
348874	821924
348882	821928
348886	821933
348885	821940
348880	821953
348873	821973
348873	821973
348902	822006
348926	822032
348967	822076
348976	822086
349006	822122
349023	822142
349032	822151
349059	822171
349097	822197
349144	822225
349170	822238
349196	822252
349243	822269
349253	822274
349257	822279
349262	822287
349270	822307
349278	822317
349292	822327
349309	822335
349352	822348
349400	822361
349451	822373
349458	822374
349458	822374
349474	822381
349499	822390
349517	822402
349533	822413
349545	822422
349556	822427
349584	822433
349598	822438
349606	822440
349619	822438
349645	822434
349657	822432
349657	822432
349857	822472
349955	822494
350126	822504
350324	822518
350572	822535
350600	822545
350627	822564
350724	822701
350823	822831
350938	822928
351024	822989
351102	823028
351158	823047
351214	823059
351349	823056
351660	823038
351905	823004
352111	822948
352267	822921
352431	822910
352694	822912
352973	822925
353327	822951
353499	822967
353587	822951
353587	822951
353676	822976
353700	822981
353724	822986
353750	822992
353769	822994
353789	822998
353802	822999
353830	822998
353861	822995
353882	822994
353895	822996
353910	822997
353929	822998
353948	823002
353967	823008
353987	823011
354034	823015
354063	823019
354102	823020
354102	823020
354144	823020
354196	823018
354250	823012
354285	823005
354318	823000
354352	823002
354374	823005
354374	823005
354420	823016
354451	823023
354468	823027
354490	823028
354527	823029
354560	823030
354601	823029
354620	823030
354670	823050
354670	823050
354790	823051
354885	823054
354993	823064
354993	823064
355093	823094
355199	823128
355278	823152
355365	823179
355442	823204
355442	823204
355720	823113
356000	823169
356188	823201
357227	823387
357912	823106
357971	823081
358000	823066
358122	822999
358138	822988
358845	822589
358981	822514
358991	822515
359097	822447
359108	822443
359467	822211
359467	822211
359520	822305
359559	822373
359584	822418
359601	822465
359667	822629
359725	822742
359757	822802
359811	822878
359890	822976
359992	823092
360040	823142
360142	823217
360240	823273
360349	823301
360438	823311
360569	823313
360682	823294
360785	823275
360830	823247
360875	823200
360940	823116
361009	823024
361077	822973
361147	822930
361239	822879
361295	822843
361363	822801
361415	822771
361474	822757
361558	822750
361683	822747
361778	822744
361858	822742
361928	822738
361928	822738
361986	822726
362012	822718
362040	822712
362067	822708
362107	822707
362107	822707
362179	822694
362257	822675
362309	822661
362355	822643
362355	822643
362430	822613
362459	822596
362480	822574
362531	822504
362576	822447
362612	822416
362612	822416
362654	822363
362716	822276
362736	822251
362738	822244
362739	822233
362739	822209
362743	822200
362752	822186
362764	822169
362777	822153
362791	822145
362823	822129
362854	822110
362880	822100
362880	822100
362882	822100
362936	822083
363030	822054
363104	822031
363265	821983
363366	821952
363487	821913
363496	821916
363552	821963
363629	822032
363740	822134
363797	822189
363813	822206
363956	822339
363996	822375
364092	822464
364176	822545
364344	822706
364511	822868
364524	822880
364637	822808
364757	822736
364862	822672
364981	822602
364999	822591
364999	822591
365011	822580
365064	822546
365170	822482
365264	822425
365327	822384
365327	822384
365380	822373
365672	822323
365672	822323
365709	822334
365747	822352
365914	822411
366071	822452
366202	822480
366332	822499
366441	822503
366505	822502
366557	822487
366642	822460
366737	822420
366892	822358
366998	822316
367139	822262
367301	822206
367375	822191
367436	822193
367514	822193
367609	822218
367702	822242
367833	822283
368030	822344
368213	822413
368394	822477
368651	822579
368967	822674
368967	822674
369090	822724
369106	822730
369119	822733
369132	822732
369148	822730
369164	822734
369193	822746
369207	822751
369224	822767
369233	822773
369249	822778
369249	822778
369611	822976
369611	822976
369700	822922
369708	822889
369736	822898
369736	822898
369994	822989
369994	822989
370090	823024
370128	823001
370177	823031
370286	823102
370356	823159
370392	823188
370491	823264
370534	823296
370568	823320
370601	823337
370648	823358
370848	823468
370867	823475
370884	823473
370915	823457
370983	823503
371044	823543
371136	823598
371278	823685
371307	823708
371331	823725
371361	823743
371390	823761
371417	823785
371425	823791
371451	823800
371522	823821
371533	823827
371542	823835
371550	823844
371556	823874
371559	823927
371564	823971
371569	823984
371582	823995
371602	824012
371617	824037
371642	824090
371655	824122
371666	824135
371689	824154
371709	824169
371725	824176
371743	824179
371769	824183
371793	824181
371822	824168
371903	824138
372041	824102
372083	824085
372144	824071
372170	824063
372195	824060
372215	824057
372230	824053
372239	824044
372255	824023
372260	824001
372263	823969
372262	823919
372258	823901
372247	823854
372314	823837
372471	823791
372539	823769
372600	823753
372620	823742
372668	823707
372771	823636
372815	823609
372847	823599
373044	823532
373111	823512
373155	823505
373231	823497
373258	823496
373292	823501
373335	823521
373378	823546
373436	823580
373469	823601
373486	823609
373522	823611
373646	823613
373704	823593
373800	823558
373894	823528
373931	823522
373981	823517
374024	823512
374069	823502
374109	823486
374135	823475
374154	823472
374195	823474
374219	823483
374255	823485
374273	823484
374287	823480
374363	823431
374389	823412
374400	823392
374410	823383
374448	823364
374507	823330
374566	823295
374635	823266
374677	823251
374720	823243
374790	823230
374851	823219
374881	823216
374930	823208
374997	823195
374997	823195
375050	823184
375140	823168
375255	823146
375279	823141
375312	823128
375347	823111
375404	823076
375459	823038
375518	822993
375550	822974
375590	822958
375663	822926
375737	822888
375901	822807
375956	822780
376009	822769
376105	822747
376141	822738
376182	822726
376222	822714
376258	822699
376304	822675
376349	822643
376364	822629
376364	822629
376395	822603
376411	822586
376429	822565
376457	822529
376460	822525
376460	822525
376506	822471
376562	822392
376586	822364
376657	822279
376696	822238
376737	822199
376859	822080
376859	822080
376961	821980
376961	821980
377011	821915
377065	821841
377107	821783
377145	821726
377177	821672
377190	821656
377205	821649
377259	821630
377348	821605
377427	821582
377499	821567
377520	821565
377533	821570
377555	821590
377586	821640
377651	821735
377666	821757
377692	821804
377692	821804
377719	821831
377747	821868
377961	822168
377961	822168
377987	822205
378019	822258
378041	822290
378052	822301
378066	822306
378088	822306
378099	822312
378111	822323
378135	822345
378199	822389
378295	822446
378377	822493
378416	822515
378437	822523
378477	822535
378493	822565
378518	822604
378534	822623
378558	822680
378562	822694
378598	822754
378619	822787
378643	822815
378662	822836
378687	822863
378761	822940
378799	822981
378842	823028
378908	823121
378947	823172
378964	823198
379035	823302
379079	823365
379188	823523
379173	823601
379244	823607
379391	823617
379468	823622
379483	823623
379600	823594
379746	823560
379799	823551
379913	823556
379998	823564
379998	823564
380063	823565
380152	823572
380254	823578
380417	823591
380506	823600
380600	823613
380680	823618
380735	823621
380844	823614
380922	823607
381005	823599
381019	823600
381049	823604
381080	823611
381105	823621
381146	823641
381205	823678
381254	823715
381361	823799
381421	823847
381502	823909
381629	824008
381832	824165
381832	824165
381855	824182
382011	824305
382034	824322
382046	824329
382088	824350
382203	824401
382288	824440
382306	824452
382321	824470
382321	824470
382342	824524
382354	824549
382374	824581
382386	824604
382390	824618
382401	824630
382465	824664
382515	824698
382578	824743
382619	824771
382651	824793
382672	824805
382694	824811
382718	824813
382743	824810
382805	824796
382883	824772
382908	824764
382924	824761
382950	824762
382971	824767
383025	824793
383078	824825
383136	824867
383167	824883
383209	824901
383260	824924
383291	824940
383309	824951
383320	824961
383334	824984
383342	825000
383342	825000
383360	825039
383391	825109
383413	825171
383419	825188
383424	825199
383435	825210
383457	825220
383504	825237
383543	825248
383574	825265
383597	825280
383631	825250
383679	825218
383705	825202
383723	825194
383758	825184
383808	825175
383832	825166
383873	825148
383913	825125
383946	825095
384002	825033
384010	825120
384023	825198
384030	825230
384039	825249
384049	825258
384063	825269
384074	825277
384085	825287
384098	825302
384118	825336
384139	825368
384163	825403
384183	825423
384196	825436
384205	825442
384220	825443
384245	825445
384262	825447
384270	825450
384280	825455
384313	825493
384349	825540
384370	825570
384384	825584
384403	825596
384423	825605
384445	825615
384470	825623
384501	825628
384540	825631
384594	825634
384654	825646
384690	825657
384740	825673
384779	825686
384819	825704
384857	825724
384921	825763
384996	825817
384996	825817
385019	825834
385054	825866
385079	825890
385112	825921
385172	825991
385191	826016
385191	826016
385301	826151
385338	826185
385435	826264
385464	826291
385496	826329
385510	826349
385522	826371
385525	826386
385525	826386
385532	826387
385604	826366
385638	826341
385714	826281
385799	826214
385944	826129
386013	826103
386063	826094
386100	826091
386143	826089
386153	826090
386161	826097
386166	826119
386186	826233
386201	826257
386220	826275
386265	826293
386341	826323
386362	826330
386393	826330
386471	826321
386626	826299
386717	826286
386756	826284
386847	826291
386956	826302
387030	826312
387059	826319
387156	826350
387232	826376
387364	826420
387488	826468
387657	826439
387684	826434
387768	826404
387879	826363
387914	826355
387940	826358
387961	826366
388046	826416
388048	826445
388051	826456
388070	826463
388176	826489
388316	826527
388542	826587
388599	826603
388805	826653
388887	826676
389142	826742
389398	826810
389651	826872
389672	826860
389695	826851
389718	826839
389807	826778
389824	826771
389877	826759
389933	826758
389999	826757
389999	826757
390079	826758
390150	826759
390235	826758
390314	826759
390450	826792
390527	826810
390644	826812
390732	826814
390769	826815
390827	826834
390955	826884
391018	826908
391170	826967
391277	827010
391306	827018
391330	827020
391364	827020
391466	827014
391561	827005
391697	826994
391800	826988
391991	826973
392081	826967
392102	826968
392117	826970
392149	826985
392169	826995
392183	826997
392191	826996
392221	826979
392254	826959
392275	826953
392348	826949
392508	826937
392622	826930
392854	826914
393089	826896
393313	826865
393373	826857
393563	826830
393651	826819
393861	826792
393902	826783
393948	826766
394108	826694
394189	826656
394440	826536
394669	826430
394698	826421
394739	826411
394802	826401
394949	826375
394996	826366
394996	826366
395092	826354
395268	826329
395413	826309
395485	826293
395525	826285
395549	826282
395590	826280
395638	826284
395737	826300
395834	826324
395907	826343
395971	826358
396008	826365
396036	826367
396089	826370
396132	826372
396168	826371
396206	826370
396245	826367
396285	826363
396319	826358
396357	826350
396389	826341
396448	826322
396493	826304
396493	826304
396605	826263
396777	826196
396777	826196
396859	826171
396920	826152
396986	826125
397106	826071
397227	826015
397401	825934
397429	825925
397445	825926
397462	825929
397484	825925
397500	825915
397528	825883
397562	825823
397588	825773
397600	825756
397607	825752
397630	825754
397644	825753
397662	825747
397698	825720
397793	825646
397840	825619
398045	825493
398109	825455
398146	825436
398163	825430
398199	825421
398384	825375
398491	825352
398565	825343
398669	825330
398831	825309
398948	825293
399155	825266
399223	825252
399259	825244
399344	825217
399419	825190
399471	825175
399505	825168
399535	825163
399566	825160
399607	825161
399696	825164
399759	825167
399882	825173
399902	825173
399898	825260
399931	825263
399959	825263
399971	825263
