1
6359
0
399971	825263
399959	825263
399931	825263
399898	825260
399902	825173
399882	825173
399759	825167
399696	825164
399607	825161
399566	825160
399535	825163
399505	825168
399471	825175
399419	825190
399344	825217
399259	825244
399223	825252
399155	825266
398948	825293
398831	825309
398669	825330
398565	825343
398491	825352
398384	825375
398199	825421
398163	825430
398146	825436
398109	825455
398045	825493
397840	825619
397793	825646
397698	825720
397662	825747
397644	825753
397630	825754
397607	825752
397600	825756
397588	825773
397562	825823
397528	825883
397500	825915
397484	825925
397462	825929
397445	825926
397429	825925
397401	825934
397227	826015
397106	826071
396986	826125
396920	826152
396859	826171
396777	826196
396777	826196
396605	826263
396493	826304
396493	826304
396448	826322
396389	826341
396357	826350
396319	826358
396285	826363
396245	826367
396206	826370
396168	826371
396132	826372
396089	826370
396036	826367
396008	826365
395971	826358
395907	826343
395834	826324
395737	826300
395638	826284
395590	826280
395549	826282
395525	826285
395485	826293
395413	826309
395268	826329
395092	826354
394996	826366
394996	826366
394949	826375
394802	826401
394739	826411
394698	826421
394669	826430
394440	826536
394189	826656
394108	826694
393948	826766
393902	826783
393861	826792
393651	826819
393563	826830
393373	826857
393313	826865
393089	826896
392854	826914
392622	826930
392508	826937
392348	826949
392275	826953
392254	826959
392221	826979
392191	826996
392183	826997
392169	826995
392149	826985
392117	826970
392102	826968
392081	826967
391991	826973
391800	826988
391697	826994
391561	827005
391466	827014
391364	827020
391330	827020
391306	827018
391277	827010
391170	826967
391018	826908
390955	826884
390827	826834
390769	826815
390732	826814
390644	826812
390527	826810
390450	826792
390314	826759
390235	826758
390150	826759
390079	826758
389999	826757
389999	826757
389933	826758
389877	826759
389824	826771
389807	826778
389718	826839
389695	826851
389672	826860
389651	826872
389398	826810
389142	826742
388887	826676
388805	826653
388599	826603
388542	826587
388316	826527
388176	826489
388070	826463
388051	826456
388048	826445
388046	826416
387961	826366
387940	826358
387914	826355
387879	826363
387768	826404
387684	826434
387657	826439
387488	826468
387364	826420
387232	826376
387156	826350
387059	826319
387030	826312
386956	826302
386847	826291
386756	826284
386717	826286
386626	826299
386471	826321
386393	826330
386362	826330
386341	826323
386265	826293
386220	826275
386201	826257
386186	826233
386166	826119
386161	826097
386153	826090
386143	826089
386100	826091
386063	826094
386013	826103
385944	826129
385799	826214
385714	826281
385638	826341
385604	826366
385532	826387
385525	826386
385525	826386
385522	826371
385510	826349
385496	826329
385464	826291
385435	826264
385338	826185
385301	826151
385191	826016
385191	826016
385172	825991
385112	825921
385079	825890
385054	825866
385019	825834
384996	825817
384996	825817
384921	825763
384857	825724
384819	825704
384779	825686
384740	825673
384690	825657
384654	825646
384594	825634
384540	825631
384501	825628
384470	825623
384445	825615
384423	825605
384403	825596
384384	825584
384370	825570
384349	825540
384313	825493
384280	825455
384270	825450
384262	825447
384245	825445
384220	825443
384205	825442
384196	825436
384183	825423
384163	825403
384139	825368
384118	825336
384098	825302
384085	825287
384074	825277
384063	825269
384049	825258
384039	825249
384030	825230
384023	825198
384010	825120
384002	825033
383946	825095
383913	825125
383873	825148
383832	825166
383808	825175
383758	825184
383723	825194
383705	825202
383679	825218
383631	825250
383597	825280
383574	825265
383543	825248
383504	825237
383457	825220
383435	825210
383424	825199
383419	825188
383413	825171
383391	825109
383360	825039
383342	825000
383342	825000
383334	824984
383320	824961
383309	824951
383291	824940
383260	824924
383209	824901
383167	824883
383136	824867
383078	824825
383025	824793
382971	824767
382950	824762
382924	824761
382908	824764
382883	824772
382805	824796
382743	824810
382718	824813
382694	824811
382672	824805
382651	824793
382619	824771
382578	824743
382515	824698
382465	824664
382401	824630
382390	824618
382386	824604
382374	824581
382354	824549
382342	824524
382321	824470
382321	824470
382306	824452
382288	824440
382203	824401
382088	824350
382046	824329
382034	824322
382011	824305
381855	824182
381832	824165
381832	824165
381629	824008
381502	823909
381421	823847
381361	823799
381254	823715
381205	823678
381146	823641
381105	823621
381080	823611
381049	823604
381019	823600
381005	823599
380922	823607
380844	823614
380735	823621
380680	823618
380600	823613
380506	823600
380417	823591
380254	823578
380152	823572
380063	823565
379998	823564
379998	823564
379913	823556
379799	823551
379746	823560
379600	823594
379483	823623
379468	823622
379391	823617
379244	823607
379173	823601
379188	823523
379079	823365
379035	823302
378964	823198
378947	823172
378908	823121
378842	823028
378799	822981
378761	822940
378687	822863
378662	822836
378643	822815
378619	822787
378598	822754
378562	822694
378558	822680
378534	822623
378518	822604
378493	822565
378477	822535
378437	822523
378416	822515
378377	822493
378295	822446
378199	822389
378135	822345
378111	822323
378099	822312
378088	822306
378066	822306
378052	822301
378041	822290
378019	822258
377987	822205
377961	822168
377961	822168
377747	821868
377719	821831
377692	821804
377692	821804
377666	821757
377651	821735
377586	821640
377555	821590
377533	821570
377520	821565
377499	821567
377427	821582
377348	821605
377259	821630
377205	821649
377190	821656
377177	821672
377145	821726
377107	821783
377065	821841
377011	821915
376961	821980
376961	821980
376859	822080
376859	822080
376737	822199
376696	822238
376657	822279
376586	822364
376562	822392
376506	822471
376460	822525
376460	822525
376457	822529
376429	822565
376411	822586
376395	822603
376364	822629
376364	822629
376349	822643
376304	822675
376258	822699
376222	822714
376182	822726
376141	822738
376105	822747
376009	822769
375956	822780
375901	822807
375737	822888
375663	822926
375590	822958
375550	822974
375518	822993
375459	823038
375404	823076
375347	823111
375312	823128
375279	823141
375255	823146
375140	823168
375050	823184
374997	823195
374997	823195
374930	823208
374881	823216
374851	823219
374790	823230
374720	823243
374677	823251
374635	823266
374566	823295
374507	823330
374448	823364
374410	823383
374400	823392
374389	823412
374363	823431
374287	823480
374273	823484
374255	823485
374219	823483
374195	823474
374154	823472
374135	823475
374109	823486
374069	823502
374024	823512
373981	823517
373931	823522
373894	823528
373800	823558
373704	823593
373646	823613
373522	823611
373486	823609
373469	823601
373436	823580
373378	823546
373335	823521
373292	823501
373258	823496
373231	823497
373155	823505
373111	823512
373044	823532
372847	823599
372815	823609
372771	823636
372668	823707
372620	823742
372600	823753
372539	823769
372471	823791
372314	823837
372247	823854
372258	823901
372262	823919
372263	823969
372260	824001
372255	824023
372239	824044
372230	824053
372215	824057
372195	824060
372170	824063
372144	824071
372083	824085
372041	824102
371903	824138
371822	824168
371793	824181
371769	824183
371743	824179
371725	824176
371709	824169
371689	824154
371666	824135
371655	824122
371642	824090
371617	824037
371602	824012
371582	823995
371569	823984
371564	823971
371559	823927
371556	823874
371550	823844
371542	823835
371533	823827
371522	823821
371451	823800
371425	823791
371417	823785
371390	823761
371361	823743
371331	823725
371307	823708
371278	823685
371136	823598
371044	823543
370983	823503
370915	823457
370884	823473
370867	823475
370848	823468
370648	823358
370601	823337
370568	823320
370534	823296
370491	823264
370392	823188
370356	823159
370286	823102
370177	823031
370128	823001
370090	823024
369994	822989
369994	822989
369736	822898
369736	822898
369708	822889
369700	822922
369611	822976
369611	822976
369249	822778
369249	822778
369233	822773
369224	822767
369207	822751
369193	822746
369164	822734
369148	822730
369132	822732
369119	822733
369106	822730
369090	822724
368967	822674
368967	822674
368651	822579
368394	822477
368213	822413
368030	822344
367833	822283
367702	822242
367609	822218
367514	822193
367436	822193
367375	822191
367301	822206
367139	822262
366998	822316
366892	822358
366737	822420
366642	822460
366557	822487
366505	822502
366441	822503
366332	822499
366202	822480
366071	822452
365914	822411
365747	822352
365709	822334
365672	822323
365672	822323
365380	822373
365327	822384
365327	822384
365264	822425
365170	822482
365064	822546
365011	822580
364999	822591
364999	822591
364981	822602
364862	822672
364757	822736
364637	822808
364524	822880
364511	822868
364344	822706
364176	822545
364092	822464
363996	822375
363956	822339
363813	822206
363797	822189
363740	822134
363629	822032
363552	821963
363496	821916
363487	821913
363366	821952
363265	821983
363104	822031
363030	822054
362936	822083
362882	822100
362880	822100
362880	822100
362854	822110
362823	822129
362791	822145
362777	822153
362764	822169
362752	822186
362743	822200
362739	822209
362739	822233
362738	822244
362736	822251
362716	822276
362654	822363
362612	822416
362612	822416
362576	822447
362531	822504
362480	822574
362459	822596
362430	822613
362355	822643
362355	822643
362309	822661
362257	822675
362179	822694
362107	822707
362107	822707
362067	822708
362040	822712
362012	822718
361986	822726
361928	822738
361928	822738
361858	822742
361778	822744
361683	822747
361558	822750
361474	822757
361415	822771
361363	822801
361295	822843
361239	822879
361147	822930
361077	822973
361009	823024
360940	823116
360875	823200
360830	823247
360785	823275
360682	823294
360569	823313
360438	823311
360349	823301
360240	823273
360142	823217
360040	823142
359992	823092
359890	822976
359811	822878
359757	822802
359725	822742
359667	822629
359601	822465
359584	822418
359559	822373
359520	822305
359467	822211
359467	822211
359108	822443
359097	822447
358991	822515
358981	822514
358845	822589
358138	822988
358122	822999
358000	823066
357971	823081
357912	823106
357227	823387
356188	823201
356000	823169
355720	823113
355442	823204
355442	823204
355365	823179
355278	823152
355199	823128
355093	823094
354993	823064
354993	823064
354885	823054
354790	823051
354670	823050
354670	823050
354620	823030
354601	823029
354560	823030
354527	823029
354490	823028
354468	823027
354451	823023
354420	823016
354374	823005
354374	823005
354352	823002
354318	823000
354285	823005
354250	823012
354196	823018
354144	823020
354102	823020
354102	823020
354063	823019
354034	823015
353987	823011
353967	823008
353948	823002
353929	822998
353910	822997
353895	822996
353882	822994
353861	822995
353830	822998
353802	822999
353789	822998
353769	822994
353750	822992
353724	822986
353700	822981
353676	822976
353587	822951
353587	822951
353499	822967
353327	822951
352973	822925
352694	822912
352431	822910
352267	822921
352111	822948
351905	823004
351660	823038
351349	823056
351214	823059
351158	823047
351102	823028
351024	822989
350938	822928
350823	822831
350724	822701
350627	822564
350600	822545
350572	822535
350324	822518
350126	822504
349955	822494
349857	822472
349657	822432
349657	822432
349645	822434
349619	822438
349606	822440
349598	822438
349584	822433
349556	822427
349545	822422
349533	822413
349517	822402
349499	822390
349474	822381
349458	822374
349458	822374
349451	822373
349400	822361
349352	822348
349309	822335
349292	822327
349278	822317
349270	822307
349262	822287
349257	822279
349253	822274
349243	822269
349196	822252
349170	822238
349144	822225
349097	822197
349059	822171
349032	822151
349023	822142
349006	822122
348976	822086
348967	822076
348926	822032
348902	822006
348873	821973
348873	821973
348880	821953
348885	821940
348886	821933
348882	821928
348874	821924
348863	821919
348852	821915
348825	821908
348803	821902
348803	821902
348792	821895
348768	821881
348751	821871
348722	821856
348699	821843
348684	821832
348674	821823
348671	821816
348659	821810
348605	821784
348475	821721
348475	821721
348346	821691
348285	821665
348138	821596
348113	821598
348078	821619
347947	821720
347868	821760
347813	821790
347703	821829
347703	821829
347495	821895
347495	821895
347451	821905
347382	821920
347382	821920
347384	821930
347402	822012
347419	822093
347435	822172
347452	822255
347445	822256
347410	822254
347394	822250
347294	822248
347257	822247
347222	822246
347207	822244
347196	822242
347177	822241
347161	822243
347115	822250
347022	822260
346984	822265
346887	822279
346887	822279
346679	822332
346586	822349
346419	822384
346339	822403
346171	822426
346171	822426
346155	822425
346117	822423
346079	822423
346058	822425
346010	822432
345973	822439
345902	822451
345835	822463
345768	822474
345690	822489
345592	822507
345505	822523
345473	822527
345462	822484
345444	822419
345406	822425
345406	822425
345380	822431
345362	822435
345306	822445
345295	822392
345274	822390
345264	822386
345258	822385
345240	822387
345177	822397
345107	822408
345043	822419
345043	822419
344977	822442
344890	822453
344806	822443
344705	822419
344551	822364
344390	822309
344185	822227
344012	822149
343926	822111
343832	822065
343760	822018
343666	821936
343569	821863
343499	821817
343462	821800
343443	821795
343443	821795
343392	821796
343351	821798
343264	821801
343181	821804
343151	821804
343151	821804
343114	821806
343072	821809
343026	821811
342978	821815
342940	821816
342874	821820
342843	821818
342815	821812
342786	821806
342770	821808
342752	821812
342728	821828
342693	821850
342675	821861
342648	821874
342600	821899
342522	821941
342456	821975
342401	822006
342338	822042
342239	822093
342177	822131
342122	822160
342115	822163
342115	822163
342047	822168
341990	822169
341883	822165
341811	822153
341749	822126
341642	822060
341597	822024
341551	821976
341472	821888
341366	821724
341298	821586
341205	821388
341133	821302
340997	821204
340915	821163
340882	821156
340820	821153
340775	821157
340742	821167
340680	821202
340634	821231
340634	821231
340499	821245
340397	820809
340000	820598
339999	820598
339999	820598
339958	820580
339894	820547
339749	820502
339562	820447
339423	820409
339400	820398
339144	820177
339052	820143
338738	820018
338702	820000
338702	820000
338683	819990
338643	819917
338624	819731
338627	819460
338627	819460
338629	819420
338629	819329
338628	819307
338627	819178
338627	819157
338627	819157
338598	819118
338565	819090
338548	819083
338525	819082
338506	819084
338439	819109
338323	819185
338323	819185
338287	819212
338257	819233
338232	819250
338169	819283
338144	819300
338134	819307
338134	819307
338118	819311
338086	819325
338071	819331
338050	819338
338040	819341
338028	819342
338014	819343
338006	819345
337993	819350
337966	819364
337952	819371
337943	819379
337928	819394
337915	819407
337904	819416
337893	819424
337884	819427
337877	819427
337867	819423
337859	819421
337854	819421
337849	819425
337838	819430
337832	819433
337823	819435
337777	819451
337754	819461
337726	819476
337695	819490
337670	819503
337655	819509
337633	819519
337621	819527
337610	819532
337597	819533
337586	819535
337577	819537
337551	819547
337530	819557
337525	819560
337523	819565
337518	819579
337515	819587
337510	819591
337500	819602
337484	819616
337484	819616
337410	819637
337276	819687
337158	819761
337158	819761
337140	819763
337128	819766
337120	819770
337112	819776
337106	819781
337099	819785
337089	819787
337074	819789
337058	819791
337044	819795
337032	819798
337026	819802
337015	819810
337006	819816
336995	819821
336981	819827
336966	819832
336949	819836
336931	819839
336908	819841
336898	819844
336883	819846
336858	819850
336832	819853
336819	819855
336811	819858
336811	819858
336533	819950
336136	820060
336025	820105
335820	820241
335654	820356
335423	820513
335225	820626
335072	820706
334943	820753
334807	820796
334718	820864
334669	820925
334630	821059
334491	821504
334419	821712
334419	821712
334417	821713
334397	821724
334385	821737
334385	821786
334376	821819
334265	822016
334245	822045
334245	822045
334315	822098
334407	822168
334439	822194
334484	822228
334544	822272
334588	822307
334625	822336
334646	822352
334703	822395
334750	822432
334797	822468
334838	822501
334888	822537
334936	822577
334973	822602
334912	822628
334810	822667
334724	822699
334643	822731
334593	822750
334569	822768
334501	822813
334460	822842
334408	822873
334315	822930
334268	822956
334214	822990
334157	823018
334110	823047
334077	823064
334055	823098
334028	823141
333996	823187
333947	823265
333928	823290
333901	823327
333870	823377
333822	823438
333808	823455
333775	823488
333729	823536
333656	823611
333620	823650
333577	823692
333558	823717
333535	823776
333524	823803
333464	823946
333450	823982
333418	824056
333398	824108
333386	824118
333367	824158
333315	824284
333293	824340
333273	824388
333250	824448
333234	824486
333219	824517
333262	824558
333273	824598
333273	824678
333273	824678
333296	824710
333334	824763
333354	824790
333396	824848
333417	824878
333456	824933
333482	824968
333498	824991
333517	825019
333547	825061
333580	825105
333600	825134
333641	825189
333667	825226
333702	825274
333716	825293
333738	825321
333767	825361
333779	825379
333805	825414
333828	825446
333850	825476
333872	825505
333889	825530
333916	825566
333937	825594
333950	825612
333961	825643
333977	825699
333986	825729
333993	825753
334000	825778
334003	825788
334011	825814
334025	825865
334033	825886
334039	825908
334044	825926
334050	825945
334050	825945
334060	825978
334075	826032
334082	826055
334100	826116
334107	826141
334124	826203
334131	826223
334151	826289
334159	826314
334177	826376
334185	826399
334204	826460
334209	826480
334231	826547
334239	826573
334259	826631
334268	826661
334268	826661
334269	826716
334272	826773
334277	826882
334276	826910
334286	826932
334327	826988
334370	827052
334400	827098
334443	827159
334487	827222
334505	827251
334552	827318
334598	827386
334631	827432
334659	827475
334667	827479
334708	827477
334777	827477
334827	827475
334827	827475
334845	827529
334866	827587
334906	827702
334918	827737
334942	827800
334964	827866
334971	827872
335027	827920
335159	828033
335247	828109
335357	828206
335379	828225
335462	828296
335556	828378
335585	828405
335647	828458
335696	828501
335736	828535
335736	828535
335792	828585
335846	828633
335878	828659
335906	828682
335926	828700
335958	828728
336034	828796
336084	828839
336109	828854
336139	828862
336222	828887
336293	828910
336363	828931
336418	828947
336477	828963
336535	828982
336574	828989
336574	828989
336581	828993
336594	829004
336600	829015
336604	829031
336610	829043
336614	829053
336620	829060
336623	829066
336627	829074
336631	829076
336638	829079
336644	829083
336651	829088
336662	829095
336670	829104
336677	829107
336690	829116
336702	829125
336709	829130
336712	829134
336716	829140
336722	829142
336732	829145
336734	829149
336736	829156
336745	829157
336752	829157
336752	829162
336763	829171
336775	829178
336784	829185
336790	829190
336799	829200
336807	829204
336814	829202
336818	829203
336823	829209
336829	829215
336839	829211
336848	829209
336851	829212
336853	829219
336857	829227
336862	829227
336869	829223
336873	829220
336883	829221
336892	829223
336895	829224
336896	829232
336905	829240
336910	829246
336917	829255
336922	829258
336931	829257
336944	829258
336956	829259
336961	829257
336972	829252
336985	829249
336996	829249
337014	829249
337023	829249
337030	829247
337031	829242
337034	829239
337039	829238
337047	829242
337057	829249
337065	829250
337069	829246
337078	829237
337081	829236
337087	829236
337096	829239
337102	829240
337105	829234
337110	829230
337116	829230
337118	829227
337119	829218
337123	829216
337129	829215
337131	829219
337135	829221
337141	829221
337149	829221
337154	829223
337158	829222
337159	829219
337155	829214
337153	829207
337156	829203
337163	829201
337172	829203
337179	829200
337189	829198
337194	829199
337198	829203
337206	829206
337211	829206
337222	829204
337228	829205
337233	829210
337238	829212
337252	829214
337257	829216
337259	829221
337260	829229
337264	829233
337272	829235
337278	829232
337281	829228
337287	829219
337291	829222
337296	829225
337300	829224
337302	829220
337303	829208
337309	829206
337322	829201
337331	829198
337342	829196
337368	829198
337371	829197
337374	829191
337378	829187
337383	829184
337390	829175
337398	829171
337406	829166
337411	829158
337422	829140
337433	829133
337447	829131
337457	829130
337467	829127
337481	829121
337487	829114
337497	829108
337501	829106
337512	829094
337523	829082
337535	829080
337544	829078
337553	829073
337563	829070
337578	829064
337586	829060
337597	829060
337616	829059
337626	829055
337639	829052
337648	829050
337660	829053
337671	829052
337695	829051
337708	829053
337723	829054
337738	829055
337743	829061
337749	829068
337759	829070
337767	829068
337785	829064
337792	829066
337795	829071
337800	829075
337814	829074
337819	829071
337829	829070
337836	829063
337844	829017
337863	828969
337877	828931
337893	828892
337915	828854
337921	828840
337934	828794
337950	828768
337977	828750
338006	828735
338032	828732
338055	828723
338063	828716
338081	828684
338095	828660
338093	828639
338084	828621
338070	828613
338055	828597
338044	828577
338041	828548
338040	828525
338044	828505
338049	828470
338051	828448
338057	828429
338065	828411
338074	828390
338087	828370
338110	828360
338127	828357
338140	828368
338153	828371
338163	828369
338173	828363
338180	828354
338186	828339
338192	828336
338196	828337
338201	828341
338204	828347
338206	828353
338217	828359
338224	828365
338228	828372
338231	828385
338232	828398
338235	828404
338240	828409
338239	828416
338250	828418
338255	828416
338259	828418
338267	828417
338274	828412
338287	828403
338294	828403
338310	828404
338317	828403
338322	828399
338330	828398
338338	828401
338349	828407
338359	828416
338364	828428
338369	828436
338373	828445
338379	828451
338385	828455
338396	828460
338406	828466
338413	828471
338419	828477
338423	828479
338432	828481
338440	828489
338448	828500
338451	828510
338452	828513
338462	828516
338469	828517
338480	828517
338492	828513
338505	828509
338514	828509
338524	828512
338531	828516
338530	828526
338532	828539
338536	828547
338542	828556
338549	828558
338559	828555
338569	828548
338581	828548
338590	828550
338598	828555
338609	828567
338620	828584
338625	828597
338633	828618
338641	828630
338650	828643
338658	828653
338666	828656
338684	828656
338696	828654
338711	828650
338726	828649
338741	828652
338757	828655
338766	828656
338777	828654
338788	828655
338793	828660
338795	828667
338797	828671
338797	828676
338793	828678
338785	828682
338782	828689
338784	828699
338793	828709
338803	828719
338814	828726
338825	828729
338829	828733
338844	828752
338853	828763
338865	828769
338875	828775
338882	828781
338883	828795
338882	828806
338886	828811
338900	828813
338906	828812
338912	828805
338916	828805
338922	828806
338927	828815
338927	828824
338927	828852
338930	828865
338936	828875
338944	828884
338949	828890
338953	828891
338956	828889
338957	828884
338960	828884
338969	828886
338977	828889
338984	828895
338991	828900
339000	828913
339005	828916
339011	828916
339017	828917
339022	828923
339022	828930
339019	828936
339011	828943
339010	828953
339017	828964
339025	828971
339035	828973
339045	828974
339055	828978
339061	828985
339071	828993
339080	829000
339089	829002
339092	829006
339091	829013
339093	829019
339095	829026
339101	829030
339115	829040
339126	829047
339138	829055
339149	829061
339159	829066
339158	829073
339161	829079
339168	829083
339164	829088
339162	829093
339165	829095
339176	829097
339180	829097
339188	829095
339197	829098
339208	829104
339214	829113
339218	829120
339226	829123
339236	829127
339240	829133
339239	829137
339234	829142
339237	829149
339246	829161
339256	829168
339269	829174
339276	829172
339286	829166
339292	829156
339296	829158
339301	829164
339306	829175
339311	829182
339311	829187
339307	829189
339295	829189
339293	829193
339297	829202
339304	829207
339316	829211
339322	829214
339331	829223
339339	829232
339353	829243
339359	829252
339365	829254
339372	829252
339382	829248
339392	829243
339396	829239
339401	829233
339401	829233
339406	829237
339409	829247
339409	829257
339405	829265
339400	829272
339399	829279
339402	829286
339409	829296
339412	829299
339417	829297
339421	829291
339425	829291
339427	829294
339427	829297
339427	829297
339428	829307
339427	829313
339421	829321
339422	829323
339427	829325
339438	829326
339441	829327
339445	829324
339451	829313
339456	829303
339461	829297
339461	829297
339466	829291
339473	829285
339479	829278
339479	829278
339481	829272
339486	829268
339493	829268
339498	829273
339506	829277
339518	829278
339525	829276
339531	829277
339540	829280
339545	829279
339549	829274
339548	829270
339543	829264
339545	829256
339552	829245
339560	829240
339565	829248
339571	829253
339576	829259
339582	829267
339588	829281
339591	829289
339593	829293
339593	829293
339600	829300
339611	829308
339623	829309
339643	829307
339652	829306
339660	829301
339663	829295
339662	829292
339662	829292
339661	829288
339663	829284
339675	829283
339682	829283
339683	829290
339687	829294
339696	829296
339705	829292
339720	829281
339735	829265
339746	829257
339760	829258
339771	829256
339779	829250
339791	829236
339804	829228
339811	829214
339819	829207
339828	829205
339835	829204
339846	829202
339853	829199
339859	829193
339863	829182
339876	829174
339891	829173
339897	829174
339912	829183
339925	829192
339933	829202
339940	829208
339945	829205
339951	829205
339952	829201
339951	829192
339948	829181
339952	829174
339960	829170
339974	829170
339980	829173
339980	829176
339983	829181
339992	829183
340000	829184
340008	829189
340017	829197
340023	829203
340033	829205
340048	829205
340056	829203
340057	829198
340053	829191
340051	829178
340055	829166
340064	829162
340073	829163
340078	829169
340085	829180
340088	829182
340098	829185
340101	829192
340105	829206
340107	829215
340115	829221
340127	829222
340144	829226
340158	829230
340183	829231
340194	829235
340201	829241
340212	829245
340222	829251
340231	829260
340240	829267
340250	829269
340267	829270
340272	829273
340281	829281
340284	829297
340280	829302
340271	829313
340263	829325
340264	829331
340264	829331
340269	829335
340275	829341
340279	829342
340285	829340
340288	829344
340291	829352
340293	829365
340294	829380
340303	829386
340314	829388
340323	829389
340327	829395
340328	829406
340326	829419
340326	829430
340327	829447
340331	829467
340333	829485
340328	829491
340329	829499
340332	829506
340339	829513
340347	829514
340354	829519
340361	829526
340362	829534
340356	829546
340356	829553
340358	829564
340368	829572
340374	829578
340381	829581
340384	829585
340386	829585
340389	829574
340393	829566
340398	829565
340413	829566
340417	829568
340419	829571
340420	829577
340416	829578
340413	829581
340415	829586
340419	829592
340425	829596
340438	829597
340445	829595
340454	829588
340460	829586
340467	829586
340473	829590
340474	829595
340472	829606
340473	829611
340477	829612
340488	829609
340506	829602
340512	829597
340515	829589
340520	829587
340528	829588
340533	829594
340539	829598
340544	829600
340552	829602
340555	829605
340559	829609
340565	829605
340568	829600
340566	829594
340567	829591
340572	829590
340577	829593
340583	829592
340606	829592
340611	829589
340627	829577
340639	829570
340645	829571
340645	829574
340644	829581
340649	829589
340653	829597
340659	829600
340668	829598
340671	829591
340672	829583
340667	829571
340667	829563
340672	829558
340676	829558
340680	829562
340685	829566
340693	829566
340708	829565
340716	829562
340723	829549
340734	829536
340740	829533
340754	829533
340760	829531
340769	829522
340776	829517
340789	829519
340802	829520
340807	829518
340809	829506
340812	829502
340820	829500
340826	829497
340830	829492
340836	829489
340846	829483
340855	829474
340866	829465
340879	829457
340882	829458
340892	829462
340899	829462
340904	829457
340910	829442
340913	829439
340920	829432
340923	829425
340922	829418
340918	829410
340916	829402
340919	829398
340928	829395
340932	829396
340939	829397
340943	829394
340950	829386
340959	829384
340965	829380
340968	829372
340975	829369
340985	829365
340991	829362
340997	829363
341000	829359
341003	829342
341008	829336
341019	829328
341027	829324
341040	829323
341058	829324
341071	829327
341076	829333
341081	829341
341086	829347
341094	829350
341105	829351
341115	829355
341126	829365
341139	829377
341148	829390
341154	829398
341159	829410
341157	829420
341156	829439
341167	829461
341172	829469
341171	829478
341170	829486
341184	829494
341195	829498
341200	829495
341207	829491
341220	829487
341236	829482
341250	829477
341261	829468
341271	829464
341281	829461
341289	829457
341303	829447
341317	829435
341326	829429
341337	829426
341354	829426
341367	829427
341382	829431
341394	829437
341410	829440
341420	829437
341430	829428
341443	829417
341457	829404
341471	829400
341479	829401
341491	829403
341504	829403
341514	829403
341525	829400
341544	829399
341563	829400
341582	829399
341600	829396
341622	829392
341649	829388
341686	829385
341736	829386
341736	829386
341737	829403
341578	829741
341408	829882
341285	829986
341272	830000
341272	830000
341272	830000
341066	830438
341026	830529
340952	830688
340934	830741
341173	830927
341470	831476
341569	831516
341617	831533
341709	831569
341821	831618
341907	831666
341945	831685
341990	831711
342066	831757
342156	831824
342337	831926
342357	831945
342436	832028
342448	832031
342457	832040
342482	832058
342523	832080
342530	832085
342543	832099
342555	832108
342580	832144
342601	832181
342700	832323
342704	832334
342696	832337
342694	832344
342697	832356
342695	832361
342683	832362
342679	832365
342681	832387
342677	832398
342643	832428
342631	832443
342627	832445
342619	832443
342616	832444
342611	832456
342589	832469
342558	832494
342556	832502
342555	832513
342550	832521
342529	832522
342509	832536
342495	832539
342491	832545
342484	832548
342480	832557
342477	832560
342471	832563
342454	832577
342442	832593
342429	832606
342417	832614
342389	832641
342359	832653
342351	832659
342331	832679
342311	832684
342305	832689
342296	832704
342284	832714
342267	832750
342236	832794
342230	832800
342217	832803
342113	832856
342009	832915
341955	832947
341914	832974
341914	832974
342019	833092
342075	833154
342126	833211
342172	833264
342199	833297
342215	833308
342264	833325
342337	833348
342405	833372
342475	833395
342548	833417
342633	833446
342669	833456
342681	833468
342709	833502
342760	833560
342797	833602
342829	833638
342847	833660
342897	833713
342924	833746
342924	833753
342912	833812
342894	833899
342877	833999
342865	834029
342938	834037
342987	834043
343065	834051
343065	834051
343308	834146
343498	834219
343498	834219
343571	834248
343609	834342
343655	834390
343711	834518
343724	834550
343762	834631
343789	834701
343789	834701
343835	834743
343883	834783
343920	834815
343942	834847
343956	834869
343983	834901
344031	834947
344063	834979
344086	835006
344086	835006
344188	835105
344267	835184
344320	835155
344361	835131
344390	835116
344392	835138
344392	835138
344342	835373
344274	835679
344192	836078
344192	836078
344183	836129
344173	836184
344171	836209
344160	836253
344153	836298
344149	836335
344151	836368
344153	836390
344158	836436
344169	836538
344173	836580
344180	836618
344185	836658
344193	836706
344198	836740
344211	836749
344246	836772
344280	836795
344313	836815
344342	836835
344381	836862
344410	836881
344435	836896
344442	836903
344442	836903
344437	836924
344427	836956
344415	837005
344392	837094
344378	837134
344365	837182
344356	837221
344336	837264
344323	837292
344304	837336
344288	837367
344260	837430
344245	837462
344234	837477
344213	837495
344186	837519
344137	837546
344137	837546
344128	837555
344120	837566
344115	837572
344102	837577
344095	837582
344088	837589
344084	837598
344082	837606
344080	837610
344076	837612
344072	837613
344070	837611
344061	837604
344056	837602
344048	837604
344040	837606
344031	837613
344025	837619
344015	837629
344006	837628
343997	837632
343987	837648
343976	837664
343966	837670
343955	837672
343948	837678
343941	837677
343926	837675
343920	837680
343907	837690
343898	837696
343889	837701
343885	837707
343875	837714
343869	837720
343866	837730
343858	837738
343846	837747
343841	837753
343831	837762
343823	837770
343819	837782
343811	837792
343798	837805
343785	837817
343768	837832
343751	837848
343733	837850
343716	837857
343706	837869
343694	837877
343678	837880
343661	837888
343643	837897
343626	837909
343608	837919
343608	837919
343590	837926
343545	837951
343522	837965
343501	837979
343479	837991
343458	837996
343438	837998
343426	838000
343415	838006
343396	838024
343370	838049
343351	838067
343335	838083
343325	838087
343288	838098
343258	838106
343235	838112
343215	838117
343205	838117
343183	838117
343137	838115
343114	838116
343104	838121
343091	838127
343077	838135
343053	838147
343030	838156
343011	838163
343005	838170
343003	838177
343001	838186
342995	838186
342989	838180
342983	838176
342969	838175
342967	838186
342969	838254
342948	838286
342926	838313
342894	838346
342866	838372
342827	838403
342761	838456
342709	838496
342642	838546
342597	838578
342547	838602
342484	838623
342437	838648
342408	838677
342365	838739
342337	838796
342315	838848
342315	838848
342309	838874
342299	838902
342298	838911
342299	838922
342303	838935
342318	838959
342349	839000
342382	839024
342393	839029
342403	839031
342425	839027
342487	839008
342508	839003
342529	839000
342583	838997
342604	839000
342664	839023
342703	839047
342724	839068
342734	839084
342740	839104
342742	839119
342741	839184
342744	839206
342719	839211
342682	839230
342678	839229
342667	839222
342648	839217
342639	839207
342631	839207
342624	839214
342615	839240
342619	839258
342619	839263
342614	839268
342604	839269
342591	839265
342580	839257
342557	839229
342525	839196
342521	839195
342519	839198
342514	839215
342505	839236
342483	839271
342473	839291
342459	839307
342442	839318
342432	839320
342422	839319
342418	839324
342394	839315
342368	839298
342359	839296
342304	839305
342240	839308
342190	839314
342172	839314
342158	839316
342148	839321
342124	839345
342089	839369
342068	839377
342015	839387
342000	839391
341995	839394
341986	839401
341971	839417
341956	839431
341935	839447
341926	839452
341904	839450
341801	839415
341765	839414
341741	839417
341710	839433
341652	839472
341636	839487
341597	839538
341586	839548
341565	839558
341546	839561
341515	839560
341448	839549
341425	839543
341400	839530
341368	839538
341350	839537
341340	839534
341328	839524
341319	839520
341310	839522
341300	839535
341293	839540
341282	839541
341276	839539
341262	839530
341249	839517
341243	839507
341240	839496
341230	839479
341223	839458
341213	839447
341162	839430
341157	839430
341150	839435
341145	839436
341103	839428
341096	839427
341088	839430
341076	839438
341068	839441
341057	839441
341049	839437
341039	839427
341033	839406
341035	839399
341044	839391
341045	839386
341043	839381
341026	839358
341010	839349
340996	839344
340980	839343
340949	839347
340933	839347
340879	839339
340865	839333
340856	839326
340845	839312
340840	839309
340836	839309
340829	839310
340814	839317
340794	839332
340777	839339
340714	839361
340697	839364
340687	839363
340680	839359
340674	839353
340663	839325
340645	839295
340640	839275
340635	839267
340628	839263
340609	839258
340587	839256
340581	839260
340568	839294
340559	839313
340557	839319
340559	839327
340554	839333
340555	839340
340547	839343
340544	839353
340541	839357
340536	839359
340522	839357
340515	839358
340509	839353
340505	839354
340504	839358
340506	839364
340505	839369
340501	839378
340489	839389
340487	839400
340481	839404
340479	839422
340476	839428
340462	839446
340454	839447
340445	839454
340433	839473
340429	839477
340416	839501
340412	839504
340399	839508
340395	839512
340393	839530
340379	839539
340372	839546
340368	839554
340361	839565
340355	839586
340349	839594
340340	839617
340339	839647
340331	839656
340329	839669
340322	839677
340320	839690
340313	839696
340297	839704
340295	839713
340295	839727
340292	839732
340285	839737
340263	839741
340256	839744
340254	839752
340242	839770
340229	839782
340227	839786
340224	839788
340206	839785
340166	839786
340159	839785
340153	839781
340146	839766
340133	839761
340103	839742
340091	839736
340085	839731
340077	839727
340035	839700
340018	839701
340003	839696
340001	839698
340000	839698
340000	839698
339933	839690
339895	839681
339821	839687
339816	839691
339580	839644
339436	839620
339389	839686
339180	839999
339180	840000
339180	840000
339027	840219
339000	840251
338886	840372
338886	840372
339015	840513
339018	840521
339024	840528
339034	840534
339045	840545
339054	840551
339200	840602
339208	840603
339212	840600
339217	840599
339226	840615
339236	840628
339249	840639
339270	840649
339276	840656
339283	840660
339286	840667
339311	840684
339315	840703
339323	840713
339324	840718
339336	840729
339345	840752
339352	840760
339357	840763
339367	840766
339370	840770
339371	840780
339376	840794
339377	840809
339374	840816
339373	840822
339377	840833
339382	840838
339388	840840
339404	840852
339406	840854
339405	840858
339408	840860
339412	840872
339410	840880
339407	840883
339408	840890
339406	840904
339413	840915
339413	840933
339419	840944
339421	840953
339425	840958
339427	840963
339426	840970
339417	840976
339415	840984
339417	840997
339430	841030
339429	841036
339423	841045
339423	841053
339433	841065
339437	841079
339438	841090
339435	841096
339419	841118
339417	841125
339419	841132
339415	841136
339413	841140
339413	841146
339418	841158
339414	841171
339413	841183
339419	841194
339418	841202
339406	841215
339400	841236
339382	841252
339383	841261
339391	841269
339392	841277
339387	841288
339382	841292
339379	841301
339382	841314
339373	841331
339368	841350
339369	841360
339366	841363
339358	841361
339342	841369
339333	841387
339332	841395
339333	841404
339324	841420
339323	841443
339313	841457
339318	841471
339313	841488
339319	841504
339328	841514
339332	841522
339338	841527
339339	841530
339338	841535
339324	841540
339324	841544
339329	841550
339349	841558
339357	841562
339359	841565
339357	841568
339342	841572
339332	841578
339327	841595
339327	841599
339345	841597
339351	841599
339358	841604
339363	841612
339360	841619
339361	841635
339364	841640
339374	841647
339379	841658
339385	841665
339395	841667
339398	841672
339404	841675
339409	841683
339417	841688
339425	841688
339432	841693
339438	841700
339439	841705
339433	841713
339432	841720
339437	841739
339431	841740
339429	841743
339430	841745
339448	841753
339451	841753
339456	841739
339466	841737
339469	841744
339477	841749
339491	841748
339507	841756
339526	841755
339534	841763
339539	841766
339546	841766
339551	841761
339556	841762
339566	841770
339581	841774
339597	841787
339609	841791
339641	841795
339664	841791
339678	841792
339696	841800
339714	841802
339732	841814
339749	841821
339753	841826
339759	841841
339768	841855
339773	841860
339799	841869
339802	841875
339797	841881
339798	841886
339830	841903
339833	841908
339835	841925
339853	841935
339866	841946
339869	841967
339871	841971
339879	841974
339901	841979
339907	841983
339912	841990
339919	842011
339931	842021
339939	842038
339951	842051
339955	842063
339959	842071
339977	842085
339983	842094
339993	842102
340000	842115
340000	842115
340000	842115
340005	842121
340011	842129
340019	842134
340024	842135
340032	842129
340045	842124
340051	842125
340058	842130
340065	842132
340070	842139
340067	842149
340069	842154
340085	842170
340102	842179
340112	842190
340118	842202
340119	842214
340125	842221
340128	842220
340127	842211
340132	842213
340138	842220
340146	842234
340149	842234
340149	842230
340150	842230
340168	842239
340171	842243
340173	842253
340176	842255
340194	842256
340215	842267
340222	842268
340231	842265
340238	842266
340242	842269
340239	842275
340244	842286
340249	842286
340259	842282
340269	842283
340288	842296
340290	842304
340296	842309
340305	842312
340317	842313
340331	842316
340337	842323
340341	842331
340350	842336
340352	842342
340352	842350
340356	842362
340353	842374
340355	842384
340355	842392
340357	842396
340363	842400
340372	842392
340376	842392
340379	842394
340381	842401
340381	842411
340394	842415
340403	842421
340408	842427
340412	842437
340412	842453
340418	842467
340429	842476
340444	842503
340461	842511
340466	842519
340475	842539
340480	842544
340493	842547
340502	842553
340507	842566
340509	842590
340516	842601
340519	842612
340519	842620
340523	842628
340529	842651
340533	842661
340531	842669
340534	842677
340538	842684
340547	842715
340553	842726
340561	842735
340574	842742
340601	842735
340608	842735
340614	842738
340619	842744
340630	842767
340634	842773
340638	842774
340655	842773
340661	842776
340674	842794
340700	842812
340721	842840
340731	842858
340741	842885
340750	842902
340756	842921
340783	842969
340787	842982
340787	842986
340785	842991
340778	843000
340777	843012
340785	843014
340807	843040
340815	843057
340817	843066
340816	843081
340827	843099
340847	843120
340851	843130
340855	843149
340865	843166
340880	843184
340884	843205
340880	843211
340880	843216
340891	843236
340903	843272
340910	843304
340912	843328
340916	843334
340922	843336
340927	843342
340933	843364
340954	843427
340964	843445
340982	843473
340989	843490
340984	843506
340986	843516
340982	843541
340971	843570
340970	843576
340974	843596
340973	843604
340958	843623
340955	843636
340956	843645
340958	843651
340964	843656
340973	843660
340977	843664
340969	843705
340969	843712
340968	843714
340965	843715
340956	843716
340942	843714
340919	843717
340903	843727
340900	843735
340900	843750
340895	843766
340885	843777
340883	843778
340872	843773
340864	843779
340859	843788
340856	843806
340856	843820
340859	843831
340863	843841
340868	843847
340872	843848
340891	843836
340923	843828
340927	843831
340933	843848
340949	843855
340954	843861
340955	843869
340948	843896
340947	843910
340948	843925
340952	843948
340953	844005
340952	844013
340947	844024
340943	844046
340944	844077
340952	844089
340959	844093
340966	844094
340979	844089
340987	844089
341015	844099
341022	844104
341030	844118
341027	844132
341009	844137
341006	844147
341000	844149
340985	844146
340978	844150
340974	844157
340975	844166
340981	844173
341005	844189
341040	844233
341049	844243
341055	844247
341060	844247
341063	844245
341072	844238
341079	844228
341086	844213
341091	844208
341110	844210
341124	844214
341134	844217
341155	844229
341164	844236
341172	844259
341182	844278
341188	844283
341209	844284
341214	844286
341236	844301
341239	844309
341240	844326
341243	844338
341249	844346
341255	844350
341273	844355
341276	844358
341282	844373
341293	844384
341322	844397
341331	844399
341332	844401
341331	844407
341327	844410
341317	844413
341312	844420
341313	844423
341316	844423
341322	844419
341327	844419
341330	844420
341334	844426
341349	844431
341365	844448
341380	844478
341390	844534
341389	844545
341382	844567
341377	844572
341359	844586
341354	844592
341354	844598
341363	844602
341376	844605
341391	844614
341474	844643
341487	844655
341519	844693
341550	844716
341538	844759
341530	844782
341528	844794
341535	844838
341538	844849
341541	844852
341547	844856
341563	844857
341574	844863
341611	844899
341628	844908
341638	844911
341652	844911
341658	844908
341707	844897
341716	844897
341721	844899
341731	844909
341736	844925
341740	844931
341753	844943
341765	844950
341788	844957
341806	844971
341826	844981
341829	844986
341829	844992
341824	845000
341824	845000
341820	845005
341813	845023
341809	845035
341805	845057
341794	845087
341792	845097
341793	845116
341796	845124
341802	845130
341838	845141
341854	845157
341855	845172
341854	845183
341847	845199
341844	845226
341825	845271
341817	845295
341815	845314
341818	845332
341826	845354
341826	845373
341823	845376
341814	845379
341811	845383
341807	845418
341808	845427
341813	845438
341825	845445
341845	845444
341854	845446
341859	845450
341862	845460
341860	845473
341857	845478
341842	845492
341827	845521
341806	845536
341801	845543
341797	845568
341801	845577
341802	845584
341808	845590
341821	845594
341838	845607
341850	845609
341859	845606
341874	845593
341883	845592
341893	845594
341904	845600
341914	845612
341931	845647
341948	845645
341948	845623
341996	845574
342032	845482
342057	845446
342090	845401
342291	845317
342414	845232
342572	845246
342579	845245
342684	845254
342817	845262
342946	845271
343130	845261
343244	845256
343261	845257
343628	845283
343778	845311
343814	845305
343814	845305
343884	845293
343892	845293
344445	845355
344468	845360
345000	845355
345000	845355
345022	845356
345082	845354
345149	845350
345143	845366
345151	845398
345150	845443
345151	845447
345163	845453
345166	845456
345161	845473
345157	845502
345165	845528
345172	845567
345172	845572
345157	845602
345153	845618
345141	845641
345108	845692
345097	845705
345064	845737
345041	845764
345000	845818
345000	845818
344958	845872
344946	845890
344936	845915
344928	845944
344945	845953
344944	845963
344907	846097
344885	846165
344916	846292
344996	846606
345000	846609
345000	846609
345301	846805
345567	846900
345593	846911
345602	846912
345608	846916
345982	847294
346143	847449
346618	847920
346767	848071
346826	848135
347005	848317
346975	848397
346931	848499
346900	848585
346837	848752
346825	848794
346825	848809
346827	848822
346827	848845
346833	848881
346846	848923
346918	849131
346940	849203
346978	849314
346994	849372
347009	849418
347022	849443
347051	849484
347065	849496
347121	849531
347147	849553
347176	849551
347212	849544
347224	849540
347224	849540
347271	849525
347738	849318
348070	849166
348111	849163
348212	849164
348223	849166
348368	849211
348565	849331
348642	849383
348667	849396
348825	849457
348857	849472
348897	849493
348930	849514
349021	849560
349116	849616
349214	849655
349249	849665
349328	849687
349428	849710
349522	849781
349560	849804
349674	849868
349725	849902
349859	849982
349897	850000
349897	850000
349898	850000
350000	850060
350000	850060
350000	850060
350041	850075
350089	850091
350165	850107
350199	850116
350251	850123
350647	850194
350658	850128
350663	850106
350695	850000
350695	850000
350709	849955
350718	849932
350774	849806
350782	849793
350790	849781
350806	849763
350841	849739
350852	849733
350867	849729
350877	849729
350901	849731
350921	849731
350927	849732
350934	849730
350936	849732
350945	849733
350949	849710
350950	849679
350961	849594
350975	849523
350980	849479
351006	849329
351039	849166
351047	849098
351062	849046
351073	849021
351086	848994
351090	848982
351093	848929
351093	848855
351094	848825
351095	848758
351093	848745
351088	848727
351063	848680
351058	848651
351059	848591
351064	848569
351075	848534
351077	848520
351070	848445
351073	848375
351089	848267
351114	848148
351122	848122
351146	848064
351158	848041
351172	848025
351181	848019
351201	848019
351238	848014
351248	848014
351266	848016
351276	848019
351328	848042
351347	848048
351375	848053
351394	848055
351495	848053
351519	848051
351537	848041
351558	848032
351574	848022
351589	848009
351610	847986
351626	847960
351688	847888
351702	847869
351755	847770
351767	847743
351779	847701
351787	847687
351800	847674
351863	847625
351904	847578
351913	847570
351933	847557
351978	847534
351992	847521
352009	847490
352030	847440
352042	847418
352086	847368
352097	847347
352108	847323
352132	847279
352167	847226
352187	847215
352272	847152
352299	847129
352342	847097
352354	847087
352367	847082
352392	847078
352409	847073
352434	847062
352442	847052
352451	847038
352471	846996
352484	846982
352596	846921
352667	846885
352687	846870
352720	846841
352744	846814
352766	846794
352789	846776
352849	846733
352861	846727
352887	846722
352909	846713
352928	846711
352942	846712
352965	846730
352984	846741
353023	846769
353072	846815
353146	846857
353166	846870
353198	846895
353222	846920
353231	846933
353244	846965
353252	847000
353251	847048
353257	847120
353259	847139
353269	847176
353276	847241
353275	847300
353278	847330
353283	847345
353299	847379
353322	847444
353359	847504
353373	847525
353386	847537
353397	847543
353411	847543
353455	847526
353482	847520
353489	847520
353542	847536
353564	847545
353587	847553
353657	847584
353671	847594
353704	847623
353716	847640
353740	847680
353775	847754
353823	847819
353849	847840
353906	847899
354000	847978
354040	848019
354094	848070
354158	848122
354196	848156
354233	848179
354289	848204
354306	848210
354334	848216
354365	848219
354381	848218
354391	848216
354436	848188
354443	848185
354461	848183
354480	848183
354509	848179
354523	848178
354533	848180
354558	848189
354585	848208
354612	848221
354626	848222
354645	848220
354677	848207
354696	848190
354739	848122
354774	848081
354777	848075
354771	848066
354769	848065
354755	848067
354744	848065
354737	848067
354735	848066
354732	848059
354730	848058
354726	848059
354722	848065
354711	848063
354706	848055
354697	848028
354680	848000
354675	847988
354675	847984
354677	847978
354687	847962
354687	847955
354689	847944
354684	847927
354688	847923
354685	847918
354678	847885
354673	847847
354669	847839
354663	847834
354660	847829
354659	847822
354655	847813
354655	847796
354628	847772
354625	847752
354628	847744
354629	847735
354624	847714
354623	847702
354629	847694
354634	847670
354621	847644
354624	847639
354624	847631
354613	847614
354610	847607
354611	847600
354609	847597
354587	847588
354576	847585
354563	847585
354552	847561
354553	847545
354551	847538
354546	847531
354537	847523
354534	847513
354529	847507
354534	847487
354550	847470
354556	847461
354558	847447
354552	847433
354542	847424
354537	847409
354532	847401
354527	847343
354527	847334
354529	847328
354533	847324
354545	847325
354562	847324
354568	847323
354572	847320
354579	847308
354582	847290
354592	847279
354602	847267
354609	847263
354617	847261
354623	847254
354628	847242
354632	847238
354645	847228
354665	847221
354668	847215
354667	847205
354671	847199
354677	847195
354689	847193
354698	847188
354702	847180
354718	847156
354721	847143
354731	847141
354738	847136
354744	847128
354749	847119
354759	847110
354761	847105
354754	847099
354840	847013
354927	846923
354930	846922
354931	846919
354939	846920
355000	846895
355000	846895
355002	846894
355001	846890
355004	846888
355018	846882
355041	846867
355063	846858
355089	846853
355107	846843
355127	846835
355138	846826
355149	846827
355170	846821
355192	846798
355233	846771
355270	846759
355284	846757
355294	846747
355348	846715
355446	846651
355459	846644
355467	846636
355481	846626
355505	846594
355556	846506
355571	846457
355597	846293
355605	846272
355640	846221
355642	846219
355650	846218
355715	846217
355733	846215
355748	846216
355763	846214
355787	846215
355807	846218
355821	846217
355835	846219
355867	846218
355919	846211
355948	846216
355957	846212
355986	846193
356007	846185
356024	846181
356034	846187
356038	846185
356054	846186
356071	846177
356086	846175
356101	846180
356115	846178
356116	846184
356118	846186
356141	846191
356149	846202
356154	846206
356179	846221
356192	846226
356208	846227
356216	846231
356226	846231
356234	846228
356245	846227
356251	846231
356256	846229
356259	846229
356268	846233
356288	846238
356292	846244
356299	846248
356306	846254
356334	846259
356347	846258
356456	846278
356500	846277
356621	846258
356723	846261
356729	846260
356741	846254
356867	846124
357032	845912
357073	845863
357080	845876
357080	845876
357343	846376
357665	846982
357689	846998
357722	846956
357752	846923
357766	846908
357779	846897
357795	846886
357837	846863
357935	846822
357969	846818
358000	846820
358056	846833
358072	846835
358106	846833
358123	846827
358138	846816
358149	846805
358250	846659
358269	846640
358282	846633
358319	846618
358334	846614
358364	846610
358392	846611
358420	846615
358457	846626
358492	846647
358523	846672
358547	846698
358570	846730
358574	846738
358575	846745
358578	846791
358590	846878
358612	847022
358629	847117
358636	847141
358645	847161
358681	847213
358687	847230
358693	847253
358695	847276
358693	847290
358689	847303
358677	847356
358670	847373
358653	847402
358646	847417
358621	847522
358599	847569
358628	847584
358664	847594
358809	847608
358876	847605
358888	847607
358980	847607
359005	847611
359033	847608
359187	847608
359289	847606
359289	847606
359271	847416
359609	847315
359980	847198
359999	847192
359999	847192
360000	847192
360151	847147
360206	847127
360239	847128
360378	847140
360392	847138
360779	847172
360780	847134
361072	847012
361095	846831
361104	846777
361104	846777
361155	846779
361188	846767
361217	846745
361232	846731
361257	846709
361294	846654
361309	846628
361316	846629
361316	846629
361500	846653
361506	846605
361532	846579
361559	846579
361599	846583
361620	846575
361632	846572
361639	846568
361666	846563
361672	846559
361678	846552
361716	846527
361744	846521
361755	846512
361757	846507
361768	846496
361777	846490
361785	846479
361790	846476
361796	846475
361811	846464
361829	846454
361837	846447
361847	846440
361857	846424
361862	846411
361877	846397
361888	846382
361897	846361
361898	846346
361900	846344
361906	846340
361907	846336
361910	846322
361916	846312
361920	846298
361937	846289
361952	846274
361960	846262
361973	846251
361979	846250
361986	846246
361996	846250
362011	846247
362011	846247
362020	846219
362035	846189
362057	846170
362071	846165
362078	846171
362106	846196
362112	846196
362112	846196
362111	846167
362085	846128
362079	846113
362077	846105
362080	846068
362088	846053
362092	846042
362092	846031
362090	846019
362079	846000
362069	845975
362064	845966
362057	845959
362034	845939
362020	845932
362012	845922
362006	845908
362000	845886
361984	845822
361973	845768
361972	845758
361975	845739
361972	845719
361973	845709
361980	845664
361984	845652
361990	845643
362018	845617
362047	845586
362076	845547
362091	845537
362113	845530
362123	845523
362126	845514
362119	845484
362119	845476
362122	845468
362129	845462
362145	845454
362192	845414
362210	845384
362209	845379
362209	845379
362234	845381
362230	845396
362218	845413
362209	845424
362209	845441
362212	845450
362253	845455
362294	845455
362309	845457
362332	845458
362357	845461
362357	845451
362353	845432
362351	845398
362349	845389
362342	845381
362335	845369
362335	845369
362352	845358
362352	845358
362366	845347
362352	845319
362339	845299
362320	845259
362296	845209
362285	845184
362256	845137
362239	845097
362216	845057
362191	845036
362161	845017
362142	845004
362125	844989
362088	844959
362073	844950
362073	844950
362073	844947
362073	844947
362079	844806
362083	844781
362000	844758
361976	844750
361972	844737
361966	844702
361946	844553
361946	844553
361978	844513
361990	844500
362002	844485
362010	844471
362007	844461
361999	844453
361987	844453
361978	844452
361972	844449
361976	844435
361982	844417
361989	844388
361996	844381
362007	844383
362016	844389
362030	844393
362039	844391
362073	844382
362090	844378
362108	844360
362125	844336
362134	844318
362150	844313
362158	844306
362159	844293
362145	844272
362149	844264
362176	844246
362181	844248
362181	844258
362188	844276
362209	844269
362224	844253
362222	844237
362215	844228
362208	844220
362211	844209
362222	844201
362236	844205
362260	844215
362274	844221
362274	844221
362299	844208
362299	844208
362324	844195
362371	844172
362389	844166
362405	844156
362431	844145
362442	844138
362483	844120
362490	844114
362499	844104
362516	844070
362550	844035
362670	844070
362771	843731
362679	843680
362704	843529
362700	843513
362688	843490
362681	843482
362675	843478
362675	843478
362675	843474
362675	843463
362678	843438
362679	843416
362679	843416
362950	843444
362960	843437
362963	843406
362967	843402
362982	843396
363005	843391
363033	843391
363045	843395
363097	843434
363118	843445
363287	843497
363347	843504
363402	843509
363430	843508
363511	843499
363535	843492
363671	843438
363691	843426
363738	843391
363790	843388
363877	843366
363912	843354
364052	843304
364155	843271
364162	843276
364168	843276
364176	843271
364183	843262
364204	843273
364207	843273
364223	843261
364238	843255
364247	843257
364254	843254
364259	843254
364269	843251
364275	843252
364281	843249
364286	843249
364295	843253
364312	843255
364336	843252
364344	843235
364353	843229
364372	843223
364387	843217
364397	843216
364448	843195
364464	843184
364469	843183
364489	843186
364489	843181
364498	843177
364502	843177
364512	843182
364518	843182
364526	843175
364552	843161
364567	843141
364574	843136
364586	843121
364589	843112
364594	843107
364602	843105
364603	843103
364608	843104
364625	843099
364645	843082
364659	843078
364674	843065
364681	843061
364700	843047
364700	843047
364712	843040
364742	843021
364771	843003
364854	842958
364875	842948
364894	842946
364910	842948
364933	842952
364972	842960
364998	842965
364998	842965
364999	842965
364999	842965
365004	842972
365039	842995
365058	843007
365088	843017
365120	843027
365149	843019
365163	843013
365205	842993
365227	842984
365285	842959
365320	842939
365362	842913
365391	842892
365426	842872
365426	842872
365434	842863
365765	842540
365765	842540
365766	842540
365766	842540
365774	842528
365877	842439
365953	842371
365979	842345
366020	842309
366050	842281
366086	842248
366098	842247
366098	842247
366102	842233
366102	842233
366151	842069
366191	841950
366497	841758
366824	841507
366924	841410
366924	841410
367163	841833
367277	842042
367293	842107
367332	842325
367360	842449
367383	842582
367203	842654
367078	842708
367004	842736
367119	842979
367154	843129
367215	843369
367244	843415
367512	843816
367509	843873
367543	843985
367527	844028
367518	844065
367521	844069
367530	844071
367676	844019
367763	843987
367783	843988
367812	843984
367854	843987
367856	843997
367869	843999
367879	843997
367900	843985
367906	843984
367916	843985
367923	843987
368233	844172
368364	844223
368543	844288
368556	844295
368703	844351
368726	844401
368795	844485
368842	844588
368907	844632
368900	844784
368859	844837
368795	844914
368795	844914
368785	844926
368778	844935
368759	844960
368748	844974
368741	844982
368732	844992
368732	844992
368715	845016
368682	845056
368669	845074
368653	845094
368634	845119
368616	845143
368605	845155
368594	845170
368582	845183
368572	845195
368544	845224
368532	845239
368516	845254
368505	845264
368496	845271
368486	845280
368476	845286
368445	845310
368426	845328
368411	845340
368401	845350
368392	845359
368383	845367
368377	845375
368352	845392
368305	845434
368286	845451
368275	845466
368212	845563
368192	845593
368088	845736
368070	845761
367962	845909
367938	845942
367895	846003
367836	846083
367795	846138
367746	846204
367713	846250
367698	846268
367584	846424
367543	846477
367489	846550
367464	846585
367438	846619
367406	846657
367360	846706
367322	846755
367273	846805
367240	846844
367226	846875
367205	846917
367187	846961
367172	846999
367155	847038
367146	847057
367131	847059
367125	847062
367121	847074
367117	847076
367100	847077
367094	847084
367077	847094
367068	847106
367054	847112
367041	847123
367026	847136
367020	847137
367009	847139
367000	847146
366994	847154
366987	847166
366970	847197
366963	847215
366959	847231
366957	847244
366954	847249
366951	847258
366945	847266
366933	847287
366939	847315
366946	847353
366946	847353
366986	847344
367009	847351
367017	847358
367042	847400
367050	847424
367065	847494
367085	847573
367088	847635
367083	847688
367065	847779
367042	847848
367030	847876
367014	847904
366969	847960
366933	848000
366843	848091
366834	848105
366834	848120
366841	848188
366841	848249
366843	848266
366845	848276
366854	848294
366856	848304
366865	848380
366897	848528
366905	848578
366910	848677
366909	848723
366910	848768
366910	848820
366904	848922
366913	848978
366920	849000
366939	849013
366959	849021
366985	849025
367014	849025
367055	849042
367096	849054
367204	849078
367307	849098
367322	849105
367351	849125
367384	849153
367400	849171
367454	849247
367464	849272
367473	849304
367507	849362
367511	849379
367518	849432
367531	849469
367552	849519
367560	849533
367568	849543
367599	849567
367697	849634
367726	849658
367764	849684
367828	849723
367853	849735
367883	849748
367910	849756
367948	849763
368050	849771
368125	849772
368163	849768
368183	849763
368196	849758
368224	849736
368275	849712
368303	849696
368359	849661
368416	849622
368480	849599
368507	849586
368642	849501
368663	849493
368689	849487
368777	849481
368806	849482
368860	849498
368968	849519
368989	849525
369003	849530
369067	849562
369093	849570
369137	849577
369198	849578
369248	849582
369323	849594
369446	849610
369478	849618
369552	849639
369632	849666
369666	849680
369696	849696
369861	849820
369879	849830
369909	849838
369959	849842
369999	849844
369999	849844
370000	849844
370059	849839
370113	849841
370165	849839
370198	849835
370229	849828
370282	849807
370384	849776
370414	849773
370447	849780
370560	849831
370599	849859
370692	849951
370744	849992
370755	850000
370755	850000
370770	850009
370801	850027
370855	850056
370880	850068
370906	850077
370951	850088
370973	850089
371003	850085
371024	850080
371051	850068
371110	850034
371144	850022
371155	850022
371171	850028
371194	850041
371214	850050
371243	850059
371259	850068
371287	850087
371297	850093
371310	850098
371359	850110
371407	850133
371452	850158
371475	850177
371485	850188
371497	850207
371505	850227
371510	850261
371507	850271
371502	850282
371494	850291
371466	850317
371380	850360
371351	850377
371325	850396
371289	850423
371267	850442
371233	850481
371188	850550
371153	850613
371103	850699
371092	850729
371069	850773
371065	850790
371048	850839
371048	850867
371042	850888
371031	850904
370987	850962
370963	851000
370941	851021
370918	851040
370845	851091
370765	851129
370711	851157
370688	851178
370675	851199
370667	851216
370666	851223
370663	851241
370663	851267
370667	851295
370670	851303
370678	851319
370687	851331
370692	851333
370702	851334
370713	851331
370720	851326
370734	851299
370741	851291
370771	851266
370795	851249
370804	851245
370819	851241
370837	851241
370857	851247
370870	851257
370887	851275
370896	851293
370896	851307
370889	851328
370872	851357
370843	851390
370811	851421
370734	851480
370691	851511
370646	851540
370571	851578
370554	851585
370537	851589
370518	851591
370518	851591
370515	851615
370514	851638
370499	851646
370460	851664
370427	851681
370394	851697
370367	851710
370338	851721
370303	851735
370275	851745
370243	851758
370214	851770
370202	851781
370199	851783
370199	851783
370187	851856
370179	851860
370139	851876
370115	851879
370079	851879
370067	851878
370058	851886
370038	851889
370015	851890
370006	851892
370005	851912
370009	851933
370013	851947
370016	851959
370016	851959
370020	852000
370031	852050
370048	852097
370068	852145
370123	852240
370143	852271
370222	852364
370269	852403
370317	852441
370353	852474
370369	852497
370374	852510
370376	852522
370373	852546
370366	852562
370328	852633
370317	852655
370301	852697
370329	852695
370341	852691
370345	852691
370361	852699
370373	852710
370379	852713
370416	852719
370447	852735
370483	852738
370488	852740
370491	852745
370492	852764
370506	852781
370518	852792
370531	852813
370539	852818
370546	852849
370581	852910
370588	852920
370654	852985
370701	853035
370708	853040
370722	853043
370732	853049
370744	853064
370760	853076
370763	853076
370767	853071
370777	853074
370786	853071
370795	853080
370800	853077
370803	853078
370817	853091
370825	853103
370833	853108
370847	853110
370870	853109
370875	853112
370885	853123
370889	853123
370892	853118
370896	853120
370900	853131
370906	853141
370907	853148
370916	853156
370925	853168
370944	853184
370952	853194
370954	853202
370952	853226
370962	853249
370961	853255
370958	853263
370958	853267
370960	853273
370965	853277
370982	853285
370993	853288
371014	853305
371020	853305
371022	853303
371024	853300
371027	853299
371036	853307
371056	853313
371061	853313
371068	853311
371074	853317
371081	853320
371084	853319
371084	853319
371083	853331
371083	853365
371082	853385
371084	853389
371092	853395
371108	853416
371118	853434
371125	853451
371127	853473
371125	853483
371122	853491
371124	853497
371126	853502
371131	853527
371134	853540
371143	853552
371153	853562
371163	853571
371166	853585
371168	853597
371170	853616
371170	853632
371165	853671
371161	853701
371158	853713
371156	853728
371153	853756
371151	853779
371148	853840
371145	853869
371143	853887
371142	853924
371140	853930
371138	853957
371172	853979
371213	854007
371231	854019
371271	854047
371305	854069
371339	854093
371370	854114
371397	854133
371413	854144
371431	854156
371422	854177
371409	854202
371398	854224
371389	854242
371383	854256
371401	854272
371425	854296
371474	854341
371493	854359
371515	854379
371561	854424
371580	854441
371599	854460
371624	854482
371649	854507
371675	854531
371696	854550
371715	854569
371733	854587
371743	854595
371740	854602
371731	854635
371720	854669
371708	854710
371702	854731
371694	854773
371693	854802
371692	854834
371695	854851
371694	854897
371691	854948
371687	854990
371678	854997
371678	854997
371678	855009
371673	855079
371672	855087
371670	855130
371668	855160
371665	855165
371616	855248
371567	855331
371552	855356
371515	855418
371501	855440
371488	855460
371462	855504
371449	855527
371432	855556
371423	855571
371412	855589
371390	855630
371378	855670
371372	855694
371368	855704
371366	855714
371357	855753
371346	855787
371333	855838
371327	855863
371311	855924
371306	855942
371288	856007
371279	856040
371272	856066
371266	856094
371253	856141
371242	856178
371239	856194
371231	856223
371220	856264
371215	856281
371211	856291
371206	856302
371201	856315
371186	856349
371172	856382
371165	856397
371160	856404
371146	856415
371137	856421
371123	856433
371099	856451
371075	856469
371062	856480
371045	856492
371008	856520
370982	856538
370964	856553
370950	856563
370936	856575
370911	856595
370894	856581
370882	856565
370868	856554
370859	856547
370844	856536
370798	856501
370778	856487
370766	856478
370752	856468
370739	856458
370713	856440
370686	856418
370675	856409
370665	856402
370650	856403
370636	856404
370587	856408
370568	856412
370553	856416
370543	856419
370535	856419
370525	856418
370507	856416
370469	856413
370441	856413
370423	856415
370413	856418
370404	856424
370397	856432
370392	856439
370375	856469
370360	856491
370340	856502
370327	856512
370305	856527
370285	856539
370268	856553
370249	856576
370237	856590
370233	856594
370230	856603
370225	856611
370203	856627
370188	856629
370151	856632
370130	856644
370130	856659
370120	856660
370089	856664
370074	856667
370062	856670
370051	856671
370033	856671
369988	856673
369947	856672
369936	856674
369925	856681
369918	856687
369910	856693
369879	856716
369852	856736
369836	856744
369818	856749
369801	856753
369788	856755
369766	856768
369754	856785
369750	856800
369723	856801
369714	856800
369706	856804
369695	856808
369681	856817
369646	856839
369629	856844
369612	856843
369601	856842
369579	856838
369560	856839
369530	856846
369519	856849
369499	856847
369489	856846
369482	856851
369469	856850
369457	856841
369442	856831
369409	856806
369393	856795
369381	856787
369365	856786
369344	856787
369338	856804
369330	856838
369327	856851
369320	856859
369312	856875
369307	856906
369306	856923
369322	856961
369326	856989
369324	857012
369317	857031
369309	857037
369300	857056
369283	857049
369265	857043
369250	857036
369245	857034
369223	857025
369204	857016
369164	856997
369164	856997
369158	857014
369147	857040
369141	857063
369126	857104
369121	857121
369150	857126
369198	857148
369220	857162
369245	857187
369252	857233
369236	857312
369223	857440
369223	857440
369222	857460
369221	857481
369222	857518
369224	857566
369229	857592
369250	857623
369262	857647
369270	857675
369291	857739
369296	857754
369295	857784
369287	857822
369269	857873
369262	857903
369254	857913
369236	857942
369224	857987
369221	857995
369226	858030
369241	858073
369257	858101
369274	858144
369281	858161
369290	858171
369333	858216
369347	858246
369349	858263
369352	858333
369351	858349
369340	858367
369327	858375
369297	858416
369285	858433
369275	858449
369252	858502
369233	858537
369202	858577
369191	858587
369186	858596
369122	858672
369091	858715
369068	858748
369068	858765
369070	858807
369079	858829
369094	858845
369116	858870
369156	858928
369178	858957
369194	858979
369224	858996
369250	859015
369279	859038
369278	859054
369270	859097
369269	859113
369292	859138
369332	859184
369370	859227
369406	859266
369434	859303
369453	859350
369454	859360
369479	859435
369492	859477
369503	859520
369533	859606
369569	859690
369591	859737
369608	859776
369638	859832
369656	859861
369670	859901
369686	859942
369699	859974
369705	859995
369712	860004
369713	860025
369718	860028
369753	860032
369772	860033
369795	860035
369815	860035
369833	860036
369847	860035
369863	860032
369890	860025
369910	860021
369929	860021
369940	860027
369952	860035
369968	860039
369979	860040
369994	860041
370008	860048
370022	860070
370030	860082
370041	860093
370054	860104
370061	860112
370065	860128
370084	860166
370086	860175
370090	860184
370095	860190
370100	860192
370111	860193
370120	860195
370131	860193
370181	860192
370205	860188
370221	860185
370237	860184
370247	860182
370266	860180
370286	860183
370303	860187
370310	860189
370325	860200
370336	860204
370347	860206
370358	860209
370373	860211
370389	860219
370404	860228
370420	860234
370429	860238
370435	860241
370447	860251
370454	860257
370466	860263
370474	860266
370489	860266
370510	860267
370522	860271
370535	860280
370544	860287
370553	860290
370561	860292
370568	860296
370578	860299
370585	860301
370604	860307
370615	860320
370627	860341
370629	860348
370627	860356
370632	860363
370642	860369
370664	860370
370674	860364
370685	860365
370700	860371
370707	860372
370715	860371
370730	860378
370743	860384
370751	860387
370761	860390
370767	860389
370775	860385
370780	860384
370810	860387
370813	860381
370823	860374
370839	860373
370853	860376
370870	860378
370889	860381
370900	860383
370944	860393
370964	860397
370972	860400
371001	860407
371013	860414
371022	860419
371083	860442
371107	860452
371119	860456
371126	860455
371135	860449
371143	860442
371153	860432
371180	860409
371199	860392
371210	860384
371216	860377
371225	860370
371231	860365
371241	860352
371250	860337
371263	860321
371272	860317
371281	860313
371291	860312
371296	860309
371309	860299
371321	860290
371346	860268
371367	860269
371390	860271
371405	860272
371429	860273
371460	860276
371477	860281
371499	860281
371513	860281
371530	860281
371542	860279
371562	860278
371589	860277
371613	860283
371647	860281
371658	860277
371680	860269
371710	860259
371743	860246
371761	860238
371772	860235
371784	860231
371796	860233
371814	860243
371848	860264
371865	860274
371883	860287
371899	860298
371917	860311
371967	860344
371982	860353
372007	860370
372048	860397
372087	860422
372101	860431
372124	860447
372166	860472
372191	860490
372214	860504
372230	860515
372245	860520
372276	860522
372295	860522
372318	860524
372344	860525
372385	860528
372416	860529
372438	860530
372479	860531
372525	860534
372560	860537
372560	860537
372572	860532
372588	860519
372614	860496
372643	860470
372658	860458
372682	860435
372706	860413
372736	860385
372751	860371
372770	860352
372784	860341
372813	860314
372831	860294
372843	860282
372856	860269
372867	860257
372895	860237
372917	860219
372931	860209
372935	860197
372974	860184
373018	860171
373040	860159
373055	860149
373074	860131
373090	860117
373100	860100
373116	860070
373130	860044
373144	860018
373161	859983
373166	859962
373179	859950
373191	859941
373202	859934
373217	859926
373263	859897
373286	859881
373331	859854
373378	859825
373405	859807
373452	859778
373478	859762
373498	859749
373515	859738
373576	859692
373602	859673
373689	859606
373709	859590
373723	859580
373750	859558
373796	859521
373820	859503
373854	859476
373873	859460
373861	859435
373850	859410
373843	859393
373823	859352
373813	859329
373804	859309
373785	859267
373777	859250
373764	859217
373747	859181
373741	859168
373729	859141
373708	859094
373699	859077
373692	859062
373683	859042
373671	859011
373660	858974
373651	858947
373645	858929
373636	858905
373615	858844
373608	858822
373602	858801
373586	858758
373578	858734
373569	858709
373558	858676
373549	858651
373541	858626
373536	858610
373529	858594
373566	858592
373631	858592
373658	858591
373704	858591
373760	858589
373783	858588
373816	858587
373844	858587
373894	858586
373913	858586
373940	858585
373951	858585
373961	858580
373983	858566
374003	858555
374025	858542
374041	858534
374052	858528
374079	858499
374095	858480
374115	858457
374130	858440
374142	858425
374159	858406
374173	858397
374185	858397
374199	858395
374209	858393
374230	858389
374241	858387
374280	858379
374306	858375
374316	858372
374335	858370
374341	858368
374356	858361
374366	858357
374395	858343
374421	858338
374440	858335
374458	858333
374477	858329
374487	858327
374518	858323
374543	858330
374579	858340
374607	858347
374646	858357
374668	858365
374699	858385
374723	858404
374741	858448
374757	858469
374790	858496
374821	858538
374834	858556
374853	858574
374890	858597
374930	858625
374936	858670
374945	858712
374950	858790
374952	858860
374975	858880
375046	858929
375069	858948
375111	858979
375150	859001
375181	859013
375212	859019
375269	859031
375305	859033
375334	859056
375376	859088
375403	859108
375446	859137
375468	859154
375486	859167
375515	859191
375554	859218
375585	859239
375599	859249
375632	859269
375670	859291
375682	859299
375704	859309
375747	859333
375766	859334
375841	859327
375909	859321
375925	859318
375953	859316
375979	859314
376025	859308
376051	859305
376070	859302
376098	859299
376131	859296
376170	859293
376188	859290
376210	859288
376231	859242
376238	859222
376239	859208
376247	859199
376247	859199
376247	859199
376246	859086
376250	859041
376266	858988
376364	858698
376364	858698
376379	858657
376397	858642
376410	858629
376425	858616
376432	858607
376438	858595
376444	858567
376462	858559
376479	858551
376500	858541
376519	858534
376536	858553
376573	858594
376605	858640
376627	858665
376672	858725
376688	858748
376710	858775
376732	858806
376739	858815
376753	858833
376764	858849
376791	858884
376807	858904
376841	858951
376863	858979
376879	859001
376886	859010
376908	859037
376925	859058
376950	859087
376963	859102
376981	859124
377011	859160
377037	859190
377052	859209
377063	859222
377101	859267
377118	859289
377128	859303
377135	859311
377133	859322
377126	859337
377134	859351
377146	859373
377153	859390
377162	859410
377169	859427
377185	859459
377196	859482
377204	859503
377213	859523
377224	859546
377228	859556
377241	859584
377258	859618
377291	859691
377302	859718
377311	859733
377324	859720
377339	859700
377354	859682
377373	859660
377390	859645
377430	859630
377448	859628
377461	859627
377484	859626
377518	859622
377554	859625
377588	859623
377609	859624
377621	859646
377629	859645
377645	859641
377664	859637
377676	859635
377694	859629
377723	859626
377747	859628
377762	859629
377780	859631
377802	859635
377815	859636
377830	859637
377857	859641
377877	859639
377889	859639
377897	859634
377905	859630
377921	859630
377937	859629
377946	859626
377970	859607
377988	859583
378002	859565
378008	859557
378021	859539
378033	859529
378051	859526
378080	859523
378110	859521
378130	859520
378139	859524
378150	859530
378170	859537
378196	859538
378226	859538
378256	859537
378274	859536
378302	859537
378336	859537
378355	859538
378376	859537
378411	859556
378430	859568
378442	859578
378454	859585
378486	859596
378509	859601
378521	859605
378541	859611
378555	859616
378580	859616
378593	859618
378613	859643
378629	859659
378641	859673
378638	859686
378624	859696
378601	859699
378582	859699
378558	859698
378542	859694
378527	859695
378515	859698
378489	859706
378468	859708
378444	859710
378427	859714
378414	859719
378385	859731
378366	859746
378352	859760
378338	859773
378329	859781
378314	859796
378307	859810
378312	859826
378329	859831
378346	859836
378355	859839
378368	859843
378398	859852
378423	859859
378447	859867
378471	859874
378483	859877
378537	859896
378567	859905
378587	859911
378599	859915
378612	859920
378638	859940
378650	859950
378659	859956
378667	859964
378683	859976
378691	859984
378722	860010
378743	860029
378754	860040
378766	860050
378775	860051
378799	860056
378811	860061
378864	860076
378876	860079
378889	860080
378897	860076
378908	860070
378917	860066
378932	860059
378941	860055
378960	860044
378991	860043
379036	860041
379073	860045
379089	860050
379099	860047
379115	860035
379162	860022
379214	860017
379225	860003
379244	860002
379260	859994
379264	859984
379280	859979
379293	859975
379307	859972
379308	859968
379348	859957
379386	859941
379417	859928
379440	859918
379464	859916
379487	859922
379517	859930
379535	859924
379555	859922
379584	859928
379611	859928
379636	859929
379652	859931
379675	859944
379698	859950
379729	859950
379738	859947
379764	859967
379776	859971
379793	859975
379804	859977
379824	859981
379834	859987
379852	860010
379890	860045
379916	860086
379959	860149
379973	860173
380007	860226
380028	860258
380034	860270
380051	860294
380062	860312
380087	860344
380101	860365
380118	860390
380126	860403
380139	860421
380144	860431
380192	860473
380209	860489
380218	860498
380236	860515
380274	860548
380294	860567
380304	860577
380314	860587
380323	860597
380357	860627
380375	860641
380389	860653
380402	860666
380409	860673
380417	860681
380425	860690
380445	860702
380468	860712
380483	860715
380499	860721
380512	860723
380533	860729
380572	860740
380601	860748
380623	860755
380639	860759
380654	860763
380707	860775
380729	860778
380751	860782
380765	860775
380785	860769
380820	860758
380850	860749
380871	860742
380890	860738
380906	860734
380931	860725
380965	860716
380992	860709
381000	860704
381008	860702
381022	860704
381076	860707
381111	860708
381126	860709
381146	860709
381208	860714
381238	860716
381253	860716
381275	860718
381329	860713
381352	860710
381367	860707
381380	860706
381399	860703
381449	860697
381474	860694
381491	860692
381504	860690
381524	860689
381561	860684
381594	860680
381616	860677
381638	860675
381649	860674
381704	860667
381724	860663
381740	860661
381759	860659
381773	860657
381829	860650
381847	860647
381863	860645
381878	860643
381905	860640
381952	860637
381973	860638
381988	860639
382006	860639
382022	860642
382043	860640
382074	860634
382100	860628
382110	860627
382115	860628
382129	860620
382141	860613
382191	860593
382216	860582
382247	860607
382270	860632
382295	860640
382319	860629
382319	860629
382322	860635
382332	860643
382335	860648
382347	860661
382365	860694
382370	860696
382384	860693
382394	860694
382400	860702
382408	860725
382413	860728
382427	860725
382435	860728
382449	860747
382463	860761
382485	860761
382490	860763
382497	860771
382501	860772
382527	860766
382540	860778
382556	860796
382575	860801
382587	860808
382612	860821
382627	860830
382640	860842
382658	860848
382674	860858
382686	860870
382694	860876
382705	860879
382715	860877
382743	860877
382756	860881
382761	860889
382758	860902
382760	860909
382787	860918
382808	860930
382820	860947
382833	860955
382847	860959
382854	860975
382863	860985
382872	860989
382899	860993
382920	861014
382925	861015
382925	861015
382978	861039
383000	861055
383006	861056
383016	861052
383020	861052
383049	861066
383065	861088
383059	861103
383061	861115
383064	861121
383070	861122
383079	861117
383088	861116
383099	861128
383111	861148
383115	861150
383138	861149
383143	861150
383145	861153
383146	861160
383133	861171
383128	861179
383127	861183
383132	861191
383145	861201
383152	861218
383154	861228
383150	861243
383153	861267
383155	861274
383160	861278
383183	861289
383199	861300
383216	861307
383233	861321
383264	861323
383272	861326
383273	861331
383268	861341
383270	861348
383282	861365
383296	861390
383302	861396
383326	861405
383334	861411
383336	861420
383336	861427
383327	861454
383329	861461
383342	861485
383349	861490
383362	861493
383373	861492
383386	861485
383390	861486
383392	861489
383392	861498
383387	861510
383371	861528
383365	861536
383366	861554
383356	861576
383348	861611
383347	861632
383348	861653
383349	861662
383356	861682
383358	861705
383356	861718
383347	861748
383344	861768
383343	861807
383346	861827
383342	861850
383348	861874
383348	861879
383331	861918
383325	861924
383306	861937
383291	861954
383289	861960
383286	861982
383289	862007
383288	862031
383291	862065
383311	862124
383328	862190
383348	862233
383358	862283
383361	862317
383365	862330
383369	862349
383366	862371
383365	862416
383371	862486
383374	862492
383397	862510
383401	862517
383397	862537
383391	862543
383376	862547
383374	862553
383375	862560
383381	862566
383408	862581
383420	862602
383422	862618
383423	862642
383441	862740
383447	862746
383453	862747
383471	862740
383475	862740
383482	862749
383490	862789
383491	862810
383488	862823
383472	862840
383471	862847
383485	862874
383496	862914
383507	862930
383520	862956
383523	862980
383529	862997
383539	863010
383560	863021
383567	863029
383567	863037
383563	863045
383547	863049
383535	863081
383529	863107
383520	863127
383515	863148
383518	863152
383541	863145
383550	863144
383556	863144
383563	863148
383563	863163
383565	863172
383555	863182
383552	863188
383551	863203
383548	863221
383549	863242
383552	863255
383556	863260
383572	863274
383584	863289
383595	863311
383603	863334
383609	863343
383652	863387
383664	863403
383679	863419
383683	863426
383684	863430
383681	863435
383667	863437
383663	863440
383661	863444
383661	863450
383669	863463
383669	863479
383673	863490
383686	863502
383705	863512
383709	863513
383726	863510
383735	863511
383740	863521
383747	863545
383752	863554
383767	863568
383792	863586
383813	863622
383835	863650
383840	863660
383838	863672
383829	863702
383813	863725
383807	863743
383808	863757
383814	863774
383828	863792
383836	863808
383839	863816
383838	863824
383833	863830
383815	863836
383810	863840
383799	863858
383778	863882
383774	863890
383772	863899
383775	863910
383790	863928
383807	863937
383816	863958
383808	863992
383801	864061
383802	864103
383800	864131
383802	864134
383813	864138
383816	864146
383811	864160
383813	864164
383809	864170
383809	864173
383813	864177
383823	864182
383831	864192
383839	864197
383847	864206
383854	864227
383861	864238
383862	864246
383859	864255
383853	864264
383810	864307
383807	864314
383805	864334
383794	864349
383791	864358
383787	864383
383791	864385
383804	864384
383810	864392
383821	864395
383822	864399
383819	864405
383813	864431
383807	864448
383798	864466
383785	864484
383780	864497
383779	864513
383786	864546
383784	864560
383780	864565
383776	864567
383768	864564
383762	864563
383756	864568
383753	864574
383748	864640
383752	864662
383758	864676
383769	864692
383787	864712
383806	864724
383817	864730
383820	864733
383819	864739
383816	864745
383799	864755
383793	864772
383783	864783
383781	864790
383784	864799
383786	864802
383801	864805
383810	864815
383836	864817
383848	864822
383858	864835
383867	864856
383867	864860
383850	864884
383844	864901
383844	864910
383854	864942
383853	864953
383850	864958
383846	864959
383843	864959
383837	864954
383832	864961
383822	864968
383820	864972
383821	864979
383833	864990
383837	864998
383837	865000
383837	865000
383836	865011
383832	865025
383828	865029
383818	865027
383812	865028
383796	865043
383790	865058
383779	865076
383777	865084
383781	865089
383792	865084
383799	865084
383805	865086
383810	865090
383816	865091
383823	865088
383831	865079
383836	865080
383841	865084
383841	865092
383833	865108
383829	865122
383825	865159
383811	865165
383796	865181
383790	865190
383785	865204
383788	865212
383793	865217
383805	865218
383823	865214
383839	865219
383843	865223
383846	865229
383846	865247
383842	865255
383838	865258
383818	865260
383793	865274
383783	865283
383780	865292
383791	865327
383799	865338
383813	865345
383818	865349
383825	865364
383826	865369
383824	865373
383816	865378
383806	865393
383805	865400
383806	865417
383808	865419
383818	865419
383828	865423
383840	865432
383846	865441
383847	865446
383846	865458
383843	865464
383837	865471
383837	865479
383841	865491
383870	865547
383888	865575
383890	865583
383892	865610
383891	865663
383889	865670
383883	865680
383885	865724
383875	865753
383876	865757
383884	865764
383890	865773
383892	865785
383888	865793
383877	865800
383868	865804
383866	865811
383870	865823
383876	865847
383876	865847
383879	865860
383888	865874
383895	865878
383895	865878
383896	865879
383932	865902
384576	866642
384758	866933
384943	867319
385045	867650
385128	867990
385234	868526
385290	868962
385310	869369
385343	870235
385350	870724
385399	872188
385399	872188
385517	872133
386311	871577
386540	871348
386578	871309
386648	871327
387276	871159
387462	871150
388082	871096
388438	871423
388703	871609
389057	871963
389851	872519
389975	872576
390275	872786
391153	873196
392089	873447
393055	873531
393699	873475
394023	873452
394263	873475
395229	873560
395290	873554
395352	873560
396317	873475
396475	873438
396611	873426
397197	873269
397320	873236
397549	873180
397747	873132
397887	873059
398073	873139
398328	873176
399130	873234
399547	873198
399888	873228
400854	873143
401790	872892
401988	872800
402043	872785
402922	872376
403716	871820
403818	871717
404595	871649
405531	871398
406410	870989
407204	870433
407829	869807
407897	869760
408018	869675
408205	869488
408365	869376
408738	869032
408855	868915
409019	868729
409411	868311
409967	867517
410383	866621
410551	866441
411107	865647
411517	864769
411564	864592
411735	864172
412465	863832
413142	863358
413269	863299
413718	863089
414512	862534
415197	861848
415753	861054
416162	860176
416413	859240
416438	858962
416555	858525
416639	857560
416555	856594
416407	856043
416407	856043
416304	855658
416259	855548
416815	854754
417224	853875
417475	852939
417506	852745
417537	852522
417590	851762
417638	851583
417743	850641
418024	850356
418399	849977
418954	849183
419364	848304
419615	847368
419651	846956
419691	846803
419775	845838
419691	844872
419440	843936
419237	843502
419272	843370
419357	842404
419348	842304
419357	842204
419272	841239
419021	840302
419002	840249
418971	840168
418581	839343
418225	838835
418052	838462
417496	837668
417356	837519
417063	836890
416567	836289
416523	836101
416407	835610
415998	834732
415482	833996
415453	833933
415245	833487
414863	832973
414762	832901
414664	832742
414544	832562
414445	832414
414232	832095
414093	831948
413960	831434
413540	830540
413498	830450
413469	830409
413390	830240
412834	829446
412149	828760
411657	828416
411326	828085
411187	827887
410508	827208
410508	827208
410502	827202
410107	826925
409659	826301
409557	826082
409001	825288
408290	824621
407924	824098
407816	823991
407246	823211
406554	822527
406441	822182
406384	822018
405974	821140
405418	820346
405353	820280
405353	820280
404787	820781
404383	821118
402723	822533
401539	823558
400876	824123
400780	824224
400555	824472
400511	824538
400509	824574
400520	824599
400593	824668
400678	824753
400719	824843
400749	824989
400749	824989
400749	825022
400774	825098
400789	825209
400791	825259
400763	825346
400741	825420
400727	825509
400721	825523
400716	825528
400707	825530
400707	825530
400700	825529
400691	825525
400680	825519
400663	825510
400658	825508
400652	825507
400639	825506
400619	825504
400602	825500
400586	825497
400553	825489
400543	825486
400535	825481
400526	825474
400513	825468
400502	825465
400489	825464
400476	825466
400473	825468
400465	825470
400457	825473
400448	825475
400438	825482
400421	825493
400405	825506
400392	825517
400385	825520
400373	825521
400356	825521
400337	825524
400324	825527
400316	825532
400312	825537
400309	825541
400306	825548
400306	825554
400307	825558
400310	825560
400312	825560
400313	825558
400315	825550
400318	825544
400323	825539
400331	825535
400339	825532
400341	825533
400340	825535
400332	825545
400328	825552
400324	825563
400321	825567
400317	825572
400310	825578
400307	825581
400306	825580
400305	825579
400305	825577
400303	825578
400296	825580
400284	825589
400276	825593
400262	825602
400234	825622
400221	825629
400212	825632
400203	825634
400189	825636
400178	825635
400167	825633
400162	825632
400154	825626
400150	825623
400145	825618
400136	825609
400129	825598
400119	825588
400113	825581
400111	825576
400108	825570
400106	825561
400104	825550
400102	825541
400101	825534
400099	825526
400097	825515
400094	825505
400091	825495
400090	825491
400086	825480
400082	825468
400079	825459
400075	825448
400068	825435
400061	825423
400058	825416
400054	825412
400048	825405
400042	825398
400038	825390
400036	825382
400036	825375
400038	825361
400040	825346
400040	825341
400037	825336
400030	825330
400022	825319
400016	825306
400012	825298
400004	825293
400002	825292
400002	825297
400003	825300
400003	825306
400003	825310
400002	825318
400000	825322
399997	825312
399995	825302
399991	825289
399985	825271
399983	825261
399971	825263
