1
3268
0
354287	785000
354234	785052
354171	785109
354042	785215
353948	785297
353891	785343
353802	785409
353788	785421
353788	785421
353790	785427
353795	785443
353803	785453
353819	785467
353826	785484
353826	785499
353837	785504
353854	785537
353870	785548
353890	785564
353922	785556
353930	785582
353945	785588
353941	785599
353956	785717
353958	785745
353961	785762
353972	785783
353971	785813
353982	785843
353978	785856
353983	785913
353986	785931
353991	785942
353989	785952
353997	785963
353999	785983
354000	785990
354005	785991
354018	785990
354023	785993
354023	785999
354017	786002
354007	786005
354011	786022
354020	786023
354027	786036
354020	786040
354021	786048
354016	786054
354016	786059
354019	786061
354021	786065
354021	786071
354027	786071
354033	786102
354040	786126
354042	786145
354048	786150
354062	786150
354069	786155
354071	786161
354062	786166
354100	786185
354108	786179
354116	786184
354126	786192
354122	786206
354129	786206
354140	786210
354142	786205
354135	786195
354154	786204
354158	786210
354163	786215
354168	786221
354193	786204
354215	786214
354261	786246
354258	786212
354271	786221
354277	786237
354285	786252
354313	786306
354313	786332
354305	786343
354302	786361
354312	786361
354328	786367
354369	786429
354371	786458
354387	786458
354407	786451
354425	786453
354428	786497
354457	786504
354468	786499
354496	786502
354503	786525
354536	786528
354541	786548
354554	786568
354578	786582
354605	786610
354623	786655
354632	786646
354654	786665
354702	786696
354716	786691
354725	786702
354726	786720
354738	786732
354746	786750
354761	786754
354745	786773
354747	786811
354780	786813
354787	786811
354779	786803
354779	786783
354791	786769
354819	786771
354837	786795
354839	786805
354826	786812
354808	786826
354816	786840
354817	786863
354839	786898
354830	786902
354824	786917
354830	786927
354837	786920
354850	786914
354864	786923
354866	786942
354878	786953
354895	786968
354895	786985
354860	786992
354855	786976
354841	786964
354829	786954
354817	786968
354823	786989
354881	787046
354896	787050
354914	787045
354934	787047
354945	787065
354996	787090
354999	787090
354999	787090
355033	787097
355062	787096
355073	787102
355076	787121
355108	787134
355131	787134
355154	787147
355172	787160
355181	787159
355193	787141
355209	787127
355236	787118
355255	787119
355281	787128
355312	787134
355346	787138
355378	787148
355413	787162
355433	787156
355508	787159
355529	787169
355533	787182
355553	787192
355702	787189
355731	787208
355762	787240
355801	787245
355826	787246
355888	787234
355899	787232
355916	787237
355928	787252
355926	787261
355942	787279
355960	787289
355978	787296
356022	787296
356040	787298
356078	787316
356089	787317
356098	787307
356115	787297
356140	787285
356159	787278
356177	787279
356202	787294
356233	787325
356247	787338
356259	787338
356294	787329
356334	787327
356364	787330
356384	787336
356387	787340
356391	787355
356397	787365
356413	787376
356429	787377
356450	787372
356524	787371
356620	787332
356632	787319
356638	787301
356651	787277
356663	787249
356676	787230
356698	787209
356718	787197
356739	787175
356748	787162
356770	787151
356799	787127
356841	787105
356895	787069
356931	787067
356955	787072
356996	787065
357046	787057
357089	787067
357108	787092
357133	787105
357164	787125
357201	787135
357220	787143
357257	787196
357288	787224
357333	787238
357351	787252
357380	787267
357425	787307
357462	787310
357497	787330
357527	787335
357540	787361
357603	787398
357619	787427
357646	787456
357663	787469
357729	787527
357763	787573
357796	787599
357828	787619
357852	787629
357882	787624
357925	787640
357952	787665
357966	787677
358025	787695
358048	787720
358084	787739
358103	787754
358117	787790
358123	787836
358131	787851
358139	787860
358165	787861
358188	787854
358205	787856
358274	787892
358292	787915
358305	787922
358345	787936
358371	787962
358385	787972
358407	787974
358425	787968
358444	787964
358471	787973
358507	787994
358540	788002
358574	788011
358591	788026
358598	788041
358600	788060
358608	788078
358669	788136
358699	788150
358746	788160
358811	788167
358839	788175
358858	788179
358888	788196
358916	788202
358962	788207
358989	788219
359033	788258
359041	788273
359056	788285
359104	788279
359130	788276
359149	788280
359193	788293
359245	788315
359265	788321
359331	788313
359367	788321
359427	788350
359464	788361
359504	788357
359547	788357
359564	788351
359591	788344
359614	788348
359650	788374
359684	788400
359712	788416
359739	788434
359766	788440
359803	788440
359857	788443
359876	788454
359894	788453
359937	788464
359962	788483
359979	788514
359997	788526
359999	788528
359999	788528
360000	788528
360052	788577
360088	788634
360109	788655
360155	788661
360188	788673
360226	788700
360250	788728
360297	788745
360325	788778
360339	788814
360392	788837
360437	788863
360508	788923
360586	789008
360610	789037
360624	789066
360641	789087
360659	789110
360668	789140
360677	789182
360720	789238
360742	789286
360749	789366
360765	789402
360783	789426
360805	789451
360862	789480
360918	789512
360944	789536
360962	789562
360993	789581
361027	789613
361045	789651
361067	789679
361094	789729
361131	789758
361193	789788
361282	789862
361301	789897
361391	790000
361391	790000
361395	790004
361435	790033
361499	790047
361566	790076
361603	790105
361641	790138
361687	790158
361735	790168
361818	790157
361867	790130
361896	790121
361987	790124
362027	790118
362065	790084
362080	790075
362108	790067
362181	790071
362210	790085
362229	790089
362265	790094
362364	790095
362414	790099
362468	790087
362498	790087
362554	790110
362600	790121
362703	790165
362745	790192
362792	790236
362807	790255
362841	790287
362873	790315
362900	790337
362941	790364
362945	790367
362960	790373
362975	790379
362983	790384
362996	790396
363016	790415
363040	790442
363040	790442
363072	790464
363110	790486
363120	790501
363127	790522
363124	790539
363111	790557
363091	790572
363078	790590
363074	790610
363078	790626
363085	790639
363104	790661
363114	790683
363122	790707
363134	790721
363134	790721
363154	790740
363169	790771
363208	790872
363221	790907
363221	790907
363224	790914
363235	790939
363247	790959
363261	790977
363273	790989
363282	790993
363289	790995
363299	790994
363302	790992
363302	790992
363308	791004
363324	791036
363332	791052
363336	791059
363350	791072
363364	791080
363373	791087
363378	791092
363389	791095
363416	791096
363425	791098
363434	791109
363445	791124
363464	791154
363477	791175
363483	791196
363483	791209
363481	791227
363480	791246
363478	791299
363478	791319
363472	791348
363467	791376
363463	791399
363462	791423
363463	791450
363462	791469
363460	791486
363457	791505
363454	791518
363449	791534
363434	791587
363422	791629
363420	791644
363423	791662
363427	791670
363433	791676
363444	791681
363473	791690
363491	791694
363525	791701
363540	791705
363558	791721
363571	791737
363581	791757
363608	791794
363608	791794
363610	791824
363614	791839
363624	791864
363643	791892
363659	791914
363671	791937
363682	791966
363687	791985
363695	791993
363732	792012
363742	792019
363753	792028
363753	792028
363758	792033
363800	792058
363834	792076
363859	792097
363931	792146
363965	792187
364022	792265
364053	792297
364087	792328
364128	792348
364182	792364
364216	792372
364208	792419
364219	792478
364220	792506
364214	792533
364209	792547
364193	792586
364165	792638
364121	792716
364066	792824
364035	792889
364013	792944
363974	793017
363940	793078
363895	793150
363850	793225
363850	793225
363838	793239
363838	793268
363827	793382
363821	793437
363817	793454
363801	793493
363773	793548
363755	793588
363705	793692
363658	793788
363635	793836
363608	793895
363600	793910
363584	793927
363543	793977
363478	794060
363438	794109
363384	794181
363327	794243
363255	794319
363175	794401
363012	794588
362959	794651
362916	794698
362892	794730
362866	794759
362853	794774
362839	794787
362791	794834
362761	794861
362836	794863
363026	794863
363135	794865
363246	794864
363300	794867
363379	794871
363486	794879
363552	794881
363566	794884
363574	794888
363589	794896
363592	794898
363592	794898
363602	794913
363606	794929
363611	794936
363619	794943
363631	794949
363640	794952
363660	794952
363667	794954
363679	794976
363704	795000
363704	795000
363705	795001
363700	795021
363709	795038
363715	795066
363730	795101
363733	795138
363739	795148
363740	795177
363748	795189
363756	795208
363760	795214
363766	795218
363771	795218
363777	795222
363776	795248
363779	795257
363782	795284
363779	795290
363773	795293
363771	795303
363771	795331
363767	795346
363763	795347
363757	795345
363750	795349
363748	795352
363740	795369
363741	795397
363737	795404
363725	795413
363725	795431
363715	795452
363721	795467
363720	795474
363716	795480
363721	795487
363723	795495
363708	795519
363703	795544
363700	795545
363673	795547
363644	795553
363605	795566
363572	795584
363485	795639
363399	795690
363375	795711
363351	795738
363321	795779
363298	795821
363269	795896
363260	795907
363218	795939
363125	795989
363087	796014
363050	796055
363018	796086
362936	796150
362882	796187
362856	796209
362856	796209
362837	796220
362804	796247
362771	796279
362734	796308
362706	796329
362675	796347
362644	796361
362613	796374
362594	796383
362576	796387
362554	796388
362523	796389
362492	796390
362481	796391
362472	796395
362467	796400
362465	796409
362467	796419
362472	796432
362482	796448
362497	796465
362519	796486
362531	796497
362544	796507
362549	796509
362575	796507
362584	796507
362603	796512
362618	796513
362675	796516
362716	796519
362765	796523
362795	796528
362808	796529
362800	796539
362800	796542
362804	796543
362848	796550
362859	796554
362866	796558
362877	796568
362887	796580
362892	796595
362896	796611
362898	796631
362908	796687
362930	796771
362940	796803
362940	796812
362940	796841
362943	796849
362954	796859
362954	796859
362977	796877
363010	796901
363046	796927
363054	796931
363057	796937
363084	796976
363122	797032
363149	797077
363166	797105
363191	797141
363225	797193
363262	797258
363298	797321
363306	797337
363309	797340
363314	797341
363323	797341
363385	797348
363457	797355
363535	797362
363613	797369
363698	797378
363811	797387
363974	797402
364031	797407
364066	797411
364091	797412
364136	797405
364248	797390
364409	797368
364524	797352
364584	797344
364696	797328
364806	797313
364884	797303
364920	797297
364940	797292
364958	797287
364980	797277
364989	797272
365005	797268
365069	797228
365144	797182
365214	797140
365242	797124
365247	797116
365255	797111
365262	797106
365267	797094
365269	797086
365270	797076
365272	797066
365275	797060
365282	797056
365299	797052
365315	797049
365326	797046
365336	797040
365340	797040
365343	797044
365344	797049
365344	797055
365347	797056
365360	797056
365371	797058
365375	797061
365376	797065
365375	797083
365373	797107
365369	797125
365365	797145
365361	797156
365347	797184
365327	797220
365320	797235
365317	797244
365315	797261
365312	797275
365307	797282
365298	797289
365285	797294
365269	797297
365247	797303
365231	797308
365219	797316
365208	797328
365198	797340
365187	797356
365173	797383
365161	797411
365152	797433
365143	797466
365134	797514
365129	797528
365126	797535
365118	797543
365110	797548
365094	797558
365065	797569
365056	797575
365050	797580
365046	797585
365045	797591
365045	797597
365056	797614
365059	797620
365058	797625
365056	797630
365041	797642
365034	797646
365028	797648
365018	797648
364990	797648
364980	797650
364975	797653
364970	797657
364963	797667
364958	797678
364951	797697
364949	797709
364945	797725
364943	797733
364936	797750
364929	797770
364927	797778
364930	797790
364935	797807
364941	797820
364946	797828
364966	797850
364971	797858
364975	797867
364990	797922
364993	797930
365004	797945
365024	797961
365053	797983
365065	797990
365080	797996
365101	798004
365113	798008
365129	798012
365139	798013
365159	798014
365180	798015
365193	798016
365205	798017
365239	798018
365252	798017
365265	798020
365280	798022
365289	798020
365299	798015
365318	798001
365327	797995
365335	797991
365347	797989
365361	797990
365373	797993
365396	798001
365416	798005
365446	798012
365474	798016
365501	798019
365532	798020
365532	798020
365525	798179
365524	798192
365520	798197
365512	798201
365500	798209
365491	798214
365485	798221
365477	798225
365469	798230
365465	798234
365458	798238
365447	798243
365437	798247
365405	798256
365386	798260
365380	798263
365377	798269
365375	798274
365373	798277
365369	798279
365356	798282
365350	798284
365342	798288
365333	798291
365325	798292
365319	798293
365310	798296
365298	798300
365287	798302
365279	798304
365266	798308
365253	798312
365237	798316
365223	798319
365213	798322
365195	798325
365178	798330
365155	798335
365143	798338
365130	798343
365106	798354
365093	798361
365081	798369
365071	798375
365057	798379
365050	798342
365036	798338
365007	798342
364986	798352
364925	798377
364892	798389
364898	798421
364914	798451
364893	798463
364891	798466
364927	798532
364962	798596
364988	798644
364997	798656
364999	798662
365004	798666
365019	798696
365021	798700
365025	798702
365106	798726
365120	798731
365125	798734
365155	798756
365248	798830
365346	798906
365352	798911
365355	798918
365358	798925
365358	798962
365359	798997
365359	799023
365359	799051
365360	799081
365359	799098
365359	799134
365357	799152
365351	799187
365343	799237
365339	799255
365335	799261
365325	799271
365313	799281
365306	799289
365300	799298
365289	799321
365281	799340
365270	799360
365243	799391
365233	799401
365225	799407
365215	799409
365162	799408
365153	799408
365147	799410
365138	799415
365119	799427
365107	799435
365095	799446
365072	799473
365063	799483
365055	799491
365033	799504
365014	799510
365006	799514
364999	799519
364984	799530
364957	799553
364950	799558
364935	799560
364924	799564
364911	799572
364897	799582
364884	799592
364872	799605
364848	799636
364848	799636
364828	799661
364820	799673
364805	799706
364797	799718
364789	799727
364778	799732
364762	799736
364755	799740
364750	799748
364729	799788
364700	799843
364695	799850
364693	799854
364693	799859
364702	799885
364701	799895
364699	799940
364702	799946
364718	799965
364726	799978
364729	799980
364744	799987
364767	799995
364789	800006
364801	800012
364811	800015
364831	800021
364841	800024
364847	800028
364854	800031
364863	800036
364872	800037
364878	800038
364885	800042
364913	800052
364964	800071
364982	800077
365019	800087
365069	800110
365164	800154
365181	800162
365189	800164
365197	800162
365279	800143
365293	800141
365354	800141
365415	800140
365484	800138
365546	800132
365586	800127
365643	800118
365701	800107
365772	800089
365822	800077
365897	800056
365942	800043
365956	800036
366017	800002
366046	799993
366067	799981
366129	799933
366178	799893
366186	799889
366200	799887
366285	799871
366327	799864
366335	799865
366357	799886
366395	799925
366425	799943
366445	799956
366449	799949
366473	799893
366512	799813
366516	799811
366700	799845
366707	799848
366847	799952
366859	799963
366887	799994
366910	800008
366953	800039
366977	800056
366979	800064
366981	800071
366986	800074
366990	800076
367000	800077
367005	800078
367008	800080
367012	800084
367013	800088
367015	800097
367017	800100
367019	800102
367021	800103
367027	800105
367033	800107
367037	800110
367041	800114
367043	800118
367047	800127
367049	800130
367053	800132
367057	800134
367064	800135
367076	800138
367078	800139
367080	800141
367086	800153
367089	800156
367094	800158
367101	800162
367104	800163
367106	800166
367108	800174
367110	800179
367116	800186
367119	800191
367123	800197
367126	800201
367127	800204
367127	800207
367127	800209
367129	800209
367142	800209
367150	800211
367156	800213
367159	800216
367162	800219
367166	800229
367167	800232
367170	800236
367171	800242
367173	800245
367178	800250
367184	800254
367192	800258
367201	800262
367205	800264
367207	800268
367212	800277
367220	800287
367229	800298
367235	800304
367238	800306
367242	800307
367245	800309
367251	800312
367255	800316
367257	800317
367261	800318
367264	800318
367267	800319
367270	800322
367289	800339
367295	800342
367301	800344
367305	800345
367309	800345
367314	800346
367316	800347
367319	800350
367328	800358
367333	800363
367342	800370
367397	800424
367451	800478
367483	800511
367539	800566
367550	800578
367554	800580
367561	800583
367567	800588
367571	800593
367574	800597
367576	800601
367574	800606
367572	800614
367574	800619
367576	800622
367580	800624
367585	800624
367591	800623
367595	800622
367599	800624
367605	800629
367619	800641
367630	800651
367632	800655
367632	800660
367633	800663
367638	800666
367653	800677
367665	800686
367677	800695
367690	800708
367707	800725
367716	800736
367722	800744
367725	800749
367725	800753
367728	800763
367729	800775
367732	800788
367734	800794
367737	800799
367743	800804
367745	800807
367748	800814
367747	800825
367746	800830
367740	800835
367738	800840
367738	800844
367739	800847
367747	800856
367751	800862
367753	800867
367757	800882
367762	800904
367765	800915
367765	800919
367764	800923
367766	800929
367769	800934
367770	800938
367769	800944
367766	800949
367759	800952
367755	800955
367753	800957
367753	800964
367761	801008
367767	801039
367771	801069
367772	801081
367770	801089
367762	801128
367748	801175
367736	801209
367731	801219
367726	801223
367706	801240
367678	801262
367643	801289
367610	801311
367588	801327
367581	801331
367575	801333
367539	801341
367481	801353
367421	801364
367387	801369
367358	801373
367321	801379
367281	801384
367255	801388
367247	801390
367239	801395
367217	801407
367207	801411
367196	801414
367183	801418
367166	801422
367153	801427
367144	801430
367135	801432
367112	801435
367108	801437
367105	801447
367095	801494
367094	801505
367097	801515
367106	801527
367153	801582
367190	801628
367225	801669
367261	801712
367299	801755
367336	801800
367343	801808
367345	801814
367347	801824
367355	801907
367357	801928
367370	802076
367372	802101
367382	802189
367389	802252
367391	802272
367393	802300
367392	802309
367386	802316
367367	802330
367285	802387
367280	802394
367282	802401
367298	802443
367372	802615
367425	802740
367446	802790
367508	802934
367519	802961
367549	803031
367570	803081
367580	803104
367580	803104
367610	803089
367886	802972
368049	802903
368362	802768
368583	802674
368802	802572
369046	802465
369237	802384
369282	802366
369282	802366
369291	802360
369294	802358
369299	802358
369333	802359
369340	802360
369358	802363
369363	802363
369367	802362
369372	802357
369375	802354
369378	802353
369399	802351
369408	802349
369419	802344
369425	802340
369428	802337
369431	802329
369434	802321
369438	802316
369442	802315
369448	802315
369464	802317
369475	802318
369480	802317
369488	802313
369495	802311
369502	802309
369510	802305
369514	802306
369520	802308
369534	802314
369540	802315
369546	802314
369550	802312
369559	802308
369564	802306
369569	802305
369575	802306
369583	802308
369588	802308
369593	802307
369596	802304
369599	802299
369604	802293
369607	802289
369612	802285
369621	802282
369628	802280
369634	802277
369638	802274
369643	802269
369647	802264
369651	802262
369657	802260
369664	802262
369670	802264
369675	802268
369679	802275
369683	802280
369687	802281
369691	802282
369694	802280
369697	802277
369700	802269
369705	802260
369709	802254
369712	802251
369716	802248
369721	802247
369737	802243
369746	802243
369751	802242
369762	802236
369772	802234
369784	802231
369793	802231
369799	802232
369802	802233
369805	802237
369808	802241
369810	802248
369812	802251
369816	802254
369821	802255
369828	802254
369833	802251
369837	802248
369838	802245
369838	802241
369835	802237
369835	802233
369836	802228
369841	802221
369844	802217
369849	802214
369854	802212
369875	802210
369883	802209
369888	802211
369892	802213
369900	802214
369904	802215
369906	802215
369913	802224
369921	802230
369935	802238
369941	802241
369944	802244
369947	802248
369954	802260
369959	802268
369962	802271
369966	802272
369970	802273
369983	802269
369991	802268
369997	802268
370001	802270
370007	802271
370011	802274
370019	802278
370026	802282
370032	802284
370043	802287
370053	802288
370058	802289
370063	802293
370074	802299
370080	802303
370084	802308
370087	802314
370089	802325
370093	802345
370095	802348
370099	802350
370113	802352
370129	802355
370137	802356
370140	802358
370142	802361
370145	802367
370149	802372
370158	802381
370163	802385
370166	802387
370175	802388
370193	802387
370209	802387
370216	802389
370224	802392
370232	802394
370238	802396
370249	802401
370260	802405
370276	802414
370282	802418
370285	802418
370290	802417
370298	802412
370315	802403
370334	802395
370342	802393
370346	802392
370349	802393
370351	802395
370353	802399
370358	802411
370362	802426
370366	802434
370371	802442
370376	802447
370381	802450
370386	802450
370393	802450
370396	802448
370400	802444
370403	802438
370405	802428
370406	802424
370410	802421
370416	802417
370421	802410
370427	802404
370434	802404
370444	802407
370449	802412
370451	802418
370453	802433
370459	802440
370469	802444
370485	802449
370489	802448
370505	802442
370512	802439
370517	802439
370540	802440
370545	802441
370555	802445
370558	802446
370578	802446
370584	802445
370607	802435
370631	802425
370635	802424
370652	802411
370661	802404
370665	802403
370680	802404
370709	802407
370722	802407
370726	802409
370736	802414
370743	802416
370750	802416
370754	802415
370759	802414
370762	802411
370772	802399
370782	802388
370790	802383
370795	802380
370802	802379
370813	802379
370827	802379
370838	802379
370843	802377
370846	802375
370848	802371
370849	802369
370849	802362
370849	802329
370851	802309
370851	802301
370853	802295
370860	802278
370864	802267
370869	802261
370874	802251
370877	802245
370880	802236
370883	802231
370889	802223
370892	802215
370894	802211
370894	802203
370894	802186
370896	802171
370897	802161
370900	802146
370903	802133
370905	802130
370922	802107
370927	802100
370933	802095
370948	802083
370960	802074
370967	802068
370975	802061
370980	802055
370983	802049
370989	802037
370995	802028
370997	802025
371004	802020
371021	802010
371028	802006
371030	802003
371034	801998
371037	801991
371042	801979
371045	801968
371049	801954
371053	801945
371057	801938
371064	801929
371072	801921
371088	801908
371105	801894
371116	801885
371125	801878
371130	801874
371135	801869
371140	801862
371148	801856
371155	801851
371161	801850
371168	801848
371174	801849
371179	801852
371187	801858
371194	801860
371199	801858
371205	801856
371211	801852
371215	801847
371218	801842
371224	801828
371231	801817
371237	801807
371244	801800
371252	801795
371259	801792
371268	801790
371282	801790
371295	801791
371304	801793
371308	801792
371308	801790
371308	801784
371308	801784
371376	801775
371589	801743
371769	801717
371877	801705
371877	801705
372114	801604
372475	801455
372802	801318
373224	801516
373642	801715
373679	801599
374000	801802
374256	801959
374513	801763
374513	801763
374514	801762
374518	801765
374715	801847
374976	801953
374999	801961
374999	801961
375154	802022
375330	802094
375339	802095
375429	802085
375511	802079
375527	802080
375697	802146
375748	802173
375769	802180
375799	802187
375940	802197
375990	802208
376011	802188
376035	802174
376061	802161
376074	802157
376095	802152
376126	802151
376135	802152
376145	802157
376181	802178
376199	802186
376250	802196
376278	802197
376288	802196
376340	802180
376354	802178
376368	802178
376619	802204
376619	802204
376642	802108
376664	802008
376685	801900
376695	801868
376701	801843
376705	801826
376709	801800
376713	801751
376718	801694
376719	801675
376718	801660
376715	801651
376705	801634
376637	801505
376620	801471
376618	801462
376618	801447
376631	801338
376636	801283
376641	801259
376662	801168
376684	801079
376698	801015
376704	801001
376714	800985
376749	800944
376761	800925
376809	800834
376822	800812
376826	800801
376830	800784
376841	800738
376846	800725
376857	800703
376886	800660
376891	800651
376898	800619
376903	800609
376933	800549
376941	800533
376944	800522
376952	800495
376957	800476
376959	800459
376959	800443
376954	800420
376941	800368
376940	800353
376941	800327
376950	800264
376958	800197
376964	800159
376970	800127
376981	800098
376990	800074
377007	800041
377029	799997
377029	799997
377034	799980
377054	799907
377071	799829
377077	799815
377113	799759
377179	799658
377249	799551
377299	799488
377354	799416
377434	799324
377454	799297
377497	799237
377497	799237
377548	799166
377551	799157
377555	799138
377566	799007
377569	798938
377573	798913
377576	798896
377580	798888
377586	798879
377590	798869
377590	798851
377590	798827
377586	798791
377583	798768
377568	798647
377562	798602
377557	798568
377546	798545
377536	798533
377515	798517
377491	798498
377472	798524
377467	798527
377443	798521
377420	798514
377404	798514
377384	798519
377371	798517
377325	798504
377311	798502
377188	798500
377199	798357
377131	798332
377055	798304
376924	798259
376848	798235
376773	798210
376756	798204
376745	798205
376723	798200
376666	798184
376601	798167
376585	798161
376575	798157
376564	798150
376541	798132
376521	798115
376503	798101
376481	798087
376464	798078
376442	798069
376414	798056
376359	798033
376343	798025
376388	797894
376375	797884
376342	797867
376321	797854
376294	797836
376268	797819
376236	797801
376213	797791
376178	797778
376143	797765
376065	797738
375975	797704
375975	797704
375992	797649
376023	797570
376043	797506
376055	797447
376062	797426
376006	797393
375907	797315
375813	797249
375803	797240
375803	797240
375759	797199
375750	797194
375750	797194
375704	797052
375663	796926
375648	796888
375648	796888
375663	796854
375698	796767
375702	796755
375659	796738
375659	796738
375720	796583
375726	796571
375822	796596
375970	796643
375984	796649
375984	796649
376030	796668
376117	796714
376154	796726
376216	796742
376241	796752
376265	796767
376360	796810
376362	796771
376420	796782
376441	796779
376459	796789
376501	796791
376566	796786
376618	796773
376646	796763
376660	796766
376660	796766
376732	796758
376769	796759
376814	796766
376918	796789
376993	796810
377028	796817
377090	796816
377158	796813
377210	796807
377232	796798
377268	796774
377369	796688
377407	796668
377462	796647
377518	796640
377544	796643
377589	796656
377615	796674
377674	796732
377674	796732
377676	796744
377672	796758
377660	796811
377652	796833
377649	796855
377642	796876
377634	796899
377626	796925
377625	796954
377630	797007
377637	797064
377641	797078
377641	797084
377638	797086
377635	797087
377635	797092
377643	797116
377663	797147
377682	797169
377707	797187
377734	797204
377768	797225
377827	797256
377886	797287
377932	797314
377957	797329
377970	797333
377991	797338
378008	797341
378075	797344
378075	797344
378098	797349
378128	797362
378241	797422
378287	797454
378384	797535
378441	797588
378474	797625
378553	797741
378563	797759
378585	797784
378608	797803
378638	797819
378826	797868
378910	797880
378973	797881
379095	797885
379158	797890
379303	797899
379372	797906
379421	797914
379484	797935
379521	797952
379549	797970
379570	797988
379584	798007
379600	798068
379675	798237
379764	798396
379799	798468
379835	798535
379889	798624
379916	798656
379941	798679
379979	798708
380008	798727
380029	798737
380060	798753
380111	798750
380140	798743
380175	798726
380199	798704
380209	798672
380216	798627
380221	798520
380232	798463
380333	798243
380382	798155
380431	798088
380494	798037
380533	798015
380623	797978
380671	797970
380742	797971
380786	797980
380865	798015
381074	798176
381074	798176
381327	798331
381448	798394
381448	798394
381470	798405
381518	798433
381546	798444
381579	798451
381621	798459
381736	798473
381852	798504
381895	798518
382017	798569
382085	798602
382135	798631
382223	798688
382252	798705
382285	798720
382339	798737
382418	798755
382565	798774
382638	798774
382658	798776
382736	798772
382773	798764
382810	798764
382852	798760
382948	798738
383072	798707
383192	798654
383223	798643
383270	798635
383292	798629
383329	798615
383349	798613
383413	798624
383440	798631
383479	798647
383534	798659
383557	798665
383598	798679
383696	798722
383725	798739
383743	798752
383752	798761
383860	798899
383872	798922
383890	798945
383921	799000
383930	799016
383930	799016
383941	799034
383949	799044
384091	799190
384183	799289
384225	799325
384245	799356
384269	799389
384284	799413
384297	799438
384303	799453
384308	799473
384322	799514
384328	799529
384341	799577
384348	799614
384352	799681
384350	799756
384347	799799
384326	799916
384326	799938
384327	799958
384326	799966
384315	799988
384312	800000
384312	800000
384312	800000
384307	800041
384288	800242
384282	800317
384282	800341
384295	800408
384304	800433
384315	800451
384340	800478
384359	800490
384382	800501
384469	800531
384656	800574
384681	800578
384681	800578
384720	800554
384745	800542
384794	800508
384862	800462
384921	800421
384992	800374
385008	800367
385026	800357
385085	800329
385176	800288
385244	800257
385367	800200
385372	800199
385378	800202
385413	800214
385447	800225
385461	800229
385483	800233
385505	800237
385534	800241
385539	800246
385543	800246
385550	800247
385628	800292
385714	800341
385714	800341
385757	800354
385810	800371
385885	800397
385938	800428
385938	800428
386000	800450
386045	800470
386083	800498
386137	800548
386169	800579
386189	800601
386202	800623
386210	800659
386207	800682
386405	800953
386412	800965
386406	800972
386429	800982
386448	800993
386456	801000
386470	801016
386534	801116
386634	801200
386652	801210
386684	801223
386703	801225
386772	801225
386809	801231
386842	801227
386860	801222
386888	801208
386908	801194
386924	801177
386951	801153
387000	801106
387036	801068
387197	801113
387236	801125
387324	801159
387357	801176
387370	801187
387378	801197
387386	801210
387393	801228
387396	801241
387395	801256
387386	801293
387393	801313
387402	801322
387429	801341
387493	801361
387529	801376
387553	801392
387596	801424
387608	801431
387644	801445
387680	801461
387716	801482
387786	801530
387812	801544
387856	801563
387909	801570
387947	801583
387961	801583
387967	801580
387991	801563
388000	801559
388041	801557
388070	801544
388088	801541
388154	801506
388186	801484
388202	801479
388232	801475
388268	801478
388301	801485
388417	801518
388473	801540
388500	801559
388516	801573
388531	801589
388539	801605
388547	801632
388559	801706
388569	801754
388594	801838
388601	801852
388612	801870
388628	801888
388646	801902
388666	801912
388680	801916
388706	801913
388719	801914
388768	801935
388809	801944
388826	801946
388848	801946
388882	801943
388910	801939
388940	801933
388965	801922
389021	801880
389054	801867
389059	801864
389105	801791
389134	801796
389206	801803
389263	801814
389312	801873
389312	801873
389334	801905
389365	801972
389394	802023
389422	802095
389436	802153
389441	802188
389446	802250
389456	802297
389481	802385
389497	802423
389516	802454
389530	802468
389547	802483
389570	802500
389590	802519
389616	802539
389682	802578
389702	802586
389721	802590
389737	802592
389802	802594
389855	802598
389908	802608
389944	802612
389971	802611
390000	802608
390000	802608
390017	802606
390064	802593
390104	802577
390269	802486
390315	802463
390333	802457
390388	802443
390397	802444
390445	802457
390641	802532
390724	802558
390771	802567
390866	802580
390894	802588
390915	802597
391035	802657
391077	802683
391137	802730
391182	802775
391265	802862
391314	802906
391335	802919
391348	802925
391361	802929
391361	802929
391396	802933
391427	802941
391454	802944
391625	802938
391683	802945
391740	802945
391851	802950
391868	802953
391895	802961
391936	802969
391984	802982
392049	802985
392163	802998
392163	802997
392197	803000
392201	803000
392311	803015
392402	803040
392464	803060
392464	803060
392545	803098
392573	803114
392606	803135
392632	803154
392645	803169
392689	803223
392743	803308
392787	803367
392803	803391
392803	803391
392868	803493
392901	803557
392901	803557
392911	803579
392960	803728
392977	803773
393005	803842
393039	803914
393084	803990
393116	804041
393145	804077
393203	804139
393215	804148
393233	804160
393311	804199
393340	804212
393375	804219
393393	804221
393428	804221
393471	804215
393500	804208
393570	804181
393570	804181
393570	804181
393642	804151
393675	804140
393731	804127
393777	804119
393830	804104
393844	804102
393890	804113
393917	804122
393941	804133
393961	804137
393989	804150
394012	804158
394051	804177
394064	804184
394089	804201
394126	804216
394185	804264
394214	804292
394236	804317
394252	804339
394268	804366
394283	804394
394291	804416
394296	804450
394299	804486
394299	804501
394297	804511
394297	804511
394290	804554
394272	804607
394278	804622
394280	804632
394279	804651
394275	804682
394275	804694
394282	804733
394288	804752
394293	804793
394302	804830
394310	804853
394324	804871
394330	804894
394332	804910
394331	804916
394327	804926
394319	804937
394316	804948
394317	804968
394316	804998
394316	805000
394316	805000
394318	805030
394322	805063
394330	805098
394353	805170
394362	805194
394372	805213
394390	805243
394409	805272
394440	805311
394495	805367
394533	805397
394567	805419
394590	805430
394638	805450
394638	805450
394715	805455
394895	805444
395018	805434
395080	805431
395150	805432
395227	805422
395289	805418
395393	805420
395450	805422
395499	805430
395558	805456
395558	805456
395581	805486
395608	805515
395608	805515
395629	805527
395662	805550
395699	805569
395717	805576
395717	805576
395731	805582
395764	805593
395792	805600
395821	805606
395821	805606
395884	805619
395900	805625
395911	805632
395927	805648
395951	805676
395976	805697
395984	805700
396000	805701
396015	805709
396063	805742
396108	805769
396125	805782
396162	805803
396203	805823
396231	805839
396392	805941
396554	806037
396554	806037
396800	806220
397223	806603
397713	806960
398142	807317
398480	807549
398863	807750
399197	807883
399488	807936
399882	807998
400335	808015
401347	808002
402315	807960
402315	807960
402636	807272
402887	806336
402971	805370
402887	804405
402759	803930
402702	803269
402451	802332
402226	801893
402184	801811
402164	801672
402105	801493
402030	801217
401820	800766
401720	800551
401629	800332
401536	800108
401459	799922
401344	799657
401266	799477
401162	799235
401105	799025
401068	798886
400895	798516
400895	798516
400658	798008
400321	797525
399970	796836
399961	796493
399710	795557
399301	794679
399176	794501
398761	793959
398733	793898
398510	793420
398229	793020
397932	792639
397645	792023
397603	791951
397507	791791
397443	791689
396983	791054
396793	790870
396237	790076
396135	789998
396116	789956
396061	789830
395505	789036
395334	788642
395224	788228
395009	787733
394924	786768
394673	785831
394264	784953
394004	784583
394009	784217
394001	784071
393925	783403
393737	782702
393758	782460
393695	781739
393677	781537
393671	781495
393594	780959
393610	780835
393694	779870
393610	778904
393589	778826
393576	778724
393312	777759
393271	777626
393255	777569
392970	776958
392945	776904
392882	776768
392846	776691
392579	776090
392505	776009
392492	775947
392465	775906
392314	775051
392296	775005
392215	774788
392053	774498
391746	773843
391627	773629
391587	773557
391549	773465
391502	773360
391474	773298
391151	772582
390830	772087
390764	771942
390700	771798
390144	771004
389459	770319
389361	770242
389228	770047
389150	769916
389133	769888
389133	769888
389081	769804
388612	769203
388508	768813
388098	767934
387543	767141
386835	766471
386650	766205
386595	766078
386405	765636
385849	764842
385600	764593
385244	764084
384817	763658
384740	763550
384687	763486
384002	762800
383897	762721
383103	762165
382545	761905
382409	761841
382409	761841
382350	761814
382218	761689
381915	761548
381230	760864
381194	760839
380757	760402
380488	760213
380488	760213
379963	759846
379344	759543
379344	759543
378274	760024
376220	760933
374510	761700
374228	761992
374086	762073
374086	762073
374072	762095
374062	762108
374028	762166
373980	762237
373952	762284
373924	762324
373905	762350
373893	762357
373840	762378
373790	762391
373790	762391
373778	762400
373744	762410
373717	762419
373704	762428
373686	762456
373672	762482
373659	762509
373637	762551
373623	762578
373620	762593
373615	762627
373608	762657
373609	762665
373612	762672
373629	762688
373639	762699
373648	762720
373647	762750
373646	762756
373643	762761
373576	762794
373528	762816
373477	762843
373414	762873
373370	762897
373349	762901
373294	762905
373240	762915
373208	762923
373177	762934
373141	762934
373105	762931
373076	762923
373050	762905
373029	762879
373016	762844
373011	762833
372986	762808
372962	762785
372893	762717
372832	762656
372773	762605
372713	762550
372690	762526
372669	762495
372637	762454
372587	762391
372511	762281
372487	762242
372469	762189
372469	762189
372439	762158
372420	762135
372406	762111
372388	762077
372372	762053
372320	761990
372284	761952
372272	761943
372272	761943
372243	761901
372213	761870
372176	761840
372174	761834
372174	761828
372172	761822
372155	761810
372132	761786
372117	761777
372110	761771
372107	761760
372105	761744
372099	761737
372089	761724
372082	761704
372071	761679
372058	761655
372058	761651
372060	761643
372062	761635
372054	761626
372022	761605
372013	761587
372007	761582
371978	761567
371963	761561
371929	761556
371869	761555
371847	761558
371819	761572
371759	761585
371750	761593
371733	761608
371716	761634
371701	761648
371675	761661
371643	761677
371608	761703
371590	761720
371550	761762
371517	761808
371496	761838
371480	761875
371465	761896
371437	761925
371420	761977
371401	762040
371395	762059
371370	762180
371365	762214
371354	762294
371336	762418
371332	762447
371332	762447
371315	762456
371280	762483
371231	762518
371205	762543
371168	762593
371129	762634
371111	762657
371090	762689
371067	762732
371050	762778
370998	762910
370967	763000
370936	763137
370918	763277
370908	763327
370897	763382
370878	763434
370836	763509
370790	763584
370776	763609
370762	763630
370731	763666
370687	763707
370595	763772
370554	763807
370533	763820
370522	763825
370484	763837
370453	763844
370333	763859
370246	763880
370188	763898
370142	763905
370115	763912
370092	763921
370024	763954
370000	763967
370000	763967
369782	764116
369666	764192
369627	764226
369571	764264
369550	764275
369521	764284
369509	764290
369460	764321
369399	764368
369372	764393
369351	764432
369330	764465
369283	764552
369254	764617
369221	764679
369203	764729
369197	764742
369181	764764
369160	764784
369139	764800
369116	764814
369077	764830
369040	764841
368985	764854
368953	764865
368888	764902
368863	764913
368850	764917
368797	764927
368787	764924
368746	764907
368731	764904
368716	764904
368712	764905
368655	764939
368594	765000
368594	765000
368594	765000
368584	765014
368576	765029
368545	765106
368533	765144
368522	765192
368502	765247
368461	765344
368426	765409
368399	765466
368359	765528
368263	765658
368237	765695
368215	765716
368190	765745
368158	765772
368123	765796
368088	765818
368000	765865
367971	765883
367919	765923
367830	766000
367768	766056
367752	766067
367733	766079
367717	766086
367698	766092
367680	766093
367665	766089
367639	766075
367590	766053
367566	766039
367531	766014
367445	765937
367383	765889
367365	765877
367298	765843
367279	765832
367254	765815
367222	765787
367188	765765
367163	765752
367134	765740
367094	765727
367034	765702
367004	765693
366987	765690
366911	765684
366862	765685
366839	765689
366820	765695
366790	765706
366774	765715
366757	765731
366739	765753
366705	765790
366679	765812
366634	765842
366569	765876
366536	765898
366496	765943
366455	766006
366433	766046
366415	766070
366404	766080
366336	766139
366300	766165
366247	766198
366186	766243
366160	766259
366137	766274
366110	766284
366038	766297
365994	766301
365973	766300
365922	766287
365877	766274
365813	766259
365703	766235
365625	766217
365549	766203
365349	766149
365291	766141
365231	766139
365220	766140
365207	766145
365117	766196
365101	766203
365074	766212
365052	766216
365029	766216
365012	766215
365000	766213
365000	766213
364954	766205
364916	766202
364827	766200
364781	766204
364688	766203
364646	766204
364629	766206
364563	766218
364540	766225
364511	766235
364471	766256
364405	766298
364365	766333
364345	766348
364312	766365
364196	766408
364118	766443
364089	766454
364051	766463
363991	766466
363961	766463
363944	766459
363915	766448
363874	766427
363851	766413
363821	766390
363764	766336
363739	766302
363709	766256
363644	766132
363643	766131
363643	766131
363580	766143
363522	766150
363432	766165
363347	766179
363317	766184
363300	766182
363271	766172
363245	766162
363225	766158
363194	766157
363146	766158
363112	766153
363095	766147
363048	766132
363040	766135
363008	766158
362939	766206
362908	766225
362872	766246
362858	766266
362852	766275
362778	766328
362747	766334
362682	766348
362635	766364
362593	766385
362544	766424
362467	766488
362467	766488
362461	766550
362448	766624
362429	766709
362420	766772
362418	766825
362411	766880
362407	766938
362397	767000
362387	767023
362373	767046
362318	767116
362277	767159
362231	767211
362154	767287
362057	767378
362012	767428
361946	767515
361912	767563
361885	767611
361852	767674
361837	767710
361824	767748
361799	767838
361775	767965
361758	768058
361717	768241
361670	768372
361650	768434
361607	768597
361593	768657
361584	768688
361553	768766
361533	768797
361514	768820
361484	768846
361446	768875
361408	768898
361333	768923
361214	768958
361101	769000
360986	769045
360968	769055
360915	769088
360876	769110
360825	769133
360792	769143
360777	769144
360753	769141
360708	769123
360637	769077
360589	769042
360575	769036
360525	769019
360514	769014
360484	768995
360440	768972
360386	768930
360359	768918
360329	768912
360308	768913
360293	768917
360278	768923
360266	768931
360255	768941
360241	768958
360235	768973
360226	769005
360222	769040
360225	769071
360235	769112
360253	769153
360295	769224
360357	769312
360373	769340
360401	769406
360416	769454
360422	769483
360427	769515
360430	769570
360430	769650
360418	769746
360413	769822
360395	770000
360395	770000
360395	770003
360392	770053
360393	770109
360384	770214
360376	770269
360365	770313
360353	770353
360284	770484
360186	770635
360157	770673
360140	770712
360127	770730
360127	770730
360118	770744
360105	770771
360088	770802
360049	770849
360022	770890
360000	770915
360000	770915
359998	770917
359988	770946
359978	770960
359967	770971
359959	770984
359951	771000
359945	771028
359927	771070
359923	771088
359925	771114
359923	771119
359918	771128
359896	771154
359868	771182
359848	771194
359835	771209
359806	771234
359754	771290
359702	771339
359700	771345
359695	771351
359661	771385
359636	771417
359601	771454
359558	771495
359516	771546
359471	771621
359450	771664
359450	771682
359455	771697
359450	771707
359449	771727
359435	771832
359433	771867
359436	771902
359442	771939
359448	771957
359465	772000
359467	772013
359470	772042
359467	772051
359447	772098
359440	772110
359378	772207
359365	772230
359349	772263
359327	772304
359306	772352
359291	772381
359282	772394
359247	772424
359239	772434
359209	772494
359191	772515
359213	772534
359225	772532
359234	772553
359258	772548
359234	772579
359221	772622
359217	772631
359232	772649
359361	772780
359383	772831
359270	772877
359211	772934
359181	772949
359152	772971
359137	773016
359122	773084
359149	773193
359164	773223
359196	773246
359226	773262
359244	773268
359342	773336
359367	773380
359369	773401
359331	773561
359322	773586
359279	773762
359248	773879
359167	774224
359137	774343
359376	774355
359489	774413
359494	774432
359486	774451
359484	774473
359496	774501
359516	774536
359536	774579
359543	774603
359560	774744
359575	774835
359597	775000
359597	775000
359632	775252
359628	775300
359643	775341
359672	775408
359679	775458
359680	775498
359677	775546
359688	775650
359702	775724
359711	775890
359719	775976
359735	776218
359736	776374
359747	776483
359763	776691
359764	776720
359761	776751
359751	776793
359740	776832
359769	777032
359786	777124
359803	777262
359811	777313
359812	777345
359805	777403
359763	777620
359750	777666
359750	777666
359746	777696
359738	777705
359648	777731
359515	777788
359453	777824
359386	777854
359320	777881
359220	777829
359175	777813
359112	777787
359039	777763
358992	777743
358840	777710
358782	777688
358626	777569
358607	777609
358596	777650
358597	777941
358599	777964
358613	778022
358698	778293
358699	778314
358685	778393
358656	778496
358640	778570
358572	778686
358548	778724
358531	778761
358569	778819
358595	778855
358615	778892
358629	778926
358668	778978
358678	778998
358694	779062
358714	779127
358718	779153
358725	779169
358742	779244
358756	779277
358759	779289
358759	779301
358757	779311
358747	779328
358718	779401
358704	779456
358667	779542
358652	779582
358632	779641
358625	779674
358611	779713
358598	779759
358617	779787
358658	779865
358685	779902
358691	779919
358654	780000
358654	780000
358654	780000
358631	780042
358612	780098
358461	780304
358423	780362
358392	780416
358284	780627
358112	780754
357966	780811
357938	780828
357917	780926
357821	780979
357765	781013
357737	781040
357582	781214
357569	781232
357554	781249
357521	781278
357428	781342
357183	781431
357049	781477
357000	781540
356861	781685
356660	781694
356501	781621
356339	781558
356295	781577
356202	781704
356191	781722
356183	781729
356176	781734
356158	781740
356054	781788
356025	781810
355987	781849
355955	781900
355874	782068
355746	782397
355754	782508
355758	782682
355756	782693
355749	782708
355571	783000
355489	783144
355440	783239
355403	783322
355413	783396
355417	783460
355417	783507
355415	783531
355404	783629
355331	783853
355314	783900
355217	784104
355189	784175
355173	784199
355151	784229
355081	784381
355000	784481
355000	784481
354977	784471
354889	784427
354850	784413
354704	784398
354608	784496
354575	784524
354561	784540
354536	784574
354524	784592
354502	784636
354473	784683
354431	784760
354390	784845
354318	784970
354287	785000
