1
4934
0
226509	726424
226434	726365
226399	726346
226269	726264
226168	726191
226107	726140
226062	726107
225993	726063
225963	726037
225928	726019
225898	726008
225852	725987
225780	725950
225763	725934
225701	725908
225636	725875
225600	725864
225575	725848
225529	725836
225495	725817
225464	725795
225396	725742
225370	725727
225337	725701
225301	725683
225272	725660
225231	725643
225187	725629
225122	725592
225083	725594
225063	725530
225053	725484
225044	725451
225042	725402
225037	725347
225031	725314
225024	725256
225029	725227
225044	725178
225051	725148
225057	725105
225059	725083
225060	725060
225064	725029
225062	725000
225062	725000
225062	725000
225056	724967
225064	724880
225071	724867
225083	724753
225101	724707
225129	724646
225160	724589
225148	724533
225124	724472
225101	724401
225100	724382
225116	724359
225130	724328
225085	724252
225065	724228
225043	724207
225007	724184
225000	724171
225000	724171
224928	724092
224774	724089
224664	724032
224410	723966
224410	723966
224388	723960
224344	723914
224323	723888
224302	723869
224192	723807
224000	723657
223953	723615
223852	723530
223812	723486
223802	723465
223799	723449
223799	723449
223809	723428
223813	723420
223834	723403
223872	723317
223913	723326
224059	723252
224075	723252
224157	723268
224349	723191
224375	723184
224393	723181
224393	723181
224549	723162
224648	723153
224678	723149
224693	723145
224897	723062
225000	722969
225000	722969
225029	722995
225055	723003
225103	723005
225142	723001
225163	722998
225188	722988
225230	722936
225255	722911
225296	722876
225400	722796
225463	722703
225477	722688
225569	722631
225720	722534
225759	722504
225737	722483
225830	722358
225909	722368
225935	722346
225944	722337
225953	722320
225954	722302
225950	722269
225958	722222
225980	722214
226100	722155
226175	722112
226212	722083
226254	722046
226294	722000
226322	721975
226357	721916
226467	721712
226497	721738
226563	721693
226602	721658
226618	721646
226629	721646
226655	721655
226681	721657
226760	721660
226815	721658
226888	721658
226948	721661
227019	721669
227022	721648
227026	721554
227034	721489
227049	721418
227072	721343
227084	721307
227138	721177
227165	721122
227220	721040
227233	721018
227248	720984
227265	720955
227310	720880
227327	720862
227369	720784
227438	720723
227528	720632
227594	720577
227649	720535
227715	720491
227791	720431
227841	720386
227877	720364
227907	720354
227961	720348
227989	720343
228082	720314
228058	720272
228060	720253
228073	720218
228098	720175
228100	720158
228086	720141
228110	720103
228121	720111
228152	720038
228170	720000
228170	720000
228196	719916
228233	719829
228270	719827
228288	719815
228330	719776
228335	719763
228266	719698
228216	719661
228153	719641
228031	719589
227956	719547
227936	719523
227926	719504
227923	719494
227912	719435
227894	719402
227869	719378
227847	719362
227780	719330
227716	719331
227669	719298
227653	719279
227630	719269
227598	719260
227568	719238
227552	719205
227541	719191
227527	719178
227510	719168
227438	719144
227553	718807
227594	718661
227609	718601
227616	718565
227619	718537
227636	718451
227647	718377
227650	718366
227659	718344
227670	718325
227735	718245
227830	718081
227830	718081
227851	718040
227851	718040
227849	718020
227865	718000
227874	717991
227874	717991
227880	717978
227880	717978
227878	717972
227912	717902
227893	717834
227892	717790
227893	717767
227910	717685
227902	717587
227910	717547
227911	717497
227922	717399
227938	717361
227944	717339
227953	717318
227961	717312
228000	717297
228013	717284
228026	717252
228045	717221
228027	717194
228031	717174
228028	717163
228028	717163
228024	717141
228029	717110
228028	717096
228024	717085
228019	717075
227995	717046
228016	717017
228009	717000
227993	716980
227926	716859
227915	716853
227863	716846
227829	716836
227783	716833
227775	716823
227766	716823
227742	716809
227727	716807
227699	716814
227680	716812
227663	716805
227684	716780
227700	716737
227702	716721
227702	716721
227706	716700
227675	716672
227666	716648
227632	716584
227618	716563
227604	716535
227596	716524
227579	716520
227551	716521
227518	716513
227508	716494
227504	716464
227446	716441
227412	716425
227362	716383
227361	716383
227359	716380
227356	716378
227353	716376
227350	716374
227347	716372
227344	716371
227340	716369
227337	716368
227335	716368
227332	716367
227328	716367
227327	716367
227325	716367
227323	716367
227321	716367
227319	716368
227319	716368
227317	716369
227315	716370
227314	716371
227312	716372
227311	716374
227310	716375
227309	716377
227297	716394
227226	716396
227210	716390
227133	716302
227141	716248
227142	716226
227114	716197
227104	716142
227020	716112
227000	716088
226887	715974
226858	715950
226857	715950
226857	715950
226843	715943
226840	715918
226842	715868
226816	715865
226793	715901
226737	715931
226737	715931
226733	715932
226700	715942
226685	715943
226646	715933
226612	715930
226580	715922
226568	715921
226515	715945
226498	715946
226485	715957
226459	715991
226445	715996
226445	715996
226436	716000
226348	716044
226327	716059
226297	716088
226263	716101
226252	716102
226242	716101
226207	716086
226191	716063
226171	716045
226120	716032
226106	716018
226032	715991
225979	715961
225949	715940
225928	715907
225929	715863
225922	715846
225912	715842
225902	715835
225887	715807
225879	715798
225827	715776
225767	715725
225753	715691
225701	715636
225695	715588
225689	715575
225677	715559
225618	715539
225571	715541
225499	715523
225444	715525
225404	715508
225360	715504
225357	715473
225304	715454
225283	715437
225232	715405
225225	715393
225259	715367
225252	715346
225170	715283
225143	715277
225104	715245
225080	715247
225048	715242
225004	715204
225000	715204
224999	715204
224999	715204
224958	715207
224940	715204
224914	715195
224890	715196
224867	715193
224845	715181
224830	715167
224813	715160
224794	715157
224774	715156
224720	715145
224694	715141
224681	715137
224671	715131
224657	715117
224653	715104
224657	715069
224657	715059
224654	715051
224642	715032
224631	715020
224627	715000
224627	715000
224630	714937
224622	714876
224598	714856
224582	714846
224575	714840
224571	714832
224565	714793
224546	714784
224530	714698
224535	714667
224549	714632
224552	714616
224554	714604
224554	714604
224556	714591
224563	714558
224571	714527
224574	714499
224571	714475
224564	714450
224563	714440
224565	714418
224564	714406
224556	714376
224552	714351
224559	714272
224556	714260
224557	714245
224571	714183
224577	714118
224572	714073
224576	714064
224582	714058
224662	714017
224668	714009
224670	714003
224672	713971
224685	713925
224726	713882
224745	713867
224824	713844
224848	713835
224859	713828
224872	713812
224882	713806
224911	713813
224932	713790
224977	713776
224985	713766
224986	713747
224982	713738
224981	713724
224990	713704
224996	713681
224993	713644
224999	713628
224999	713628
225000	713626
225023	713591
225034	713538
225044	713450
225051	713413
225069	713371
225073	713364
225084	713349
225104	713330
225116	713314
225125	713296
225131	713277
225146	713244
225163	713174
225166	713081
225168	713056
225198	713003
225200	712983
225198	712967
225206	712932
225213	712917
225223	712904
225229	712899
225256	712887
225277	712875
225291	712862
225325	712797
225307	712760
225348	712731
225362	712698
225390	712736
225403	712749
225435	712774
225465	712790
225486	712782
225523	712786
225568	712796
225654	712786
225677	712788
225688	712794
225732	712828
225759	712846
225780	712856
225854	712878
225921	712884
225976	712910
226045	712932
226111	712904
226135	712907
226148	712910
226148	712910
226157	712911
226166	712938
226175	712944
226261	712968
226312	712990
226330	713001
226392	713047
226431	713094
226442	713112
226480	713124
226513	713124
226532	713121
226549	713116
226565	713108
226576	713097
226569	713068
226585	713040
226600	712995
226632	713014
226682	713016
226735	712940
226768	712910
226780	712868
226804	712846
226824	712810
226857	712803
226892	712778
226907	712710
226931	712688
226931	712642
226949	712628
226956	712591
226958	712562
226964	712553
226984	712551
227000	712553
227012	712550
227041	712515
227042	712487
227033	712463
227037	712439
227046	712420
227060	712404
227064	712356
227099	712306
227107	712285
227138	712236
227142	712211
227142	712182
227139	712158
227129	712115
227152	712073
227168	712026
227168	712019
227144	711960
227138	711935
227136	711898
227142	711839
227142	711820
227142	711817
227142	711817
227142	711813
227135	711742
227166	711724
227267	711657
227350	711619
227350	711619
227380	711606
227392	711598
227402	711588
227409	711577
227410	711568
227412	711561
227412	711561
227416	711543
227437	711514
227444	711484
227436	711470
227395	711432
227339	711391
227321	711372
227316	711324
227322	711271
227326	711255
227330	711243
227337	711231
227354	711212
227364	711196
227377	711162
227386	711117
227392	711098
227407	711064
227435	711030
227442	710979
227442	710965
227441	710956
227408	710861
227374	710804
227377	710767
227403	710740
227414	710724
227420	710712
227420	710698
227418	710691
227415	710685
227409	710679
227369	710661
227327	710660
227317	710639
227311	710612
227309	710592
227310	710571
227314	710543
227320	710528
227328	710517
227379	710496
227388	710479
227379	710455
227377	710439
227377	710434
227387	710401
227384	710347
227366	710317
227356	710266
227339	710223
227337	710211
227337	710202
227342	710185
227361	710168
227390	710146
227394	710140
227400	710129
227412	710094
227418	710082
227430	710061
227443	710041
227490	710000
227490	710000
227490	710000
227525	709966
227533	709950
227512	709943
227491	709942
227472	709938
227429	709926
227381	709900
227363	709897
227302	709865
227273	709856
227261	709848
227238	709839
227198	709812
227176	709803
227183	709789
227188	709759
227196	709740
227197	709724
227169	709696
227161	709682
227138	709659
227130	709654
227118	709655
227108	709692
227063	709725
226951	709835
226901	709838
226858	709842
226783	709830
226760	709821
226740	709807
226724	709798
226715	709795
226696	709791
226682	709792
226649	709800
226614	709807
226574	709797
226557	709786
226544	709767
226536	709723
226502	709694
226458	709645
226450	709641
226438	709647
226415	709645
226401	709641
226357	709638
226328	709631
226336	709578
226362	709549
226376	709536
226380	709508
226389	709495
226393	709493
226406	709498
226420	709488
226434	709490
226443	709484
226448	709484
226459	709489
226467	709489
226483	709484
226489	709484
226495	709489
226511	709488
226526	709490
226555	709485
226568	709492
226576	709488
226582	709477
226584	709473
226584	709473
226587	709467
226593	709457
226605	709443
226608	709437
226611	709425
226609	709401
226612	709399
226620	709404
226626	709401
226630	709397
226647	709373
226663	709344
226676	709337
226686	709334
226689	709328
226690	709311
226710	709309
226733	709311
226739	709309
226750	709287
226774	709274
226775	709266
226773	709263
226769	709260
226763	709261
226754	709238
226755	709231
226757	709228
226761	709227
226795	709225
226804	709242
226810	709246
226839	709230
226843	709232
226846	709236
226849	709253
226854	709261
226857	709263
226864	709264
226873	709261
226879	709258
226887	709249
226893	709234
226925	709224
226935	709189
226940	709187
226951	709185
226987	709186
227004	709177
227008	709163
227033	709140
227056	709142
227098	709071
227109	709066
227120	709047
227124	709044
227165	709039
227183	709020
227216	709015
227236	709003
227259	708998
227304	708996
227317	708979
227350	708980
227383	708970
227422	708973
227438	708983
227457	708965
227469	708962
227479	708963
227500	708980
227503	708991
227506	708993
227533	708995
227548	709003
227581	708990
227599	708989
227617	708992
227663	708980
227677	708985
227701	708985
227723	708991
227782	708984
227790	708985
227797	708989
227811	709003
227821	709011
227835	709016
227849	709015
227865	709010
227877	709001
227883	708994
227910	708974
227920	708956
227946	708941
227945	708926
227964	708888
227977	708878
227993	708872
228008	708861
228022	708847
228027	708823
228029	708821
228034	708817
228048	708812
228064	708792
228073	708789
228097	708788
228110	708785
228137	708775
228150	708775
228169	708777
228195	708785
228222	708784
228251	708788
228265	708786
228312	708796
228339	708786
228346	708785
228351	708789
228359	708807
228366	708812
228373	708813
228409	708808
228426	708809
228437	708805
228459	708794
228475	708790
228486	708791
228507	708782
228538	708752
228560	708758
228617	708795
228633	708798
228640	708797
228653	708792
228684	708773
228695	708770
228708	708769
228724	708770
228770	708778
228830	708801
228851	708799
228932	708783
228962	708778
228976	708780
228994	708788
229022	708792
229118	708773
229134	708762
229142	708759
229198	708749
229279	708723
229324	708725
229366	708736
229384	708736
229400	708731
229436	708714
229459	708708
229475	708706
229487	708710
229521	708729
229558	708741
229570	708749
229583	708760
229593	708775
229601	708797
229619	708812
229624	708818
229625	708825
229620	708856
229624	708865
229667	708848
229697	708832
229703	708827
229748	708763
229777	708735
229805	708684
229821	708639
229834	708618
229843	708609
229854	708603
229868	708600
229895	708600
229922	708603
229950	708600
229957	708598
229973	708587
229979	708580
229991	708563
229999	708556
229999	708556
230035	708527
230031	708517
230050	708487
230060	708464
230070	708454
230080	708448
230085	708441
230087	708414
230090	708403
230104	708387
230127	708384
230132	708380
230137	708371
230141	708365
230151	708361
230156	708346
230165	708337
230188	708280
230191	708277
230197	708277
230212	708270
230222	708261
230240	708251
230247	708243
230265	708208
230274	708194
230291	708185
230318	708173
230352	708108
230354	708095
230375	708075
230383	708053
230388	708034
230399	708024
230431	707975
230442	707972
230466	707945
230485	707907
230492	707899
230499	707894
230519	707888
230541	707851
230555	707841
230562	707840
230596	707843
230609	707837
230615	707830
230624	707792
230647	707788
230650	707770
230654	707767
230663	707766
230667	707763
230681	707743
230698	707712
230726	707706
230742	707689
230760	707655
230761	707635
230758	707628
230764	707616
230771	707574
230776	707559
230775	707538
230766	707508
230767	707480
230772	707465
230788	707448
230804	707424
230809	707408
230806	707386
230798	707358
230769	707314
230773	707305
230788	707295
230789	707271
230792	707261
230796	707258
230807	707256
230812	707230
230821	707216
230824	707189
230836	707172
230838	707166
230838	707158
230827	707111
230817	707107
230803	707105
230794	707100
230788	707092
230766	707056
230751	707014
230763	706967
230764	706906
230758	706863
230760	706828
230760	706818
230757	706811
230759	706781
230756	706757
230751	706739
230728	706728
230721	706712
230713	706708
230709	706706
230686	706702
230679	706698
230674	706692
230665	706671
230656	706662
230656	706648
230650	706637
230649	706620
230656	706612
230658	706591
230654	706584
230645	706583
230640	706580
230638	706558
230635	706553
230624	706549
230636	706520
230651	706516
230650	706495
230633	706481
230629	706455
230618	706453
230607	706442
230595	706440
230576	706426
230545	706425
230540	706422
230529	706397
230506	706378
230470	706368
230470	706321
230465	706314
230444	706308
230442	706280
230423	706281
230406	706299
230394	706268
230388	706261
230366	706260
230349	706251
230342	706244
230339	706235
230340	706232
230344	706227
230354	706221
230360	706210
230359	706196
230350	706184
230332	706171
230331	706163
230332	706144
230315	706123
230309	706085
230304	706070
230293	706054
230253	706010
230251	706004
230263	705972
230270	705947
230269	705928
230263	705911
230262	705909
230231	705900
230200	705887
230195	705871
230186	705866
230173	705865
230145	705879
230143	705868
230145	705857
230155	705825
230156	705811
230149	705800
230141	705792
230113	705777
230099	705752
230084	705739
230084	705732
230092	705692
230093	705659
230091	705649
230072	705614
230069	705600
230069	705591
230080	705559
230082	705500
230078	705469
230075	705460
230069	705452
230026	705418
230016	705409
230009	705395
230007	705385
230005	705342
230000	705336
229999	705336
229999	705336
229953	705327
229930	705326
229926	705319
229924	705310
229928	705298
229964	705276
229972	705267
229964	705238
229952	705171
229945	705155
229932	705134
229914	705117
229881	705090
229827	705059
229801	705040
229755	704987
229752	704980
229752	704980
229737	704964
229726	704936
229722	704909
229723	704882
229733	704851
229738	704833
229735	704816
229720	704797
229694	704768
229660	704737
229628	704704
229605	704670
229583	704624
229568	704590
229568	704590
229522	704493
229463	704406
229386	704284
229313	704128
229236	703926
229163	703815
229073	703728
228941	703606
228760	703498
228454	703349
228311	703272
228193	703189
228095	703088
228015	702970
227984	702862
227949	702681
227914	702549
227834	702455
227751	702396
227664	702350
227570	702312
227486	702257
227430	702187
227350	702051
227284	701870
227194	701634
227103	701418
226975	701168
226700	700681
226474	700333
226226	699950
226042	699705
225840	699397
225774	699293
225624	699057
225440	698719
225363	698587
225268	698401
225203	698257
225108	698050
225047	697909
224972	697709
224866	697397
224779	697116
224671	696709
224607	696481
224553	696265
224527	696149
224495	696053
224447	695957
224391	695874
224340	695824
224274	695768
224205	695717
224048	695617
223900	695517
223726	695417
223603	695344
223552	695310
223531	695291
223531	695291
223454	695211
223374	695113
223242	694898
223137	694661
223047	694439
222936	694178
222814	693868
222716	693691
222601	693496
222431	693249
222278	693054
222114	692891
221986	692741
221906	692626
221853	692512
221794	692313
221752	692098
221693	691882
221648	691725
221585	691555
221436	691252
221314	691016
221126	690661
220969	690359
220764	689879
220524	689412
220166	688585
220094	688423
219860	687911
219860	687911
219820	687791
219807	687676
219823	687532
219873	687311
219998	686911
220040	686783
220103	686529
220197	686258
220252	685965
220318	685607
220346	685242
220364	684790
220357	684268
220357	683955
220392	683572
220475	683287
220597	682981
220653	682842
220708	682619
220778	682344
220823	682108
220837	681938
220830	681802
220806	681579
220795	681346
220806	680998
220826	680779
220924	680282
220952	680066
220994	679760
221021	679376
221014	679131
221002	678879
221002	678879
220797	678618
220546	678291
220268	677909
220094	677714
219913	677505
219614	677171
219412	676928
219300	676747
219217	676566
219154	676330
219099	676037
218966	675425
218855	675036
218730	674625
218584	674298
218451	673992
218326	673714
218222	673429
218117	672976
218027	672587
217804	672114
217533	671488
217386	671203
217275	670883
217122	670333
217038	669895
216955	669443
216920	668928
216851	668490
216816	668281
216816	668281
216739	667918
216673	667629
216596	667295
216502	666986
216388	666554
216325	666283
216241	665956
216140	665654
216026	665354
215932	665107
215796	664767
215695	664547
215577	664300
215291	663800
214989	663323
214836	663104
214836	663104
214596	663346
214439	663494
214239	663663
213867	663931
213599	664118
213372	664324
213223	664515
213077	664706
212837	665054
212628	665329
212412	665551
212151	665798
211873	666007
211601	666171
211340	666296
211013	666414
210575	666560
210105	666664
209896	666737
209729	666811
209625	666887
209520	666998
209388	667179
209256	667395
209092	667611
208946	667777
208727	667965
208623	668052
208553	668160
208532	668247
208546	668358
208629	668564
208685	668765
208727	668988
208716	669235
208689	669579
208678	669732
208636	669857
208511	670059
208442	670230
208403	670358
208382	670404
208327	670428
207944	670473
207509	670564
207248	670647
206778	670852
206406	671016
206020	671197
205769	671350
205529	671506
205268	671718
205000	671955
204770	672184
204537	672466
204266	672814
204015	673127
203772	673388
203476	673704
203278	673924
203128	674063
202749	674515
202651	674598
202575	674654
202495	674668
202376	674671
202136	674640
201980	674623
201889	674630
201785	674685
201677	674769
201489	675016
201360	675183
201245	675291
201138	675353
201030	675381
200915	675371
200800	675325
200668	675235
200570	675120
200473	674981
200320	674671
200219	674442
200087	674132
200014	673979
199930	673791
199867	673729
199700	673670
199530	673624
199245	673517
199171	673457
199098	673360
198994	673169
198862	673012
198629	672797
198420	672626
198249	672424
198155	672289
198089	672164
198068	672052
198082	671892
198228	671405
198302	671256
198476	670804
198549	670379
198643	670132
198730	669958
198917	669684
199018	669551
199095	669384
199171	669124
199231	668946
199318	668807
199422	668640
199506	668484
199589	668139
199652	667997
199728	667903
199927	667718
200094	667506
200247	667238
200327	667096
200389	666936
200421	666699
200466	666456
200532	666205
200633	665958
200762	665677
200943	665377
201183	665019
201305	664797
201402	664584
201468	664407
201486	664296
201482	664191
201461	664052
201399	663812
201315	663548
201214	663346
201141	663207
200897	662884
200734	662724
200316	662393
199996	662139
199718	661878
199311	661510
199071	661284
198771	661096
198117	660710
197839	660567
197341	660292
196659	660066
196224	659931
196224	659931
196198	660041
196101	660458
196003	660764
195871	661056
195753	661307
195551	661647
195384	661905
195210	662134
194924	662496
194709	662761
194458	663046
194187	663324
193874	663644
193540	663936
193073	664347
192753	664625
192503	664847
192287	665049
192043	665307
191758	665613
191591	665807
191299	666315
190992	666865
190770	667317
190575	667623
190429	667894
190053	668583
189809	669091
189649	669439
189461	669766
189308	670058
189162	670378
189058	670635
188946	671032
188911	671345
188863	671922
188751	672715
188647	673265
188591	673696
188577	674148
188584	674691
188612	675359
188675	675964
188772	676868
188849	677439
188891	677884
188863	678079
188786	678461
188717	678719
188452	679992
188313	680388
188216	680583
188062	680778
187895	680973
187659	681209
187394	681467
187102	681811
186966	682051
186792	682465
186667	682799
186497	683216
186333	683609
186277	683731
186187	683846
185992	684030
185905	684152
185752	684357
185623	684521
185508	684757
185366	685028
185280	685215
185280	685215
185261	685260
185255	685268
185255	685268
185237	685279
185228	685288
185219	685302
185214	685318
185213	685365
185214	685405
185211	685427
185192	685466
185160	685528
185139	685603
185114	685688
185111	685703
185105	685762
185101	685858
185102	685876
185107	685913
185119	685954
185145	686030
185154	686059
185214	686198
185227	686230
185243	686271
185265	686363
185270	686385
185277	686425
185278	686476
185274	686530
185272	686545
185269	686585
185274	686632
185294	686699
185298	686714
185318	686782
185339	686868
185346	686886
185361	686915
185400	686961
185446	687012
185460	687033
185467	687050
185473	687079
185474	687117
185468	687204
185468	687217
185466	687252
185470	687280
185479	687311
185514	687372
185525	687388
185570	687459
185578	687496
185580	687544
185575	687711
185574	687749
185581	687808
185594	687881
185598	687894
185642	688051
185707	688213
185746	688310
185766	688383
185773	688408
185778	688447
185776	688482
185765	688554
185762	688578
185753	688606
185728	688659
185697	688727
185680	688798
185668	688830
185655	688851
185631	688891
185613	688922
185605	688939
185605	688939
185557	689057
185550	689074
185479	689226
185469	689250
185456	689276
185405	689344
185376	689372
185361	689384
185342	689391
185322	689396
185299	689397
185257	689387
185116	689349
185094	689347
185063	689352
185035	689365
185016	689379
184999	689398
184989	689420
184973	689459
184956	689528
184953	689560
184947	689639
184941	689661
184934	689674
184915	689692
184896	689707
184853	689736
184812	689777
184779	689819
184753	689863
184733	689907
184733	689907
184694	690004
184677	690032
184654	690062
184629	690092
184608	690120
184568	690196
184562	690208
184547	690237
184534	690255
184508	690275
184458	690306
184352	690363
184329	690378
184287	690415
184255	690451
184223	690498
184205	690532
184163	690624
184132	690675
184099	690709
184071	690730
184040	690747
183961	690769
183893	690780
183893	690780
183870	690783
183842	690785
183814	690785
183785	690784
183746	690778
183673	690766
183632	690759
183609	690758
183588	690759
183554	690764
183522	690768
183467	690771
183428	690769
183361	690766
183276	690765
183222	690767
183154	690770
183104	690775
183056	690783
182984	690799
182899	690821
182840	690837
182693	690883
182580	690919
182412	690970
182327	691000
182270	691021
182204	691047
182161	691065
182139	691079
182083	691123
181995	691202
181899	691281
181832	691328
181795	691359
181647	691465
181609	691489
181574	691508
181451	691563
181367	691595
181223	691646
181114	691678
181046	691703
180990	691730
180959	691749
180924	691774
180895	691800
180860	691835
180824	691871
180802	691889
180778	691901
180745	691911
180703	691929
180667	691952
180647	691973
180635	692000
180587	692119
180566	692170
180521	692275
180505	692304
180491	692323
180469	692341
180441	692359
180415	692378
180401	692393
180401	692393
180375	692418
180348	692440
180312	692461
180277	692477
180234	692491
180190	692503
180166	692510
180153	692516
180140	692526
180127	692541
180105	692562
180088	692576
180071	692584
180046	692586
180019	692588
179994	692593
179980	692598
179948	692618
179901	692648
179812	692700
179745	692744
179696	692787
179660	692825
179613	692888
179582	692930
179569	692942
179545	692952
179509	692966
179490	692979
179469	692994
179450	693013
179417	693033
179380	693052
179326	693083
179260	693126
179217	693156
179179	693183
179152	693208
179126	693234
179111	693258
179100	693291
179095	693314
179092	693335
179092	693355
179098	693375
179110	693394
179122	693407
179140	693419
179158	693429
179177	693442
179191	693456
179200	693473
179207	693493
179214	693531
179230	693604
179236	693629
179238	693638
179245	693648
179261	693666
179295	693704
179324	693735
179330	693746
179337	693770
179343	693807
179350	693848
179350	693876
179348	693896
179342	693915
179333	693939
179320	693969
179300	694005
179293	694035
179286	694063
179278	694086
179271	694110
179264	694119
179237	694144
179185	694190
179131	694245
179096	694281
179073	694313
179057	694336
179043	694347
179019	694356
178985	694364
178966	694365
178950	694363
178925	694358
178915	694355
178901	694352
178887	694347
178883	694340
178878	694329
178873	694307
178868	694303
178852	694305
178831	694307
178830	694311
178834	694353
178838	694364
178841	694378
178844	694397
178848	694422
178849	694433
178847	694434
178847	694434
178845	694448
178840	694468
178824	694487
178719	694583
178547	694734
178447	694945
178312	695117
178138	695264
177862	695410
177560	695521
177207	695595
176942	695635
176720	695632
176482	695598
176354	695568
176203	695494
176038	695387
175907	695285
175709	695194
175525	695134
175249	695070
174947	695050
174567	695040
174265	695043
173929	695088
173620	695128
173301	695192
173029	695276
172687	695421
172411	695558
172411	695558
172515	695773
172554	695891
172579	696020
172608	696264
172621	696493
172618	696659
172601	696879
172571	697125
172525	697288
172468	697479
172342	697812
172252	698072
172203	698248
172159	698541
172158	698833
172174	699148
172206	699447
172232	699590
172285	699890
172322	700210
172369	700468
172448	700804
172532	701061
172620	701286
172700	701466
172776	701608
172912	701826
173075	702073
173229	702276
173382	702478
173493	702671
173547	702822
173580	702941
173614	703187
173605	703397
173590	703590
173523	703868
173437	704143
173392	704264
173217	704570
173135	704774
173044	705171
172959	705594
172920	705826
172905	706054
172848	706251
172606	706924
172472	707327
172448	707508
172425	707671
172317	707950
172206	708332
172163	708540
172149	708849
172176	709264
172163	709580
172099	710026
172059	710562
172086	710840
172139	711223
172277	711696
172421	712034
172522	712410
172579	712823
172643	713221
172636	713687
172559	714127
172482	714419
172324	714830
172213	715109
171958	715599
171871	715757
171683	716141
171406	716595
171135	716960
170833	717301
170594	717521
170142	717794
169837	718004
169676	718202
169676	718202
169611	718345
169611	718345
169567	718434
169527	718589
169503	718948
169517	719243
169574	719599
169658	719829
169846	720071
170377	720716
170978	721365
171448	721782
171666	721980
172069	722288
172392	722490
172842	722757
173137	722938
173399	723150
173537	723317
173671	723505
173782	723678
173856	723866
173930	724075
173987	724444
174074	724810
174239	725335
174326	725523
174488	725835
174625	726040
174887	726447
175146	726791
175525	727267
175801	727680
176002	728021
176268	728471
176402	728682
176600	728968
176748	729179
177040	729540
177507	730155
177725	730447
178014	730841
178091	730965
178128	731049
178132	731143
178108	731251
178068	731358
177997	731482
177816	731702
177353	732193
176913	732669
176674	733022
176597	733163
176489	733366
176415	733621
176325	734113
176315	734328
176358	734922
176439	735627
176479	735981
176459	736287
176379	736599
176318	736747
176234	736938
175965	737349
175482	738068
175482	738068
175770	738363
176287	738850
176735	739320
177046	739663
177248	739889
177372	740002
177654	740217
177790	740303
178472	740771
178672	740901
179109	741170
179690	741550
180214	741916
180657	742180
180847	742318
181377	742704
181599	742876
181851	743073
182237	743407
182407	743568
182597	743737
182966	744103
183104	744264
183295	744498
183658	744943
183806	745150
184105	745624
184232	745799
184617	746256
184879	746567
185198	746925
185198	746925
185391	747229
185747	747647
186150	748097
186407	748396
186407	748396
186672	748759
186806	748989
186981	749222
187203	749424
187438	749625
187693	749833
187935	749981
188244	750162
188573	750357
188801	750491
188942	750619
189312	750948
189749	751334
190044	751609
190333	751912
190504	752047
190716	752172
191136	752323
191639	752546
192006	752724
192110	752805
192392	753077
192634	753338
192839	753644
193040	754012
193289	754508
193369	754626
193712	755032
194202	755507
194451	755803
194669	756075
194904	756387
195159	756798
195381	757134
195724	757540
195915	757768
196127	758012
196446	758351
196667	758562
197007	758838
197164	758938
197339	759036
197571	759205
197762	759323
197883	759380
198068	759417
198756	759511
199307	759625
199559	759687
199898	759788
200097	759811
200553	759878
200762	759932
201060	760009
201326	760107
201611	760209
202088	760306
202367	760323
202824	760360
203207	760384
203563	760355
203946	760325
204251	760258
204604	760070
204983	759835
205222	759724
205360	759682
205685	759665
205904	759601
206035	759514
206189	759313
206283	759178
206354	759118
206471	759074
206683	759021
206787	758933
206911	758836
207032	758782
207180	758762
207345	758771
207536	758844
207748	758962
207912	759110
208167	759392
208413	759539
208675	759657
208829	759680
209037	759664
209111	759665
209299	759736
209726	759988
209998	760172
210243	760293
210602	760404
211002	760488
211335	760557
211677	760694
211882	760755
212117	760751
212466	760778
212792	760855
213004	760976
213142	761055
213199	761106
213273	761167
213273	761167
213315	761191
213378	761197
213535	761195
213629	761221
213724	761261
213818	761286
213846	761290
213846	761290
213966	761309
214245	761334
214624	761408
214987	761498
215310	761573
215810	761696
216096	761742
216472	761770
216905	761795
217229	761865
217502	761945
217679	761995
217763	762012
217808	762025
217808	762025
217830	762016
217854	762003
217870	761991
217901	761964
217936	761935
217975	761908
218003	761899
218017	761901
218034	761907
218056	761925
218086	761968
218109	761998
218133	762032
218149	762049
218175	762061
218194	762064
218270	762057
218337	762023
218337	762023
218412	761975
218459	761952
218501	761938
218556	761924
218610	761920
218657	761921
218704	761935
218751	761963
218787	761990
218816	762013
218843	762032
218873	762044
218900	762057
218918	762063
218940	762057
218952	762041
218975	762000
219004	761951
219026	761908
219051	761885
219082	761865
219126	761846
219185	761834
219219	761821
219252	761809
219282	761798
219304	761798
219327	761801
219353	761801
219373	761793
219398	761777
219448	761751
219500	761730
219546	761713
219573	761694
219596	761661
219617	761634
219642	761609
219658	761592
219691	761578
219715	761569
219730	761552
219744	761537
219760	761529
219784	761528
219813	761533
219843	761539
219865	761540
219895	761535
219917	761537
219947	761536
219976	761531
220022	761524
220039	761517
220049	761505
220061	761482
220068	761474
220083	761471
220104	761469
220113	761461
220133	761433
220172	761399
220196	761380
220201	761368
220195	761350
220187	761327
220183	761314
220183	761306
220201	761277
220212	761251
220213	761227
220228	761204
220248	761181
220255	761148
220254	761113
220246	761078
220244	761040
220242	761019
220246	760992
220263	760984
220289	760979
220311	760976
220337	760955
220360	760935
220389	760924
220415	760914
220446	760891
220472	760866
220542	760773
220573	760720
220600	760694
220631	760668
220667	760656
220734	760646
220787	760644
220845	760644
220877	760645
220891	760644
220920	760634
220969	760633
221008	760633
221045	760633
221087	760635
221114	760631
221145	760624
221175	760619
221191	760616
221200	760604
221208	760598
221229	760594
221241	760596
221275	760602
221304	760613
221335	760621
221372	760619
221403	760618
221416	760617
221443	760606
221464	760600
221497	760599
221528	760603
221593	760601
221625	760596
221647	760596
221675	760594
221720	760587
221750	760578
221773	760577
221800	760581
221834	760598
221868	760619
221887	760631
221900	760631
221949	760617
221985	760608
222015	760601
222051	760603
222080	760605
222113	760601
222141	760595
222159	760589
222173	760570
222193	760538
222208	760526
222231	760514
222253	760511
222289	760513
222307	760509
222323	760504
222336	760493
222355	760469
222371	760464
222392	760469
222409	760474
222428	760474
222448	760465
222475	760449
222506	760443
222528	760451
222540	760458
222564	760488
222599	760526
222653	760588
222686	760631
222709	760654
222738	760682
222768	760700
222788	760714
222814	760735
222828	760752
222843	760759
222866	760760
222897	760756
222933	760748
222958	760742
222984	760739
223019	760745
223048	760751
223080	760755
223104	760762
223134	760761
223164	760752
223202	760750
223244	760748
223266	760749
223285	760757
223309	760776
223331	760790
223352	760798
223381	760802
223415	760805
223443	760804
223460	760809
223484	760819
223503	760819
223526	760812
223556	760801
223587	760781
223606	760767
223631	760760
223662	760756
223705	760750
223757	760741
223789	760726
223831	760709
223843	760698
223852	760666
223860	760631
223883	760600
223903	760578
223920	760559
223939	760537
223959	760528
223985	760505
224006	760484
224018	760480
224033	760482
224072	760500
224107	760518
224133	760533
224151	760534
224179	760523
224216	760494
224235	760476
224243	760464
224252	760450
224262	760442
224277	760444
224312	760458
224340	760468
224352	760483
224357	760503
224362	760518
224373	760531
224391	760537
224419	760518
224468	760476
224493	760452
224520	760430
224540	760408
224560	760398
224587	760386
224611	760386
224630	760393
224659	760410
224676	760422
224693	760424
224729	760420
224775	760409
224807	760403
224853	760407
224909	760410
224938	760406
224956	760397
224988	760370
225020	760335
225044	760318
225073	760296
225089	760286
225118	760280
225151	760280
225183	760279
225212	760273
225254	760252
225292	760238
225383	760198
225421	760190
225437	760192
225447	760195
225447	760195
225500	760234
225556	760283
225606	760324
225621	760338
225681	760383
225715	760400
225743	760407
225775	760403
225812	760394
225845	760383
225878	760378
225925	760375
225939	760373
225970	760356
225996	760345
226053	760337
226123	760334
226225	760326
226276	760324
226317	760323
226353	760328
226399	760344
226447	760361
226489	760370
226519	760368
226557	760351
226600	760319
226654	760271
226688	760260
226737	760250
226783	760257
226823	760269
226860	760274
226876	760272
226897	760258
226922	760226
226952	760185
226983	760175
227010	760174
227038	760181
227056	760198
227086	760218
227125	760228
227157	760225
227193	760212
227222	760209
227237	760212
227250	760238
227255	760282
227262	760323
227287	760354
227315	760381
227344	760417
227365	760433
227386	760446
227401	760460
227417	760477
227429	760500
227435	760508
227453	760519
227470	760520
227489	760514
227510	760493
227531	760466
227548	760438
227560	760427
227578	760422
227604	760428
227634	760442
227647	760444
227677	760442
227701	760439
227723	760445
227740	760470
227750	760491
227767	760521
227780	760529
227811	760518
227846	760500
227878	760486
227903	760483
227936	760486
227969	760489
227999	760488
228027	760480
228049	760470
228084	760466
228121	760469
228147	760481
228181	760494
228204	760498
228261	760499
228325	760502
228358	760496
228384	760477
228397	760464
228413	760462
228439	760464
228465	760464
228490	760456
228520	760441
228544	760422
228557	760413
228570	760411
228616	760409
228656	760412
228679	760415
228709	760426
228740	760453
228780	760489
228812	760497
228870	760504
228901	760506
228955	760499
228995	760489
229032	760475
229079	760460
229124	760447
229158	760442
229210	760437
229254	760426
229267	760420
229285	760403
229322	760331
229341	760306
229352	760298
229372	760298
229397	760302
229435	760298
229473	760306
229532	760325
229573	760332
229602	760325
229626	760307
229652	760274
229697	760208
229732	760164
229769	760130
229814	760104
229865	760086
229926	760070
229989	760055
229989	760055
230036	760046
230083	760018
230186	759980
230270	759950
230373	759904
230421	759883
230532	759826
230577	759808
230629	759788
230650	759785
230685	759780
230723	759779
230809	759783
230843	759791
230862	759798
230906	759823
230944	759849
230974	759876
231044	759963
231068	759994
231075	759997
231099	759995
231123	759977
231203	759912
231295	759847
231380	759798
231448	759770
231483	759752
231523	759718
231535	759715
231542	759718
231558	759732
231632	759818
231705	759897
231783	759971
231839	760020
231866	760035
231899	760046
231962	760064
231994	760077
232028	760101
232076	760140
232092	760144
232161	760160
232204	760183
232253	760202
232295	760206
232343	760213
232361	760222
232369	760233
232370	760248
232370	760259
232366	760266
232360	760275
232347	760282
232310	760290
232298	760296
232291	760305
232283	760342
232289	760366
232301	760386
232313	760397
232344	760420
232355	760423
232364	760422
232375	760417
232393	760402
232401	760400
232423	760402
232467	760408
232475	760412
232508	760436
232518	760439
232554	760446
232570	760445
232579	760441
232613	760417
232624	760411
232629	760411
232634	760415
232655	760451
232664	760461
232699	760486
232718	760496
232747	760504
232786	760514
232813	760524
232833	760540
232895	760582
232947	760617
232989	760649
233012	760660
233051	760670
233074	760681
233086	760682
233130	760681
233170	760674
233178	760675
233208	760684
233215	760683
233221	760680
233234	760665
233257	760644
233279	760632
233315	760617
233364	760603
233467	760578
233518	760573
233576	760568
233658	760573
233724	760583
233812	760603
233940	760635
233980	760639
234044	760640
234091	760635
234175	760618
234236	760604
234315	760592
234351	760593
234378	760598
234406	760609
234428	760628
234443	760647
234454	760676
234457	760709
234456	760771
234446	760835
234448	760856
234451	760873
234458	760886
234473	760899
234529	760939
234546	760946
234561	760946
234573	760940
234629	760895
234650	760874
234658	760871
234698	760858
234777	760842
234805	760841
234855	760842
234926	760853
234997	760880
234997	760880
235047	760900
235071	760902
235085	760901
235099	760893
235118	760860
235146	760825
235159	760819
235180	760815
235197	760822
235204	760828
235214	760828
235226	760823
235245	760817
235255	760818
235297	760885
235307	760897
235321	760940
235330	760950
235361	760967
235381	760970
235401	760965
235421	760950
235492	760888
235543	760862
235614	760826
235639	760817
235646	760810
235670	760783
235682	760774
235707	760765
235728	760761
235758	760765
235773	760771
235787	760782
235792	760796
235819	760870
235831	760881
235843	760881
235862	760877
235919	760865
235935	760866
235946	760870
235953	760877
235971	760908
235983	760914
236001	760917
236034	760917
236046	760911
236082	760880
236092	760879
236101	760882
236105	760888
236101	760956
236109	760977
236122	760993
236145	761007
236161	761004
236164	761001
236182	760982
236251	760903
236260	760898
236265	760901
236277	760911
236284	760927
236289	760965
236296	760982
236299	761007
236298	761022
236298	761040
236311	761058
236332	761073
236349	761083
236373	761081
236392	761074
236459	761029
236499	760998
236519	760968
236529	760929
236532	760910
236537	760900
236540	760899
236552	760897
236576	760898
236590	760903
236600	760911
236605	760921
236622	760982
236628	760988
236633	760994
236643	760997
236655	760995
236675	760988
236718	760967
236732	760967
236742	760972
236790	761026
236816	761049
236830	761054
236840	761053
236852	761050
236866	761044
236932	761000
237024	760965
237063	760954
237082	760947
237095	760946
237116	760948
237193	760974
237243	761011
237256	761012
237276	761001
237307	760977
237318	760976
237323	760979
237332	760991
237331	761027
237325	761050
237326	761060
237332	761069
237344	761079
237396	761113
237425	761121
237458	761130
237510	761115
237510	761115
237517	761120
237527	761134
237533	761155
237537	761161
237550	761169
237564	761174
237605	761176
237647	761173
237660	761176
237667	761179
237698	761220
237703	761229
237707	761244
237709	761264
237708	761282
237710	761293
237713	761297
237733	761297
237768	761281
237807	761259
237864	761246
237903	761233
237933	761215
237947	761202
237953	761200
237958	761203
237968	761222
237975	761232
237980	761235
237998	761234
238022	761228
238051	761215
238072	761212
238081	761209
238089	761204
238096	761190
238108	761175
238127	761142
238138	761135
238142	761131
238146	761116
238150	761105
238156	761103
238162	761105
238171	761111
238177	761118
238184	761141
238184	761155
238186	761167
238199	761180
238218	761191
238224	761198
238228	761209
238245	761248
238249	761252
238264	761254
238274	761246
238287	761223
238306	761180
238306	761160
238308	761154
238313	761149
238320	761147
238344	761150
238367	761158
238381	761160
238402	761155
238427	761146
238437	761137
238459	761105
238466	761098
238475	761093
238498	761092
238513	761095
238533	761086
238553	761071
238576	761049
238583	761035
238590	761028
238598	761022
238609	761020
238613	761017
238616	761008
238616	760993
238619	760973
238626	760953
238637	760931
238641	760915
238643	760897
238647	760883
238655	760868
238660	760862
238677	760857
238697	760858
238712	760853
238734	760852
238740	760854
238743	760862
238741	760875
238735	760894
238734	760913
238743	760945
238759	761011
238773	761031
238780	761050
238782	761077
238808	761140
238816	761152
238823	761155
238830	761155
238843	761150
238902	761103
238929	761078
238942	761072
238947	761071
238953	761070
238958	761072
238965	761077
238971	761086
238974	761108
238979	761117
238987	761123
238998	761126
239007	761121
239024	761100
239030	761087
239040	761056
239071	761001
239067	760993
239067	760983
239069	760968
239073	760962
239083	760962
239097	760967
239110	760976
239117	760987
239122	761001
239131	761017
239149	761043
239163	761092
239172	761104
239185	761111
239202	761115
239209	761115
239216	761113
239226	761105
239232	761092
239271	761050
239288	761036
239318	761026
239338	761025
239359	761022
239369	761018
239379	761010
239389	760999
239406	760985
239422	760978
239486	760986
239510	760980
239523	760961
239532	760934
239538	760923
239543	760921
239559	760925
239584	760927
239606	760932
239611	760936
239624	760951
239637	760955
239659	760955
239684	760952
239698	760949
239717	760942
239738	760932
239747	760925
239752	760923
239776	760928
239787	760928
239799	760925
239811	760920
239842	760903
239856	760897
239875	760879
239878	760878
239886	760880
239913	760895
239925	760892
239948	760871
239953	760869
239965	760870
239972	760868
239999	760852
239999	760852
240009	760846
240022	760841
240034	760839
240038	760835
240038	760831
240036	760814
240037	760805
240042	760795
240053	760788
240058	760786
240064	760787
240081	760794
240111	760817
240114	760818
240124	760814
240127	760812
240139	760798
240144	760795
240154	760793
240175	760783
240182	760772
240182	760765
240179	760751
240169	760726
240181	760710
240158	760685
240154	760675
240169	760655
240197	760628
240201	760619
240202	760606
240207	760588
240224	760589
240230	760588
240248	760576
240258	760572
240261	760565
240262	760555
240259	760532
240262	760520
240265	760514
240270	760511
240298	760494
240319	760474
240332	760464
240335	760457
240341	760430
240344	760428
240356	760425
240397	760417
240397	760412
240368	760356
240363	760339
240363	760336
240364	760334
240375	760331
240387	760333
240404	760341
240417	760361
240432	760389
240447	760400
240454	760399
240460	760395
240476	760372
240484	760365
240487	760364
240495	760365
240506	760368
240524	760378
240536	760397
240546	760407
240555	760407
240573	760397
240573	760397
240581	760392
240591	760382
240604	760359
240611	760350
240623	760342
240644	760332
240729	760325
240752	760322
240768	760317
240798	760306
240884	760277
240917	760261
240991	760218
241030	760200
241090	760183
241130	760174
241165	760169
241213	760159
241225	760150
241289	760115
241329	760090
241393	760052
241430	760025
241446	760000
241446	760000
241446	760000
241459	759975
241468	759926
241467	759899
241450	759869
241453	759847
241459	759819
241469	759792
241489	759748
241490	759733
241477	759670
241478	759657
241459	759636
241448	759620
241443	759608
241419	759529
241418	759504
241422	759451
241427	759431
241435	759412
241448	759402
241470	759392
241487	759382
241470	759357
241477	759332
241434	759291
241412	759286
241454	759200
241478	759143
241494	759103
241498	759084
241452	758938
241411	758839
241377	758781
241362	758721
241352	758712
241215	758645
241210	758628
241201	758606
241195	758596
241187	758590
241139	758575
241063	758542
240894	758581
240828	758598
240754	758619
240669	758630
240587	758620
240359	758602
240232	758595
240196	758548
240188	758541
240171	758535
240133	758531
240111	758533
240093	758539
240079	758551
240000	758546
240000	758546
239951	758543
239869	758515
239810	758488
239738	758452
239644	758407
239562	758369
239486	758337
239418	758301
239362	758262
239305	758253
239285	758241
239251	758227
239227	758211
239196	758177
239146	758174
239067	758136
239041	758121
239036	758114
238991	758103
238969	758092
238944	758082
238929	758072
238911	758050
238885	758006
238880	757993
238854	757951
238794	757869
238724	757741
238715	757692
238689	757632
238627	757621
238582	757608
238525	757601
238507	757589
238472	757559
238442	757539
238418	757528
238379	757515
238357	757501
238336	757478
238290	757465
238242	757441
238112	757423
238073	757405
238034	757382
237968	757335
237875	757320
237833	757311
237809	757302
237786	757290
237722	757245
237683	757208
237648	757184
237622	757154
237605	757131
237588	757096
237568	757010
237539	756988
237509	756970
237346	756878
237303	756843
237290	756829
237269	756823
237227	756820
237199	756824
237180	756835
237139	756912
237122	756935
237109	756949
237075	756978
237061	756962
237046	756948
237032	756939
237007	756929
236946	756892
236921	756909
236903	756915
236868	756915
236812	756896
236781	756879
236721	756861
236666	756885
236603	756950
236589	756989
236565	757011
236542	757037
236531	757042
236457	757042
236421	757047
236400	757051
236387	757059
236378	757070
236360	757098
236346	757115
236328	757127
236308	757138
236276	757140
236233	757131
236205	757136
236162	757146
236149	757156
236137	757168
236125	757171
236103	757143
236087	757130
236028	757121
235988	757109
235971	757107
235952	757109
235923	757114
235895	757122
235854	757124
235801	757129
235759	757128
235733	757121
235711	757106
235688	757095
235649	757097
235642	757090
235607	757070
235571	757062
235449	757046
235227	757038
235204	757017
235181	757000
235161	756990
235125	756977
235090	756969
235068	756966
235045	756964
235000	756963
235000	756963
234963	756967
234928	756974
234904	756986
234841	756967
234812	756993
234734	756977
234623	757043
234517	757036
234297	757147
233604	757172
233582	757038
233469	755711
233411	755210
233352	755000
233352	755000
233340	754953
233337	754936
233480	753744
233511	753458
233520	753400
233526	753400
233534	753396
233572	753361
233582	753355
233591	753354
233606	753357
233631	753368
233666	753379
233679	753380
233692	753378
233699	753375
233715	753366
233748	753366
233771	753362
233780	753363
233790	753368
233806	753374
233823	753383
233832	753396
233842	753403
233901	753414
233961	753441
233989	753448
234000	753455
234017	753458
234039	753459
234068	753456
234091	753448
234114	753443
234150	753424
234171	753417
234203	753412
234235	753411
234277	753410
234355	753425
234450	753435
234489	753436
234644	753428
234703	753432
234725	753435
234744	753434
234759	753435
234774	753433
234789	753428
234805	753413
234811	753402
234812	753378
234820	753362
234826	753336
234831	753322
234837	753315
234844	753330
234858	753348
234873	753363
234896	753375
234929	753388
234943	753392
234959	753394
235000	753385
235000	753385
235053	753364
235113	753344
235177	753316
235276	753265
235335	753238
235385	753222
235446	753207
235465	753205
235487	753205
235510	753208
235533	753212
235584	753216
235773	753226
235800	753233
235819	753243
235836	753245
235855	753239
235871	753230
235900	753209
235928	753182
235943	753171
235976	753156
236016	753140
236036	753134
236082	753127
236135	753125
236165	753126
236213	753124
236251	753119
236273	753114
236317	753099
236390	753054
236445	753019
236501	752990
236558	752966
236587	752956
236617	752949
236655	752944
236695	752946
236715	752950
236750	752964
236764	752972
236793	752994
237049	753254
237079	753281
237143	753333
237234	753413
237314	753484
237327	753499
237340	753518
237376	753563
237418	753611
237467	753674
237485	753689
237670	753826
237682	753838
237705	753864
237737	753906
237754	753926
237772	753942
237811	753972
237884	754018
237924	754033
237981	754061
237997	754072
238056	754126
238093	754173
238111	754198
238157	754271
238180	754299
238284	754408
238311	754435
238330	754450
238460	754550
238506	754590
238573	754654
238672	754745
238680	754742
238731	754696
238885	754562
238891	754539
238890	754507
238893	754489
238910	754491
238917	754489
238924	754476
238930	754445
238939	754430
238933	754412
238945	754390
238950	754375
238954	754372
238951	754364
238911	754339
238908	754327
238908	754319
238890	754288
238882	754284
238873	754283
238866	754279
238851	754246
238843	754225
238846	754199
238843	754180
238839	754173
238831	754169
238828	754141
238832	754110
238819	754095
238824	754075
238827	754071
238826	754062
238840	754028
238863	754024
238868	754017
238863	754012
238847	754008
238843	754005
238843	754000
238854	753991
238858	753984
238868	753955
238869	753946
238863	753931
238851	753920
238846	753913
238838	753894
238833	753888
238818	753878
238806	753862
238797	753858
238767	753863
238764	753860
238764	753848
238771	753824
238778	753817
238799	753808
238801	753802
238798	753792
238788	753782
238784	753780
238771	753783
238762	753779
238761	753775
238763	753766
238770	753762
238774	753755
238774	753752
238768	753744
238768	753738
238794	753715
238809	753695
238807	753673
238813	753659
238816	753657
238828	753663
238838	753664
238866	753655
238870	753655
238879	753659
238889	753667
238893	753669
238903	753668
238909	753665
238922	753651
238927	753643
238929	753632
238935	753620
238940	753617
238956	753618
238968	753612
238973	753607
238975	753600
238983	753567
238992	753547
239005	753535
239018	753532
239021	753516
239022	753499
239048	753471
239051	753463
239053	753445
239078	753399
239097	753387
239108	753373
239115	753372
239130	753374
239137	753371
239149	753360
239161	753337
239193	753334
239198	753318
239201	753296
239214	753278
239216	753260
239219	753250
239225	753197
239223	753177
239236	753161
239235	753143
239242	753124
239263	753100
239287	753088
239296	753072
239307	753066
239320	753069
239329	753062
239338	753049
239347	753038
239359	753034
239367	753028
239373	753030
239378	753028
239382	753026
239385	753022
239387	753018
239386	753009
239379	752994
239366	752990
239362	752981
239361	752973
239372	752972
239382	752976
239384	752970
239381	752953
239390	752941
239397	752929
239399	752913
239397	752900
239400	752888
239397	752878
239387	752875
239385	752872
239397	752854
239400	752802
239403	752797
239407	752793
239413	752791
239417	752792
239426	752798
239436	752812
239445	752813
239450	752812
239467	752791
239466	752779
239467	752765
239475	752756
239476	752745
239473	752727
239477	752713
239473	752701
239473	752665
239476	752657
239480	752651
239483	752649
239497	752645
239511	752634
239517	752621
239510	752604
239499	752596
239498	752584
239504	752579
239504	752572
239494	752566
239472	752564
239462	752558
239451	752556
239449	752544
239455	752538
239459	752520
239450	752504
239425	752501
239416	752498
239417	752493
239431	752487
239431	752481
239409	752472
239393	752469
239394	752465
239399	752460
239392	752448
239395	752420
239393	752406
239402	752394
239400	752359
239397	752349
239373	752308
239371	752302
239370	752288
239367	752281
239363	752277
239352	752271
239330	752267
239312	752245
239270	752207
239252	752196
239241	752177
239232	752168
239225	752164
239192	752126
239181	752110
239157	752107
239145	752103
239142	752098
239141	752086
239138	752073
239093	752025
239082	752016
239064	751995
239038	751989
239027	751981
239024	751976
239017	751947
239004	751939
238983	751933
238963	751924
238956	751924
238944	751929
238936	751927
238935	751922
238938	751901
238921	751862
238912	751860
238904	751855
238884	751839
238860	751845
238857	751831
238845	751815
238825	751801
238819	751792
238809	751782
238802	751758
238798	751735
238794	751725
238780	751717
238770	751707
238750	751668
238736	751651
238717	751614
238709	751572
238706	751566
238694	751556
238687	751553
238650	751548
238627	751523
238563	751493
238539	751462
238524	751447
238517	751436
238508	751434
238498	751403
238493	751382
238466	751363
238445	751342
238439	751333
238424	751305
238414	751290
238403	751281
238367	751269
238345	751257
238328	751242
238342	751200
238410	751034
238486	750859
238924	750168
238924	750168
238932	750170
238940	750169
238949	750165
238967	750152
238989	750145
238994	750146
239015	750159
239029	750164
239043	750172
239097	750178
239117	750177
239125	750180
239137	750190
239143	750201
239184	750210
239192	750211
239202	750209
239234	750218
239244	750216
239258	750210
239287	750217
239302	750218
239380	750213
239403	750198
239422	750195
239436	750200
239441	750201
239447	750200
239452	750196
239458	750184
239486	750180
239494	750180
239516	750190
239540	750191
239543	750194
239911	750058
239940	750042
239954	750024
239967	750000
239967	750000
240000	749942
240000	749942
240563	749000
240662	748838
241329	748300
241502	747746
241516	747714
241905	747022
241956	746295
242014	746210
242053	746000
242062	745966
242197	745988
242197	745988
242159	745903
242155	745875
242154	745844
242157	745790
242164	745746
242176	745697
242190	745660
242207	745642
242358	745525
242829	745281
242832	745274
242825	745241
242808	745188
242808	745188
242805	745181
242781	745125
242739	745050
242729	745022
242717	745000
242717	745000
242717	745000
242703	744960
242679	745000
242679	745000
242679	745000
242585	745107
242485	745144
242406	745170
242343	745184
242321	745180
242291	745170
242269	745169
242202	745189
242161	745194
242125	745186
242039	745164
241955	745136
241925	745132
241836	745114
241794	745110
241749	745114
241734	745117
241720	745122
241699	745135
241666	745162
241642	745175
241622	745183
241611	745185
241586	745186
241574	745185
241549	745177
241536	745177
241523	745187
241511	745200
241491	745234
241491	745234
241490	745237
241479	745249
241350	745343
241340	745351
241329	745357
241317	745361
241301	745360
241245	745352
241236	745352
241221	745358
241208	745370
241182	745398
241131	745443
241111	745467
241085	745506
241077	745514
241061	745527
241029	745542
240997	745550
240975	745549
240937	745537
240848	745502
240830	745497
240800	745494
240768	745495
240751	745497
240675	745512
240618	745521
240609	745524
240599	745531
240590	745542
240581	745569
240572	745587
240507	745656
240410	745773
240389	745760
240361	745739
240354	745732
240340	745707
240334	745701
240318	745691
240292	745681
240280	745674
240258	745658
240238	745632
240230	745617
240212	745568
240198	745545
240182	745523
240164	745504
240151	745492
240121	745473
240092	745459
240072	745444
240061	745429
240046	745404
240000	745343
240000	745343
239987	745327
239958	745262
239875	745258
239754	745266
239700	745291
239683	745293
239672	745292
239617	745263
239608	745218
239587	745189
239578	745171
239572	745150
239565	745104
239587	745072
239586	745066
239584	745062
239573	745054
239559	745054
239549	745057
239468	745114
239387	745110
239349	745111
239324	745110
239312	745109
239286	745100
239216	745082
239109	745065
239061	745061
239000	745060
238852	745051
238824	745042
238798	745030
238776	745013
238763	745000
238763	745000
238748	744984
238726	744967
238691	744949
238610	744930
238418	744905
238373	744898
238270	744896
237938	744898
237801	744902
237819	744873
237767	744819
237741	744798
237721	744779
237632	744670
237589	744626
237506	744530
237436	744442
237391	744390
237366	744356
237342	744313
237329	744283
237319	744251
237316	744223
237318	744172
237247	744171
237132	744172
237076	744176
236998	744177
236987	744179
236952	744191
236936	744201
236855	744268
236830	744295
236816	744281
236748	744231
236684	744280
236615	744314
236576	744317
236552	744315
236512	744292
236484	744269
236435	744216
236427	744213
236420	744213
236362	744175
236347	744165
236312	744135
236272	744106
236197	744061
236130	744014
236049	743940
236017	743914
236007	743904
235948	743833
235908	743791
235883	743769
235859	743751
235798	743695
235747	743652
235723	743640
235668	743643
235644	743641
235629	743636
235610	743624
235600	743614
235579	743581
235568	743573
235558	743570
235533	743566
235491	743551
235468	743541
235437	743531
235408	743520
235386	743497
235368	743486
235318	743472
235276	743463
235257	743456
235240	743356
235173	743342
235000	743315
235000	743315
234980	743297
234935	743271
234899	743265
234876	743255
234814	743248
234801	743251
234788	743257
234779	743268
234776	743278
234773	743279
234770	743286
234742	743304
234724	743311
234677	743322
234665	743327
234647	743341
234636	743357
234620	743354
234593	743336
234571	743312
234544	743290
234477	743251
234429	743215
234410	743205
234405	743200
234396	743190
234367	743164
234351	743145
234309	743090
234271	743034
234265	743014
234263	743002
234263	742947
234260	742914
234260	742885
234265	742848
234275	742808
234276	742798
234269	742781
234240	742754
234227	742729
234224	742702
234226	742687
234226	742673
234213	742614
234189	742529
234177	742509
234169	742493
234161	742453
234147	742321
234148	742284
234152	742258
234165	742213
234215	742067
234230	742043
234264	742018
234287	742006
234304	742002
234304	742002
234393	741980
234445	741963
234486	741934
234502	741924
234525	741910
234546	741901
234562	741897
234562	741897
234574	741891
234607	741875
234610	741875
234614	741877
234625	741898
234641	741927
234662	741967
234680	741994
234688	742007
234709	742035
234717	742046
234728	742048
234745	742049
234769	742049
234800	742046
234823	742044
234843	742047
234859	742051
234872	742049
234882	742042
234903	742026
234919	742009
234934	742000
234971	741997
234988	741997
235004	741989
235032	741977
235075	741958
235113	741941
235162	741930
235201	741924
235207	741919
235212	741910
235222	741891
235237	741879
235258	741868
235258	741868
235291	741852
235316	741837
235368	741796
235391	741776
235424	741742
235490	741666
235507	741650
235587	741582
235714	741459
235756	741433
235771	741421
235827	741367
235860	741327
235929	741228
236007	741101
236023	741065
236028	741056
236035	741026
236045	740989
236056	740999
236074	741027
236090	741045
236116	741066
236139	741082
236150	741088
236168	741094
236252	741115
236308	741124
236355	741137
236397	741159
236433	741183
236473	741197
236511	741214
236548	741218
236568	741076
236593	740984
236595	740968
236593	740962
236605	740948
236610	740930
236619	740917
236636	740899
236650	740881
236669	740866
236682	740848
236686	740833
236683	740816
236690	740795
236690	740775
236694	740760
236703	740744
236711	740711
236729	740683
236751	740657
236756	740627
236762	740610
236774	740586
236782	740563
236798	740536
236798	740521
236800	740512
236813	740455
236825	740416
236829	740371
236841	740346
236845	740336
236839	740323
236839	740315
236842	740308
236850	740302
236851	740299
236846	740282
236850	740276
236864	740265
236863	740256
236865	740185
236861	740178
236851	740173
236839	740159
236820	740048
236821	740041
236834	740000
236834	740000
236834	740000
236835	739990
236832	739984
236822	739974
236795	739959
236792	739953
236792	739948
236801	739878
236808	739864
236818	739785
236827	739733
236829	739702
236841	739616
236848	739583
236905	739512
236906	739477
236903	739450
236849	739417
236832	739391
236820	739335
236809	739302
236720	739042
236702	739000
236688	738955
236672	738914
236646	738890
236526	738741
236490	738707
236506	738683
236519	738660
236525	738650
236528	738638
236529	738626
236528	738614
236522	738586
236516	738570
236507	738557
236498	738549
236453	738525
236403	738503
236375	738485
236321	738446
236291	738420
236262	738392
236215	738345
236180	738306
236162	738280
236112	738191
236077	738122
236058	738071
236052	738025
236047	738000
236039	737983
235852	737814
235746	737729
235708	737692
235667	737656
235627	737629
235585	737595
235545	737559
235489	737503
235471	737490
235436	737473
235376	737430
235364	737409
235353	737385
235347	737356
235345	737329
235341	737310
235333	737294
235313	737267
235308	737249
235294	737168
235280	737125
235261	737083
235250	737063
235237	737044
235227	737032
235194	737000
235136	736937
235119	736926
235116	736922
235107	736906
235090	736833
235083	736813
235013	736681
235000	736657
235000	736657
234960	736587
234917	736557
234861	736521
234712	736397
234747	736387
234784	736372
234803	736362
234853	736334
234874	736318
234889	736303
234911	736271
234916	736245
234920	736154
234906	736025
234920	735931
235000	735817
235000	735817
235055	735745
235070	735719
235090	735667
235115	735627
235128	735611
235157	735582
235179	735555
235194	735545
235231	735533
235255	735522
235267	735520
235284	735522
235306	735528
235313	735526
235326	735515
235355	735465
235370	735444
235397	735427
235448	735412
235464	735401
235472	735363
235532	735264
235588	735183
235611	735159
235630	735149
235651	735145
235671	735143
235711	735147
235745	735156
235762	735158
235780	735157
235809	735149
236000	735119
236124	735086
236157	735071
236181	735063
236203	735058
236225	735055
236281	735054
236361	735043
236424	735037
236478	735039
236534	735047
236548	735051
236568	735060
236578	735062
236663	735060
236724	735060
236785	735055
236918	735031
236949	735029
236964	735026
236979	735020
237002	735004
237006	735000
237006	735000
237095	734900
237113	734876
237140	734851
237158	734838
237287	734763
237314	734752
237345	734748
237361	734748
237377	734751
237403	734759
237440	734776
237485	734740
237535	734684
237551	734670
237551	734670
237504	734627
237435	734557
237374	734486
237324	734437
237291	734410
237256	734392
237238	734387
237219	734384
237183	734381
237099	734382
237023	734404
237000	734415
236947	734429
236923	734434
236846	734432
236755	734432
236716	734426
236653	734406
236597	734390
236549	734380
236536	734374
236523	734357
236458	734288
236407	734228
236332	734119
236317	734093
236285	734006
236248	733988
236187	733970
236177	733961
236174	733956
236164	733911
236154	733883
236140	733860
236121	733836
236110	733811
236106	733786
236104	733731
236098	733695
236095	733685
236073	733629
236033	733545
236016	733496
235989	733449
235962	733376
235943	733290
235934	733222
235910	733157
235905	733146
235891	733123
235872	733070
235862	733021
235853	732957
235836	733002
235823	733048
235799	733118
235719	733121
235632	733120
235564	733123
235546	733123
235511	733121
235430	733109
235376	733105
235317	733112
235250	733122
235183	733139
235093	733167
235037	733179
235000	733191
235000	733191
234995	733193
234972	733202
234898	733225
234702	733289
234638	733320
234592	733348
234576	733354
234557	733353
234533	733347
234502	733314
234443	733262
234427	733255
234418	733254
234408	733254
234402	733256
234319	733328
234282	733342
234275	733348
234268	733356
234248	733392
234227	733417
234197	733457
234167	733524
234151	733573
234145	733582
234138	733589
234130	733595
234118	733599
234104	733600
234089	733598
234075	733591
234069	733587
234058	733567
234050	733563
234042	733562
234034	733562
234024	733566
234019	733572
234014	733590
234013	733609
234010	733631
233981	733654
233757	733850
233743	733783
233737	733763
233728	733744
233723	733735
233634	733608
233631	733601
233622	733546
233599	733487
233583	733421
233574	733399
233562	733374
233547	733352
233482	733270
233460	733252
233437	733240
233189	733166
233000	733108
232939	733063
232816	733020
232775	733011
232729	732988
232714	732990
232694	732989
232650	732977
232592	732958
232547	732963
232526	732962
232511	732957
232486	732939
232441	732931
232431	732933
232370	732957
232335	732977
232300	733005
232272	733024
232264	733027
232248	733036
232217	733069
232208	733075
232197	733076
232154	733065
232136	733059
232118	733051
232100	733039
232092	733031
232071	733003
232055	732968
232047	732925
232027	732909
232020	732898
232007	732860
231972	732855
231942	732843
231899	732802
231888	732788
231874	732760
231841	732671
231834	732669
231790	732674
231685	732572
231654	732547
231914	732337
232041	732179
232055	732156
232201	731950
232250	731573
232022	730957
232000	730937
231980	730923
231964	730910
231945	730887
231896	730809
231784	730607
231763	730554
231746	730500
231737	730480
231725	730463
231718	730457
231697	730448
231674	730445
231663	730442
231656	730436
231644	730422
231636	730410
231577	730273
231569	730259
231558	730247
231546	730237
231538	730233
231505	730221
231424	730205
231400	730202
231365	730203
231336	730209
231313	730217
231268	730237
231238	730247
231204	730248
231156	730241
231154	730278
231149	730286
231136	730293
230965	730355
230952	730363
230933	730390
230920	730401
230902	730407
230855	730411
230790	730408
230777	730409
230754	730414
230737	730419
230721	730425
230698	730438
230676	730455
230655	730475
230626	730496
230599	730512
230548	730535
230369	730608
230357	730609
230348	730607
230326	730595
230244	730561
230231	730557
230210	730553
230133	730563
230077	730573
230060	730572
230046	730568
230036	730563
230014	730549
230000	730543
230000	730543
229989	730539
229977	730537
229947	730538
229935	730537
229918	730533
229899	730524
229863	730497
229839	730482
229821	730479
229774	730489
229741	730503
229688	730518
229641	730526
229596	730531
229565	730537
229532	730545
229487	730563
229430	730583
229413	730566
229402	730547
229400	730538
229403	730526
229416	730508
229470	730457
229484	730442
229498	730422
229514	730348
229511	730315
229510	730285
229549	730205
229598	730137
229626	730078
229614	730083
229576	730092
229537	730089
229476	730071
229377	730047
229346	730034
229322	730021
229305	730000
229305	730000
229305	730000
229283	729985
229230	729926
229210	729912
229173	729896
229082	729881
229059	729860
229050	729844
229000	729820
228993	729814
228894	729773
228705	729704
228668	729686
228602	729622
228568	729582
228554	729561
228470	729592
228442	729595
228413	729602
228404	729597
228394	729595
228361	729603
228324	729600
228200	729613
228148	729607
228120	729610
228086	729611
228071	729614
228042	729618
227982	729526
227963	729487
227943	729438
227970	729391
227986	729356
228020	729305
228037	729274
228048	729244
227911	729195
227862	729180
227830	729173
227803	729172
227751	729156
227728	729144
227698	729116
227674	729077
227616	728965
227595	728928
227580	728840
227555	728776
227533	728706
227522	728663
227509	728591
227500	728560
227492	728516
227482	728488
227459	728466
227375	728453
227341	728445
227321	728439
227275	728431
227170	728421
227137	728422
227101	728439
227058	728464
227029	728473
226919	728522
226895	728543
226870	728561
226822	728566
226780	728574
226759	728578
226740	728586
226705	728593
226678	728595
226658	728590
226647	728580
226632	728558
226594	728515
226560	728458
226546	728417
226539	728388
226523	728351
226506	728294
226476	728231
226468	728203
226464	728147
226457	728115
226458	728081
226444	727960
226436	727868
226428	727806
226431	727766
226438	727735
226452	727616
226463	727565
226542	727582
226571	727578
226609	727580
226602	727540
226595	727512
226593	727480
226582	727444
226531	727407
226514	727397
226475	727375
226449	727364
226400	727347
226339	727328
226314	727319
226335	727285
226372	727236
226356	727194
226340	727171
226253	727170
226264	727148
226269	727140
226278	727093
226282	727061
226250	727000
226239	726965
226238	726935
226239	726874
226242	726844
226247	726819
226269	726765
226275	726736
226275	726704
226292	726661
226301	726626
226330	726582
226356	726549
226384	726517
226410	726482
226461	726448
226509	726424
