1
5272
0
234508	716461
234508	716455
234501	716404
234501	716387
234508	716367
234546	716317
234552	716301
234553	716291
234552	716284
234539	716259
234498	716206
234491	716195
234483	716168
234475	716116
234465	716093
234464	716075
234493	716006
234502	716000
234517	715997
234521	715989
234516	715974
234516	715946
234520	715936
234587	715859
234589	715845
234630	715809
234634	715793
234649	715779
234710	715674
234728	715675
234781	715632
234789	715622
234794	715612
234823	715542
234841	715506
234836	715486
234856	715438
234856	715438
234850	715429
234821	715387
234805	715383
234771	715399
234737	715426
234691	715426
234669	715419
234653	715410
234632	715392
234615	715371
234608	715337
234588	715296
234579	715261
234571	715253
234528	715242
234511	715243
234452	715175
234431	715158
234414	715147
234398	715141
234385	715139
234364	715140
234348	715170
234361	715206
234359	715213
234354	715215
234275	715182
234218	715155
234212	715139
234234	715119
234231	715103
234228	715097
234213	715082
234174	715058
234153	715030
234153	715014
234149	715000
234149	715000
234149	715000
234127	714946
234131	714922
234144	714899
234168	714872
234164	714842
234192	714791
234194	714772
234212	714746
234217	714724
234212	714685
234211	714653
234239	714571
234232	714555
234225	714545
234225	714531
234242	714467
234269	714453
234241	714391
234229	714354
234236	714327
234223	714269
234220	714218
234221	714174
234247	714159
234243	714134
234233	714122
234231	714115
234240	714109
234255	714105
234265	714097
234280	714029
234292	714021
234304	714006
234305	713983
234308	713965
234319	713962
234340	713966
234358	713978
234373	713982
234405	713968
234486	713961
234520	713935
234522	713925
234554	713907
234597	713918
234620	713913
234653	713922
234686	713934
234721	713927
234727	713915
234737	713913
234755	713924
234793	713938
234817	713960
234837	713969
234869	713960
234900	713921
234925	713891
234925	713871
234951	713841
235000	713857
235000	713857
235043	713847
235052	713807
235114	713753
235217	713780
235234	713774
235246	713765
235253	713751
235254	713734
235254	713710
235259	713688
235281	713654
235326	713681
235332	713625
235369	713573
235386	713556
235384	713509
235400	713510
235409	713457
235383	713390
235381	713336
235372	713335
235365	713311
235348	713306
235338	713305
235334	713286
235344	713267
235363	713250
235368	713233
235368	713194
235370	713186
235373	713179
235383	713167
235389	713147
235384	713094
235377	713068
235377	713059
235381	713051
235385	713048
235404	713036
235390	713016
235364	713005
235341	713012
235304	713016
235259	713024
235205	713020
235174	713011
235150	713014
235117	712986
235081	712967
235064	712937
235050	712923
235018	712875
235010	712873
235000	712861
235000	712861
234992	712852
234987	712850
234978	712851
234968	712854
234960	712873
234947	712878
234946	712890
234928	712907
234912	712916
234910	712929
234903	712939
234876	712959
234873	712971
234861	712989
234842	713005
234832	713024
234815	713035
234796	713056
234781	713082
234750	713097
234741	713111
234730	713117
234711	713115
234704	713124
234696	713123
234686	713125
234678	713123
234667	713117
234665	713105
234649	713075
234640	713068
234622	713060
234600	713063
234588	713060
234580	713034
234571	713018
234545	712987
234538	712970
234529	712960
234521	712958
234511	712942
234499	712939
234491	712926
234482	712923
234475	712895
234445	712883
234435	712890
234421	712885
234410	712884
234403	712871
234378	712857
234372	712860
234361	712856
234350	712828
234342	712824
234329	712803
234323	712802
234320	712797
234315	712775
234299	712755
234297	712746
234288	712734
234277	712722
234259	712706
234215	712662
234198	712638
234190	712630
234179	712622
234120	712616
234088	712615
234049	712627
234042	712624
234035	712626
234020	712627
234000	712636
233979	712650
233952	712688
233947	712700
233949	712714
233942	712730
233936	712758
233941	712770
233921	712779
233915	712786
233895	712791
233847	712788
233819	712803
233812	712799
233810	712793
233799	712789
233752	712780
233735	712781
233705	712780
233693	712786
233642	712803
233616	712814
233590	712833
233573	712835
233562	712845
233545	712849
233510	712837
233497	712852
233468	712855
233439	712854
233417	712860
233377	712852
233319	712832
233320	712818
233321	712754
233317	712730
233301	712698
233275	712658
233171	712526
233135	712469
233115	712430
233096	712379
233078	712279
233063	712182
233050	712075
233039	711951
233035	711815
233030	711699
233032	711581
233029	711357
233030	711116
233025	711000
233022	710985
233019	710932
233008	710869
232961	710714
232928	710651
232888	710587
232791	710449
232769	710400
232755	710355
232746	710307
232743	710219
232744	710188
232755	710083
232767	710000
232767	710000
232826	709544
232870	709178
232879	709124
232890	709073
232959	708795
233121	708355
233204	708088
233252	707909
233268	707836
233299	707675
233359	707331
233486	706700
233526	706486
233526	706486
233557	706317
233570	706228
233588	706049
233593	705938
233593	705856
233589	705774
233581	705686
233573	705627
233560	705560
233552	705527
233539	705485
233524	705445
233486	705359
233227	705000
233227	705000
233227	705000
233197	704948
233126	704836
233077	704755
233000	704631
232956	704554
232922	704490
232900	704437
232887	704395
232877	704351
232868	704295
232862	704234
232862	704149
232864	704108
232877	704000
232896	703932
232931	703827
232963	703748
233023	703621
233102	703446
233128	703377
233151	703308
233170	703230
233204	703057
233214	703000
233237	702892
233253	702840
233271	702791
233305	702713
233339	702643
233384	702559
233471	702408
233553	702273
233710	702032
233860	701773
233941	701621
233987	701525
234000	701493
234061	701392
234099	701336
234134	701289
234175	701240
234335	701067
234474	700928
234696	700681
234856	700497
235000	700342
235000	700342
235017	700329
235045	700301
235161	700169
235181	700141
235198	700101
235218	700040
235220	700021
235222	700000
235222	700000
235222	700000
235210	699891
235189	699818
235167	699756
235119	699641
235090	699564
235075	699513
235050	699416
235043	699379
235043	699365
235049	699280
235057	699220
235073	699155
235093	699094
235114	699032
235142	698960
235163	698910
235185	698841
235215	698785
235251	698728
235360	698579
235405	698522
235418	698497
235429	698465
235431	698456
235432	698431
235418	698322
235379	698155
235370	698110
235356	698025
235353	697965
235354	697912
235362	697830
235375	697745
235394	697661
235421	697569
235445	697496
235480	697411
235553	697247
235606	697143
235654	697055
235696	696970
235738	696893
235767	696831
235812	696725
235838	696645
235859	696568
235885	696422
235891	696359
235893	696306
235893	696196
235875	695923
235871	695791
235874	695716
235880	695616
235887	695563
235909	695472
235917	695448
235935	695408
235983	695317
236054	695212
236107	695139
236133	695108
236211	695028
236236	695000
236236	695000
236236	695000
236277	694965
236354	694912
236419	694873
236445	694861
236583	694816
236686	694788
236884	694738
237083	694696
237925	694564
238133	694530
238256	694505
238328	694485
238457	694445
238545	694412
238587	694395
238652	694364
238698	694338
238743	694308
238780	694279
238798	694263
238827	694232
238859	694193
238876	694170
238906	694126
238932	694085
239000	693968
239017	693927
239049	693812
239075	693698
239085	693621
239085	693586
239076	693510
239058	693438
239031	693355
238962	693177
238929	693114
238903	693057
238855	692968
238795	692866
238716	692739
238594	692537
238533	692440
238262	692000
238147	691825
238063	691691
238045	691657
238021	691600
238016	691586
238005	691532
237999	691515
237998	691506
237998	691485
238011	691431
238015	691420
238022	691409
238077	691333
238117	691289
238198	691214
238233	691184
238357	691060
238397	691019
238422	690979
238422	690979
238443	690947
238467	690892
238477	690864
238502	690782
238536	690632
238566	690483
238599	690340
238624	690252
238658	690154
238676	690108
238729	690000
238729	690000
238729	690000
238765	689950
238794	689917
238873	689841
238914	689804
238944	689783
238969	689769
239019	689744
239050	689730
239102	689712
239164	689697
239200	689690
239251	689689
239315	689693
239400	689705
239428	689712
239693	689798
239723	689810
239827	689837
239857	689842
239939	689845
239978	689845
239999	689843
239999	689843
240000	689843
240091	689824
240151	689808
240188	689797
240224	689783
240293	689753
240357	689717
240425	689674
240488	689628
240616	689527
240667	689492
240698	689474
240744	689459
240793	689449
240868	689440
240917	689437
241058	689438
241153	689443
241272	689459
241758	689536
241876	689553
242000	689575
242325	689620
242371	689625
242412	689628
242450	689629
242474	689625
242504	689618
242533	689609
242564	689595
242607	689573
242625	689559
242682	689499
242726	689459
242755	689438
242782	689423
242809	689413
242838	689405
242888	689395
242936	689390
242954	689386
242971	689377
243000	689356
243020	689338
243068	689290
243151	689192
243211	689131
243266	689072
243324	689000
243380	688918
243400	688895
243411	688883
243436	688863
243484	688836
243504	688822
243521	688809
243540	688790
243614	688692
243635	688655
243648	688621
243655	688596
243664	688542
243673	688516
243739	688407
243760	688365
243782	688292
243787	688270
243792	688237
243795	688223
243801	688210
243813	688199
243831	688191
243965	688165
243980	688157
243992	688147
244007	688127
244018	688100
244024	688067
244026	688030
244023	688000
244018	687964
244017	687939
244021	687925
244035	687916
244065	687907
244095	687902
244123	687901
244161	687906
244215	687918
244258	687931
244308	687950
244328	687959
244354	687974
244373	687991
244390	688019
244415	688088
244429	688122
244452	688165
244456	688183
244455	688197
244449	688211
244437	688221
244417	688232
244394	688242
244360	688252
244298	688266
244233	688277
244200	688287
244182	688295
244169	688307
244156	688322
244149	688336
244143	688370
244143	688391
244146	688406
244158	688433
244171	688455
244184	688476
244204	688501
244218	688528
244227	688555
244230	688603
244228	688623
244223	688639
244203	688693
244192	688713
244182	688727
244172	688732
244156	688735
244152	688739
244146	688748
244131	688800
244129	688812
244129	688830
244144	688890
244152	688906
244161	688912
244173	688912
244194	688906
244205	688901
244232	688884
244251	688865
244276	688828
244304	688772
244337	688710
244347	688698
244372	688675
244395	688652
244415	688634
244431	688623
244574	688561
244610	688539
244668	688500
244699	688486
244729	688479
244784	688468
244818	688464
244853	688465
244878	688462
244903	688453
244937	688438
244964	688421
244974	688410
244979	688402
244982	688392
244983	688379
244980	688356
244967	688297
244964	688277
244966	688269
244973	688259
244984	688252
244999	688249
244999	688249
245018	688245
245040	688246
245060	688250
245077	688256
245092	688265
245106	688276
245117	688286
245128	688302
245134	688313
245143	688335
245149	688354
245151	688375
245150	688422
245155	688450
245166	688472
245182	688489
245191	688494
245204	688499
245226	688501
245249	688499
245285	688492
245299	688487
245313	688480
245318	688474
245321	688466
245321	688459
245317	688448
245312	688437
245270	688385
245256	688362
245231	688309
245208	688250
245188	688204
245180	688177
245160	688120
245157	688106
245157	688089
245159	688077
245165	688066
245172	688061
245190	688057
245206	688057
245218	688057
245233	688062
245252	688072
245294	688113
245319	688129
245357	688144
245369	688145
245382	688143
245397	688138
245414	688126
245428	688111
245443	688091
245454	688074
245467	688044
245475	688025
245489	687980
245504	687962
245511	687949
245519	687943
245547	687929
245573	687924
245646	687918
245708	687919
245728	687924
245741	687932
245755	687947
245769	687973
245777	687999
245787	688046
245790	688086
245794	688115
245800	688134
245810	688146
245822	688154
245853	688161
245871	688163
245910	688161
245923	688163
245936	688159
245944	688155
245956	688147
245964	688139
245968	688131
245968	688121
245963	688095
245951	688048
245947	687999
245942	687979
245931	687951
245923	687937
245908	687922
245904	687920
245904	687920
245894	687894
245875	687869
245855	687838
245842	687814
245833	687786
245831	687764
245840	687742
245854	687728
245868	687725
245884	687728
245905	687740
245922	687755
245935	687775
245942	687801
245951	687840
245959	687858
245980	687886
245980	687886
246000	687896
246028	687909
246055	687917
246077	687917
246085	687913
246097	687901
246109	687887
246111	687874
246105	687856
246104	687856
246104	687856
246100	687828
246087	687794
246079	687766
246077	687752
246072	687731
246064	687704
246059	687687
246058	687666
246060	687649
246077	687616
246099	687598
246143	687566
246143	687566
246153	687561
246200	687545
246220	687539
246262	687528
246277	687524
246297	687531
246307	687540
246312	687549
246323	687573
246328	687588
246328	687604
246329	687625
246327	687649
246322	687668
246320	687690
246321	687703
246330	687726
246337	687745
246349	687772
246362	687796
246376	687816
246411	687852
246427	687868
246454	687889
246481	687906
246499	687913
246530	687917
246556	687914
246577	687907
246648	687864
246668	687852
246706	687828
246764	687790
246791	687774
246811	687764
246850	687736
246889	687708
246908	687695
246947	687669
246968	687654
246975	687638
246976	687622
246972	687611
246971	687579
246967	687548
246961	687535
246951	687532
246925	687525
246903	687529
246884	687535
246863	687547
246847	687560
246838	687565
246826	687578
246817	687595
246817	687595
246798	687609
246765	687638
246738	687647
246713	687653
246696	687651
246679	687644
246663	687631
246648	687613
246633	687592
246631	687557
246628	687515
246630	687494
246649	687472
246664	687464
246676	687462
246704	687469
246722	687480
246747	687491
246781	687495
246796	687488
246813	687472
246832	687447
246839	687425
246836	687403
246825	687368
246824	687343
246830	687329
246841	687316
246862	687306
246878	687301
246897	687301
246920	687306
246945	687313
246945	687313
246968	687287
246978	687282
247003	687271
247029	687262
247055	687255
247082	687247
247109	687245
247142	687243
247173	687250
247188	687263
247198	687277
247221	687312
247228	687323
247238	687343
247248	687356
247253	687360
247255	687367
247259	687378
247275	687398
247294	687422
247308	687439
247325	687469
247337	687484
247357	687510
247374	687532
247410	687569
247439	687581
247458	687583
247480	687576
247505	687567
247526	687553
247533	687544
247533	687544
247554	687524
247564	687508
247573	687495
247581	687486
247594	687473
247603	687461
247609	687447
247611	687436
247608	687409
247605	687386
247597	687356
247589	687330
247584	687314
247582	687297
247582	687284
247585	687268
247594	687254
247604	687242
247623	687227
247638	687216
247649	687208
247664	687194
247672	687185
247679	687174
247689	687155
247689	687155
247700	687130
247708	687109
247712	687091
247712	687091
247712	687087
247714	687075
247712	687060
247709	687033
247707	687004
247706	686987
247708	686972
247712	686960
247724	686951
247724	686951
247746	686933
247761	686923
247777	686918
247799	686915
247813	686915
247829	686918
247843	686931
247858	686953
247868	686969
247878	686986
247888	687004
247895	687011
247925	687043
247944	687056
247964	687066
247977	687070
247996	687070
248011	687069
248029	687061
248042	687053
248060	687043
248079	687034
248101	687023
248122	687015
248130	687010
248145	686993
248150	686978
248154	686957
248148	686935
248143	686925
248135	686907
248127	686893
248122	686881
248114	686863
248111	686843
248108	686816
248113	686795
248120	686775
248127	686762
248133	686751
248144	686740
248159	686739
248159	686739
248201	686743
248226	686743
248267	686738
248295	686729
248315	686723
248343	686713
248366	686708
248394	686695
248414	686686
248432	686669
248446	686652
248454	686632
248454	686615
248454	686607
248448	686585
248445	686563
248441	686553
248438	686530
248436	686523
248432	686510
248415	686494
248401	686482
248392	686475
248384	686467
248378	686457
248369	686450
248364	686441
248364	686429
248369	686405
248366	686386
248361	686376
248358	686367
248356	686358
248350	686349
248333	686340
248314	686334
248304	686335
248286	686344
248265	686356
248255	686358
248241	686355
248232	686352
248218	686338
248208	686326
248199	686314
248183	686293
248171	686273
248157	686245
248151	686233
248144	686225
248121	686207
248105	686202
248068	686192
248022	686175
247998	686167
247964	686158
247941	686153
247911	686141
247901	686134
247890	686122
247883	686106
247877	686093
247863	686074
247857	686065
247854	686063
247854	686063
247866	686055
247866	686054
247861	686045
247853	686031
247847	686021
247832	686004
247818	685990
247815	685985
247812	685979
247809	685970
247806	685960
247805	685954
247805	685951
247806	685947
247813	685939
247820	685931
247820	685931
247828	685918
247830	685903
247826	685896
247821	685894
247799	685882
247785	685874
247775	685869
247754	685855
247741	685842
247733	685834
247718	685822
247708	685819
247697	685820
247683	685829
247656	685825
247635	685819
247604	685815
247595	685812
247582	685805
247550	685803
247536	685801
247518	685796
247491	685797
247478	685800
247465	685811
247453	685836
247443	685861
247426	685876
247408	685882
247394	685884
247386	685880
247382	685871
247381	685849
247382	685835
247386	685814
247386	685798
247385	685788
247369	685775
247348	685760
247318	685744
247301	685737
247289	685733
247282	685733
247272	685744
247254	685775
247245	685790
247233	685807
247196	685811
247169	685815
247137	685815
247105	685809
247085	685806
247064	685810
247034	685820
247017	685821
246977	685812
246956	685813
246947	685818
246937	685827
246934	685833
246937	685857
246944	685878
246945	685894
246941	685901
246929	685904
246921	685903
246907	685888
246896	685870
246891	685859
246883	685841
246883	685825
246884	685809
246885	685778
246881	685763
246877	685755
246866	685741
246856	685739
246842	685740
246836	685743
246824	685758
246824	685776
246827	685793
246832	685815
246829	685831
246822	685837
246798	685841
246780	685843
246767	685843
246756	685836
246755	685827
246771	685796
246779	685779
246780	685757
246771	685734
246762	685728
246753	685723
246742	685720
246718	685716
246704	685716
246694	685724
246693	685732
246685	685762
246681	685769
246671	685776
246647	685788
246632	685790
246623	685786
246593	685778
246569	685768
246548	685754
246532	685744
246505	685732
246494	685722
246488	685714
246471	685690
246463	685681
246450	685674
246450	685674
246423	685673
246410	685661
246402	685656
246398	685646
246389	685626
246376	685602
246366	685579
246347	685545
246342	685535
246336	685522
246328	685512
246308	685496
246291	685480
246282	685468
246271	685451
246243	685441
246224	685423
246211	685415
246193	685400
246179	685395
246160	685393
246149	685393
246131	685399
246123	685406
246124	685416
246141	685449
246140	685459
246135	685467
246128	685471
246104	685470
246081	685465
246046	685458
246021	685455
245989	685455
245968	685452
245948	685447
245939	685447
245921	685465
245904	685482
245889	685483
245874	685483
245858	685477
245843	685461
245832	685445
245821	685419
245818	685409
245801	685392
245791	685371
245785	685359
245768	685334
245762	685330
245748	685328
245731	685325
245725	685317
245724	685304
245726	685285
245727	685273
245727	685273
245724	685254
245722	685236
245721	685218
245723	685199
245733	685181
245742	685152
245744	685142
245749	685133
245762	685122
245775	685109
245785	685098
245788	685088
245796	685070
245792	685060
245786	685057
245778	685055
245767	685056
245741	685060
245726	685061
245717	685056
245711	685047
245700	685029
245698	685020
245702	685005
245708	684995
245718	684992
245741	684994
245756	684994
245764	684990
245766	684986
245762	684970
245758	684957
245751	684953
245729	684943
245707	684941
245690	684941
245673	684939
245661	684938
245639	684932
245630	684929
245618	684916
245612	684904
245605	684888
245600	684883
245595	684880
245584	684881
245572	684887
245540	684909
245530	684913
245520	684912
245508	684905
245492	684895
245466	684869
245451	684840
245443	684809
245442	684801
245448	684789
245453	684780
245453	684769
245447	684755
245411	684737
245398	684725
245389	684705
245384	684694
245376	684683
245371	684669
245367	684645
245355	684630
245341	684626
245328	684628
245314	684634
245304	684646
245301	684664
245296	684672
245285	684673
245255	684673
245250	684668
245228	684650
245215	684646
245200	684644
245176	684651
245140	684658
245110	684660
245095	684655
245086	684649
245077	684644
245077	684644
245064	684647
245057	684647
245048	684642
245042	684635
245040	684625
245043	684607
245046	684600
245046	684589
245038	684573
245022	684550
245022	684545
245031	684530
245049	684513
245050	684507
245044	684505
245024	684511
245012	684508
245002	684499
244999	684496
244999	684496
244987	684478
244989	684471
244994	684467
244999	684466
244999	684466
245003	684466
245009	684462
245013	684451
245022	684440
245023	684424
245039	684386
245037	684378
245042	684365
245044	684345
245044	684325
245045	684317
245053	684224
245049	684209
244999	684137
244999	684137
244989	684123
244989	684117
244999	684085
244999	684085
245001	684077
245009	684066
245037	684035
245125	683938
245186	683873
245191	683872
245200	683872
245283	683887
245293	683882
245319	683894
245325	683895
245355	683885
245373	683876
245442	683839
245449	683830
245454	683815
245458	683812
245469	683807
245475	683801
245478	683791
245482	683768
245495	683748
245496	683737
245502	683722
245492	683696
245482	683682
245482	683666
245468	683626
245469	683614
245476	683599
245482	683592
245500	683586
245515	683573
245528	683570
245551	683557
245554	683557
245559	683559
245568	683569
245573	683559
245568	683519
245569	683511
245571	683502
245579	683486
245580	683476
245563	683459
245552	683454
245549	683450
245547	683434
245541	683416
245541	683400
245535	683389
245534	683378
245532	683372
245516	683352
245513	683332
245511	683329
245494	683325
245487	683317
245487	683299
245492	683289
245493	683271
245481	683249
245467	683244
245461	683239
245461	683233
245464	683214
245463	683201
245455	683189
245447	683182
245444	683176
245446	683169
245455	683165
245460	683160
245458	683145
245462	683135
245471	683131
245469	683127
245456	683116
245452	683108
245450	683101
245451	683090
245458	683078
245465	683059
245464	683043
245461	683034
245458	683029
245455	683026
245435	683023
245431	683020
245425	683000
245413	682979
245414	682970
245424	682955
245431	682929
245429	682899
245426	682895
245419	682891
245416	682886
245420	682871
245420	682864
245417	682861
245397	682857
245391	682853
245390	682850
245392	682840
245389	682832
245385	682829
245376	682828
245374	682825
245373	682794
245382	682764
245380	682756
245376	682750
245365	682763
245363	682763
245362	682759
245360	682750
245361	682744
245365	682739
245371	682737
245368	682726
245365	682722
245360	682720
245331	682719
245326	682714
245323	682709
245324	682696
245330	682687
245334	682677
245335	682625
245341	682614
245351	682604
245362	682590
245365	682588
245392	682588
245414	682586
245439	682591
245450	682590
245462	682579
245480	682575
245516	682554
245531	682548
245535	682545
245539	682535
245547	682529
245549	682524
245549	682515
245556	682507
245565	682501
245574	682499
245635	682462
245639	682457
245638	682453
245633	682443
245635	682435
245644	682429
245660	682426
245664	682424
245665	682413
245663	682411
245661	682415
245658	682412
245661	682399
245667	682389
245669	682376
245673	682369
245671	682361
245672	682357
245692	682340
245694	682331
245693	682323
245694	682320
245713	682302
245721	682290
245726	682279
245732	682274
245732	682268
245729	682261
245730	682252
245744	682240
245763	682237
245778	682221
245786	682216
245787	682213
245783	682204
245778	682201
245772	682201
245777	682193
245794	682177
245801	682172
245808	682160
245813	682156
245818	682145
245825	682137
245828	682125
245841	682115
245842	682107
245850	682105
245857	682097
245858	682093
245858	682087
245860	682085
245861	682078
245869	682060
245878	682056
245881	682050
245891	682053
245908	682044
245905	682036
245906	682019
245900	682012
245903	681997
245904	681984
245903	681978
245897	681968
245896	681962
245896	681952
245892	681948
245893	681939
245884	681931
245882	681919
245887	681913
245893	681872
245900	681866
245901	681857
245906	681845
245926	681824
245936	681822
245942	681800
245944	681782
245943	681778
245945	681775
245949	681775
245955	681772
245960	681765
245962	681754
245958	681745
245959	681743
245967	681735
245969	681728
245982	681706
245982	681693
245989	681678
245992	681664
245999	681661
246004	681645
246011	681641
246013	681629
246022	681621
246018	681615
246022	681593
246019	681581
246022	681572
246031	681563
246058	681548
246065	681546
246074	681549
246075	681545
246078	681541
246088	681533
246088	681533
246803	681672
246832	681672
246906	681676
247408	681769
247425	681752
247462	681722
247479	681701
247527	681618
247546	681595
247568	681572
247576	681559
247581	681544
247581	681534
247579	681499
247589	681448
247591	681430
247595	681424
247607	681412
247616	681405
247621	681403
247623	681399
247623	681371
247620	681353
247614	681343
247606	681341
247601	681337
247603	681329
247606	681323
247606	681323
247587	681308
247582	681298
247585	681286
247595	681276
247608	681273
247620	681280
247631	681301
247639	681299
247656	681288
247666	681267
247666	681253
247658	681225
247659	681192
247654	681155
247649	681126
247641	681125
247631	681131
247618	681133
247610	681126
247603	681111
247603	681111
247604	681107
247596	681063
247590	681053
247584	681034
247583	680993
247584	680985
247586	680980
247593	680971
247598	680968
247603	680968
247609	680969
247625	680980
247669	680997
247672	680974
247671	680968
247648	680936
247638	680908
247643	680898
247667	680881
247679	680864
247701	680811
247708	680787
247718	680762
247731	680741
247737	680727
247744	680703
247753	680680
247755	680671
247751	680671
247748	680668
247726	680658
247727	680642
247730	680635
247737	680626
247766	680598
247769	680572
247777	680566
247787	680562
247787	680555
247782	680540
247781	680531
247784	680523
247783	680511
247785	680505
247788	680500
247838	680482
247855	680471
247861	680465
247873	680445
247875	680434
247877	680403
247883	680396
247895	680385
247926	680381
247928	680374
247926	680371
247914	680361
247903	680347
247887	680320
247889	680310
247921	680307
247929	680302
247935	680295
247951	680251
247954	680240
247951	680218
247952	680205
247950	680193
247963	680170
247974	680163
247978	680152
247977	680146
247972	680135
247962	680127
247958	680122
247956	680116
247959	680093
247962	680086
247974	680083
247991	680069
248004	680062
248025	680043
248033	680031
248047	680002
248047	680000
248047	680000
248051	679991
248053	679975
248058	679969
248072	679961
248080	679959
248104	679959
248118	679957
248139	679939
248182	679887
248196	679879
248205	679858
248211	679835
248219	679819
248223	679806
248218	679787
248224	679767
248223	679758
248227	679729
248239	679703
248250	679673
248256	679663
248264	679656
248287	679647
248289	679642
248290	679637
248288	679628
248290	679611
248271	679570
248264	679514
248261	679502
248260	679489
248263	679480
248284	679453
248294	679434
248359	679377
248366	679366
248374	679358
248394	679347
248414	679343
248418	679339
248434	679305
248447	679288
248456	679284
248459	679285
248461	679287
248463	679293
248462	679298
248460	679306
248452	679320
248451	679326
248456	679332
248462	679332
248472	679326
248478	679318
248492	679305
248495	679293
248496	679267
248499	679262
248506	679258
248514	679257
248518	679258
248532	679265
248537	679266
248541	679263
248544	679259
248547	679250
248550	679247
248566	679252
248570	679251
248572	679248
248573	679245
248569	679232
248569	679214
248577	679188
248586	679167
248595	679156
248603	679149
248613	679150
248629	679143
248628	679127
248621	679107
248453	678894
248453	678894
248764	678661
248859	678593
248955	678520
249215	678333
249237	678300
249307	678202
249386	678087
249441	678003
249671	678057
249758	678075
249761	678073
249768	678072
249786	678075
249794	678079
249808	678082
249827	678090
249836	678086
249845	678078
249845	678073
249840	678063
249845	678057
249859	678055
249870	678041
249876	678037
249903	678034
249909	678030
249917	678028
249931	678029
249967	678023
250000	678025
250000	678025
250002	678026
250048	678025
250073	678029
250088	678023
250109	678022
250122	678018
250154	678021
250180	678030
250190	678031
250190	678031
250198	678033
250207	678028
250212	678034
250219	678037
250256	678041
250264	678040
250275	678035
250289	678035
250317	678043
250352	678042
250357	678047
250364	678062
250371	678068
250379	678071
250387	678082
250393	678095
250396	678102
250392	678112
250388	678114
250390	678137
250395	678148
250418	678156
250429	678157
250438	678163
250443	678176
250442	678193
250427	678236
250431	678266
250428	678285
250422	678302
250407	678330
250409	678348
250406	678353
250399	678358
250396	678372
250399	678392
250397	678395
250397	678413
250396	678421
250398	678435
250395	678439
250396	678452
250399	678459
250408	678476
250414	678491
250424	678498
250423	678507
250427	678516
250448	678553
250459	678554
250478	678564
250483	678569
250483	678574
250486	678579
250493	678583
250500	678585
250505	678589
250519	678596
250525	678601
250540	678622
250578	678634
250587	678632
250625	678642
250642	678652
250676	678666
250697	678678
250699	678686
250699	678694
250708	678707
250717	678714
250732	678711
250766	678718
250776	678741
250790	678750
250804	678751
250848	678765
250854	678772
250864	678776
250875	678776
250892	678763
250915	678759
250929	678770
250934	678777
250941	678783
250971	678801
250984	678800
250993	678803
251014	678801
251051	678790
251081	678773
251090	678770
251096	678769
251102	678775
251100	678798
251103	678804
251154	678817
251221	678829
251258	678853
251273	678861
251290	678877
251314	678882
251329	678883
251366	678891
251403	678883
251426	678875
251447	678872
251484	678877
251503	678876
251511	678874
251517	678869
251517	678859
251526	678841
251543	678829
251563	678824
251569	678827
251573	678842
251577	678846
251623	678869
251682	678892
251693	678899
251723	678907
251740	678915
251751	678918
251759	678924
251770	678953
251789	678962
251810	678966
251829	678975
251867	678982
251867	678982
251873	678984
251885	678995
251887	679000
251891	679001
251917	678998
251937	678998
251950	678992
251986	678980
252013	678977
252028	678969
252045	678963
252071	678950
252085	678946
252147	678938
252235	678932
252241	678933
252258	678939
252279	678938
252357	678925
252405	678919
252449	678911
252466	678904
252480	678895
252490	678886
252498	678877
252508	678855
252507	678837
252511	678820
252506	678808
252508	678800
252537	678776
252541	678766
252548	678745
252557	678729
252562	678721
252573	678712
252579	678694
252590	678674
252624	678627
252638	678603
252638	678591
252636	678582
252633	678579
252626	678581
252624	678579
252623	678564
252614	678544
252610	678529
252601	678515
252582	678494
252577	678481
252575	678463
252582	678449
252589	678423
252592	678416
252596	678413
252601	678413
252612	678424
252621	678426
252641	678413
252651	678400
252654	678394
252653	678390
252645	678381
252642	678374
252641	678368
252644	678362
252651	678359
252659	678359
252670	678366
252687	678366
252694	678363
252696	678359
252689	678350
252690	678344
252745	678287
252752	678273
252771	678256
252779	678253
252858	678172
252875	678166
252886	678166
252894	678168
252917	678166
252943	678157
252946	678151
252940	678135
252940	678121
252945	678111
252961	678089
252967	678083
252972	678081
252996	678083
253044	678072
253073	678063
253096	678053
253124	678020
253146	678000
253194	677950
253204	677935
253212	677917
253227	677899
253248	677889
253261	677885
253276	677887
253322	677898
253335	677896
253345	677891
253416	677763
253425	677733
253443	677701
253470	677630
253481	677622
253491	677604
253502	677573
253502	677564
253497	677555
253497	677550
253503	677519
253515	677498
253537	677471
253546	677456
253547	677448
253545	677422
253559	677392
253570	677340
253584	677328
253614	677309
253638	677285
253639	677276
253638	677262
253624	677218
253625	677205
253633	677192
253648	677182
253659	677179
253685	677183
253689	677181
253695	677177
253709	677123
253718	677095
253728	677075
253736	677062
253748	677054
253767	677020
253780	677003
253794	676990
253808	676982
253812	676977
253825	676940
253835	676900
253841	676885
253848	676884
253859	676889
253873	676890
253881	676898
253883	676914
253883	676914
253883	676918
253885	676924
253888	676927
253896	676928
253910	676921
253926	676907
253937	676887
253942	676867
253941	676855
253942	676848
253949	676834
253955	676826
253972	676811
254071	676754
254092	676715
254134	676664
254142	676660
254155	676661
254170	676659
254199	676652
254227	676642
254234	676637
254293	676544
254313	676507
254327	676502
254355	676497
254366	676493
254390	676489
254423	676476
254439	676477
254449	676476
254473	676464
254494	676450
254500	676445
254500	676445
254510	676428
254516	676411
254518	676396
254518	676378
254515	676361
254509	676350
254497	676341
254481	676332
254469	676320
254468	676308
254471	676292
254476	676282
254493	676263
254507	676239
254514	676230
254528	676221
254542	676212
254552	676196
254562	676183
254578	676156
254583	676144
254585	676115
254583	676092
254578	676074
254571	676059
254562	676034
254552	676019
254550	676004
254547	675985
254550	675970
254564	675942
254564	675942
254569	675939
254578	675931
254572	675901
254562	675856
254548	675791
254534	675725
254524	675688
254513	675675
254513	675675
254500	675666
254493	675642
254425	675636
254374	675630
254339	675627
254324	675625
254306	675615
254301	675621
254301	675621
254298	675623
254287	675622
254271	675620
254256	675619
254240	675617
254226	675616
254217	675615
254211	675614
254203	675613
254188	675613
254176	675615
254168	675616
254158	675617
254146	675618
254134	675619
254119	675620
254123	675614
254129	675603
254132	675598
254140	675586
254142	675582
254140	675581
254135	675579
254128	675577
254122	675575
254119	675574
254115	675565
254112	675560
254106	675551
254100	675542
254097	675536
254087	675522
254084	675515
254079	675508
254074	675501
254071	675495
254060	675478
254053	675467
254046	675456
254037	675442
254033	675435
254028	675430
254028	675430
254020	675420
254012	675406
254000	675389
253988	675374
253965	675373
253961	675367
253953	675355
253971	675340
253989	675327
254024	675299
254053	675275
254058	675261
254059	675237
254059	675237
254070	675218
254082	675202
254091	675188
254099	675173
254098	675158
254108	675149
254140	675134
254159	675110
254169	675088
254176	675068
254177	675034
254177	675015
254195	674996
254207	674991
254225	674990
254246	674991
254260	674989
254270	674983
254271	674962
254271	674941
254265	674918
254258	674886
254245	674844
254242	674823
254237	674795
254237	674795
254205	674671
254201	674640
254201	674634
254201	674634
254196	674622
254189	674568
254179	674466
254176	674440
254173	674408
254170	674374
254165	674314
254164	674292
254164	674281
254167	674273
254184	674264
254197	674261
254214	674259
254231	674265
254231	674265
254247	674254
254262	674244
254274	674236
254289	674220
254311	674211
254341	674204
254384	674185
254425	674170
254480	674150
254579	674114
254613	674098
254632	674085
254633	674066
254646	674062
254661	674052
254670	674043
254676	674034
254677	674025
254675	674014
254674	673990
254672	673973
254672	673957
254673	673949
254675	673948
254676	673944
254676	673916
254677	673909
254681	673906
254684	673903
254685	673900
254687	673888
254690	673872
254691	673861
254697	673840
254704	673809
254709	673782
254711	673775
254719	673755
254721	673751
254719	673747
254719	673747
254812	673550
254846	673476
254862	673471
254869	673453
254875	673444
254881	673424
254891	673411
254906	673394
254909	673373
254910	673366
254912	673362
254916	673360
254921	673359
254930	673363
254943	673371
254952	673374
254958	673379
254965	673376
254968	673368
254974	673365
254984	673363
254995	673362
255000	673363
255000	673363
255013	673367
255022	673364
255033	673359
255041	673354
255043	673353
255043	673353
255055	673350
255059	673348
255066	673350
255072	673349
255076	673347
255087	673354
255099	673361
255108	673363
255119	673363
255125	673359
255142	673361
255153	673370
255166	673378
255182	673382
255193	673383
255200	673382
255215	673383
255227	673381
255239	673381
255257	673384
255271	673387
255283	673390
255295	673389
255369	673396
255396	673401
255533	673426
255592	673439
255653	673449
255755	673468
255804	673467
255804	673467
255865	673462
255835	673368
255822	673330
255807	673287
255807	673287
255804	673250
255796	673197
255784	673139
255767	673075
255757	673050
255757	673050
255751	672998
255741	672889
255739	672879
255704	672855
255672	672833
255648	672812
255633	672796
255616	672775
255570	672722
255570	672722
255395	672454
255395	672454
255406	672444
255413	672441
255425	672432
255435	672424
255449	672412
255473	672395
255491	672379
255491	672379
255489	672421
255486	672475
255490	672489
255533	672551
255556	672579
255620	672528
255620	672528
255725	672509
255751	672413
255751	672413
255758	672389
255766	672357
255781	672299
255790	672262
255795	672246
255795	672246
255830	672256
255888	672276
255919	672285
255954	672297
255987	672307
256040	672323
256066	672330
256086	672333
256112	672340
256141	672346
256167	672351
256183	672355
256222	672366
256222	672366
256219	672363
256209	672354
256203	672348
256197	672341
256190	672334
256183	672328
256178	672323
256173	672318
256167	672312
256162	672308
256156	672302
256142	672288
256121	672268
256100	672247
256082	672230
256068	672216
256057	672205
256049	672197
256036	672184
256019	672169
256013	672162
256005	672154
255995	672144
255991	672140
255980	672130
255970	672120
255958	672108
255948	672099
255933	672083
255927	672078
255913	672056
255898	672034
255889	672020
255881	672010
255876	671999
255874	671989
255876	671976
255877	671967
255882	671943
255884	671931
255888	671925
255904	671909
255914	671898
255926	671886
255930	671882
255965	671845
255968	671844
255975	671844
255978	671842
256003	671815
256016	671801
256041	671775
256048	671767
256051	671760
256051	671760
256033	671758
256008	671755
255989	671753
255974	671752
255959	671756
255942	671761
255930	671764
255923	671764
255915	671685
255915	671685
255814	671690
255643	671701
255596	671706
255586	671709
255582	671717
255585	671735
255590	671745
255590	671745
255602	671777
255592	671785
255567	671798
255550	671796
255534	671793
255524	671794
255502	671796
255476	671799
255443	671804
255405	671809
255369	671813
255352	671816
255295	671823
255258	671828
255232	671830
255151	671840
255122	671844
255105	671846
255009	671858
254992	671860
254992	671860
254960	671860
254934	671863
254903	671867
254875	671869
254864	671872
254849	671874
254839	671875
254824	671875
254817	671878
254798	671880
254783	671880
254777	671896
254769	671918
254761	671937
254757	671943
254730	671930
254730	671930
254692	671911
254665	671897
254634	671882
254596	671860
254580	671838
254570	671802
254562	671748
254554	671704
254554	671704
254556	671667
254566	671628
254590	671598
254616	671573
254645	671557
254681	671553
254788	671567
254937	671612
255014	671630
255014	671630
255022	671591
255032	671562
255049	671502
255053	671483
255053	671483
255099	671480
255168	671475
255243	671471
255334	671467
255363	671461
255444	671426
255530	671389
255590	671375
255645	671367
255732	671352
255732	671352
255720	671310
255707	671260
255706	671243
255825	671220
255845	671185
255861	671162
255876	671154
255898	671144
255926	671135
255954	671132
255971	671125
255994	671123
256023	671119
256051	671115
256082	671111
256108	671108
256177	671101
256227	671096
256325	671084
256368	671082
256386	671081
256396	671083
256416	671093
256418	671098
256419	671110
256439	671111
256511	671106
256568	671105
256619	671106
256654	671107
256687	671112
256697	671112
256709	671108
256724	671099
256724	671099
256724	671099
256716	671094
256710	671088
256702	671072
256693	671047
256687	671025
256678	670976
256671	670957
256656	670942
256594	670893
256537	670865
256512	670860
256466	670857
256382	670839
256327	670833
256313	670830
256284	670819
256269	670810
256263	670802
256255	670789
256250	670779
256247	670768
256246	670734
256249	670688
256253	670665
256259	670642
256283	670583
256292	670552
256297	670520
256298	670500
256302	670479
256301	670466
256292	670449
256285	670442
256276	670438
256252	670436
256230	670439
256211	670445
256184	670455
256153	670471
256116	670495
256101	670501
256084	670504
256070	670503
256037	670498
256002	670489
255958	670481
255902	670469
255887	670468
255874	670469
255867	670472
255852	670483
255837	670498
255802	670551
255787	670571
255771	670588
255759	670599
255740	670610
255726	670614
255695	670617
255642	670618
255567	670624
255552	670625
255519	670634
255484	670640
255464	670638
255443	670633
255411	670617
255411	670617
255400	670611
255363	670587
255334	670560
255306	670519
255276	670450
255245	670397
255222	670351
255206	670331
255184	670313
255143	670270
255082	670200
255078	670194
255067	670162
255048	670119
255037	670086
255035	670073
255038	670045
255044	670032
255055	670012
255061	670004
255071	670000
255080	669996
255080	669996
255160	669965
255202	669944
255216	669936
255228	669925
255260	669888
255269	669880
255306	669860
255345	669842
255353	669840
255368	669840
255421	669851
255465	669857
255507	669856
255522	669857
255631	669882
255653	669882
255693	669887
255705	669887
255723	669883
255741	669875
255797	669841
255836	669821
255881	669776
255888	669767
255893	669755
255894	669733
255890	669705
255886	669693
255870	669669
255838	669629
255828	669610
255825	669590
255827	669580
255830	669571
255837	669563
255843	669559
255904	669536
255930	669531
255944	669525
256000	669476
256032	669442
256035	669437
256035	669437
256041	669426
256099	669379
256121	669357
256145	669330
256145	669330
256158	669312
256175	669274
256186	669246
256201	669181
256204	669137
256201	669122
256191	669108
256114	669053
256107	669046
256099	669032
256099	669032
256076	669031
255994	669059
255903	669082
255885	669102
255870	669111
255830	669107
255804	669105
255745	669099
255745	669099
255725	669087
255715	669077
255707	669062
255707	669062
255707	669054
255708	669046
255675	669045
255638	669039
255599	669032
255539	669022
255497	669014
255462	669008
255422	669001
255384	668995
255375	668992
255347	668982
255299	668963
255288	668959
255278	668956
255252	668955
255242	668956
255212	668963
255194	668968
255194	668968
255194	668971
255019	669019
255019	669019
255026	669051
255010	669051
254958	669063
254919	669073
254852	669101
254828	669064
254634	669118
254634	669118
254642	669095
254642	669095
254601	669085
254585	669117
254548	669171
254494	669166
254413	669157
254382	669157
254377	669193
254375	669213
254375	669213
254358	669242
254353	669250
254292	669213
254292	669213
254277	669204
254236	669188
254236	669188
254226	669175
254215	669160
254175	669111
254147	669061
254141	669054
254129	669045
254119	669041
254110	669041
254087	669043
254070	669047
254070	669047
254053	669042
254007	669041
253961	669038
253914	669043
253855	669055
253822	669047
253797	669033
253797	669033
253769	669029
253751	669020
253721	669007
253700	668997
253681	668989
253668	668981
253654	668972
253642	668965
253629	668951
253627	668944
253625	668929
253625	668929
253618	668917
253615	668878
253605	668849
253605	668849
253590	668833
253586	668810
253585	668794
253586	668780
253591	668759
253597	668733
253602	668721
253607	668711
253607	668711
253629	668688
253631	668668
253613	668659
253531	668653
253460	668653
253331	668685
253286	668691
253266	668686
253250	668708
253244	668718
253244	668718
253200	668781
253182	668805
253151	668842
253121	668875
253077	668917
253055	668936
253029	668956
253005	668979
252986	668994
252952	668990
252929	668986
252900	668991
252865	668999
252838	669036
252812	669070
252809	669100
252811	669129
252811	669129
252810	669147
252806	669172
252800	669196
252797	669213
252793	669237
252794	669266
252796	669308
252796	669338
252794	669355
252791	669366
252786	669377
252780	669387
252771	669388
252757	669391
252740	669394
252721	669396
252707	669400
252694	669405
252683	669411
252675	669422
252665	669429
252656	669433
252638	669434
252619	669438
252608	669440
252590	669449
252579	669454
252566	669451
252539	669443
252521	669434
252509	669431
252503	669436
252492	669449
252482	669452
252470	669451
252454	669446
252445	669447
252429	669452
252420	669455
252411	669452
252404	669444
252391	669437
252379	669431
252368	669430
252360	669429
252350	669424
252337	669416
252321	669418
252321	669418
252314	669421
252315	669423
252314	669426
252301	669435
252273	669448
252214	669462
252211	669450
252182	669453
252175	669456
252170	669457
252167	669457
252165	669453
252165	669444
252152	669423
252138	669400
252117	669393
252110	669400
252096	669409
252089	669416
252084	669424
252081	669427
252079	669427
252075	669427
252063	669418
252055	669411
252040	669406
252027	669398
252020	669392
252014	669386
252002	669378
251987	669372
251979	669371
251973	669371
251967	669372
251960	669371
251946	669364
251946	669364
251938	669347
251941	669329
251953	669316
251943	669306
251912	669294
251887	669293
251862	669299
251837	669310
251811	669313
251787	669308
251762	669297
251729	669270
251704	669245
251688	669246
251670	669250
251662	669245
251662	669245
251646	669245
251630	669227
251621	669215
251613	669195
251605	669184
251587	669180
251563	669185
251544	669195
251531	669209
251524	669230
251516	669257
251509	669268
251499	669265
251483	669267
251469	669278
251451	669301
251435	669305
251412	669302
251400	669302
251388	669291
251373	669284
251360	669296
251348	669307
251327	669314
251327	669314
251313	669324
251308	669325
251300	669328
251291	669331
251274	669341
251265	669345
251260	669345
251257	669343
251255	669339
251253	669330
251252	669326
251249	669323
251241	669317
251238	669314
251236	669308
251235	669294
251228	669243
251226	669230
251224	669224
251220	669217
251214	669210
251204	669206
251194	669206
251186	669207
251179	669212
251172	669216
251163	669219
251155	669219
251144	669220
251138	669221
251129	669225
251111	669229
251101	669231
251095	669231
251091	669231
251089	669225
251087	669216
251082	669212
251070	669208
251066	669206
251066	669206
251052	669188
251051	669181
251056	669163
251056	669157
251054	669152
251043	669138
251035	669118
251031	669117
251017	669117
251004	669120
250998	669124
250996	669122
250992	669125
250992	669125
250975	669099
250962	669092
250932	669096
250920	669094
250883	669107
250870	669107
250857	669106
250847	669091
250848	669081
250860	669072
250869	669064
250884	669041
250895	669030
250896	669025
250902	668993
250902	668993
250904	668992
250904	668977
250919	668960
250921	668955
250922	668944
250930	668928
250930	668920
250930	668919
250930	668919
250927	668914
250920	668906
250908	668897
250891	668896
250876	668901
250805	668940
250800	668941
250788	668938
250776	668938
250763	668941
250748	668947
250726	668960
250720	668967
250713	668982
250710	668984
250703	668979
250693	668960
250682	668958
250671	668959
250658	668964
250632	668980
250622	668984
250614	668986
250600	668985
250587	668979
250575	668960
250565	668939
250537	668922
250527	668911
250516	668893
250505	668881
250484	668865
250475	668858
250475	668858
250451	668840
250424	668812
250424	668812
250363	668842
250270	668891
250150	668954
250086	668991
250017	669033
250000	669045
250000	669045
249908	669109
249879	669131
249879	669131
249826	669177
249737	669262
249717	669284
249694	669313
249694	669313
249582	669457
249447	669639
249336	669779
249166	670000
249166	670000
249111	670066
248961	670242
248902	670306
248873	670334
248810	670383
248739	670427
248652	670475
248604	670500
248509	670540
248436	670567
248327	670600
248222	670627
248145	670645
247979	670675
247868	670692
247806	670706
247764	670720
247646	670762
247500	670824
247460	670845
247376	670901
247376	670901
247298	670955
247281	670969
247250	671000
247250	671000
247175	671086
247112	671164
247063	671228
246904	671444
246904	671444
246891	671461
246879	671479
246843	671550
246781	671659
246752	671706
246720	671752
246686	671797
246569	671945
246482	672071
246331	672253
246331	672253
246257	672343
246219	672395
246208	672416
246208	672416
246177	672472
246133	672535
246000	672690
245966	672726
245920	672768
245863	672824
245832	672852
245797	672877
245735	672919
245600	673000
245500	673056
245374	673120
245374	673120
245249	673185
245007	673306
244999	673310
244999	673310
244938	673346
244896	673367
244871	673376
244805	673397
244696	673438
244647	673451
244577	673466
244536	673472
244491	673477
244413	673477
244381	673473
244322	673462
244211	673450
244048	673438
243987	673428
243939	673431
243857	673421
243816	673417
243786	673411
243756	673398
243741	673396
243727	673398
243690	673406
243662	673411
243546	673421
243493	673423
243295	673446
243071	673469
242935	673478
242827	673482
242739	673482
242635	673487
242509	673506
242373	673524
242190	673555
242170	673560
241993	673624
241953	673636
241890	673666
241846	673682
241799	673696
241731	673706
241606	673729
241347	673766
241139	673800
240965	673837
240793	673858
240793	673858
240726	673866
240694	673872
240659	673883
240635	673888
240623	673888
240600	673883
240585	673882
240429	673912
240363	673917
240363	673917
240335	673917
240259	673912
240228	673913
240131	673938
239999	673977
239999	673977
239999	673977
239885	674011
239836	674027
239733	674033
239689	674035
239599	674034
239546	674030
239514	674024
239357	673982
239285	673965
239214	673954
239159	673949
239110	673948
238994	673956
238839	673956
238776	673961
238678	673972
238642	673977
238619	673982
238567	673997
238489	674041
238413	674088
238147	674261
238147	674261
238104	674292
238071	674312
238000	674349
237911	674386
237869	674400
237817	674414
237750	674422
237647	674440
237521	674463
237371	674494
237371	674494
237274	674505
237191	674517
237140	674527
237074	674548
237074	674548
236889	674617
236541	674738
236399	674792
236285	674833
236243	674847
236118	674882
235961	674922
235894	674937
235834	674948
235791	674953
235747	674954
235694	674953
235583	674947
235583	674947
235463	674938
235377	674929
235197	674904
234999	674874
234999	674874
234994	674874
234422	674781
234311	674765
234311	674765
234205	674752
233985	674733
233880	674733
233790	674741
233660	674759
233555	674780
233448	674810
233231	674887
233231	674887
232879	675260
232636	675563
232514	675674
232284	675799
231943	675984
231773	676154
231585	676481
231463	676881
231369	677100
231292	677212
231171	677292
230986	677354
230506	677465
230161	677587
229855	677747
229605	677897
229291	678158
228856	678516
228592	678683
228216	678871
227938	678982
227583	679059
227124	679114
226706	679156
226177	679149
225592	679114
225029	679065
224479	679086
224061	679107
223727	679100
223467	679076
223286	679039
223086	678970
223086	678970
222866	678927
222180	678869
221002	678879
221002	678879
221014	679131
221021	679376
220994	679760
220952	680066
220924	680282
220826	680779
220806	680998
220795	681346
220806	681579
220830	681802
220837	681938
220823	682108
220778	682344
220708	682619
220653	682842
220597	682981
220475	683287
220392	683572
220357	683955
220357	684268
220364	684790
220346	685242
220318	685607
220252	685965
220197	686258
220103	686529
220040	686783
219998	686911
219873	687311
219823	687532
219807	687676
219820	687791
219860	687911
219860	687911
220094	688423
220166	688585
220524	689412
220764	689879
220969	690359
221126	690661
221314	691016
221436	691252
221585	691555
221648	691725
221693	691882
221752	692098
221794	692313
221853	692512
221906	692626
221986	692741
222114	692891
222278	693054
222431	693249
222601	693496
222716	693691
222814	693868
222936	694178
223047	694439
223137	694661
223242	694898
223374	695113
223454	695211
223531	695291
223531	695291
223552	695310
223603	695344
223726	695417
223900	695517
224048	695617
224205	695717
224274	695768
224340	695824
224391	695874
224447	695957
224495	696053
224527	696149
224553	696265
224607	696481
224671	696709
224779	697116
224866	697397
224972	697709
225047	697909
225108	698050
225203	698257
225268	698401
225363	698587
225440	698719
225624	699057
225774	699293
225840	699397
226042	699705
226226	699950
226474	700333
226700	700681
226975	701168
227103	701418
227194	701634
227284	701870
227350	702051
227430	702187
227486	702257
227570	702312
227664	702350
227751	702396
227834	702455
227914	702549
227949	702681
227984	702862
228015	702970
228095	703088
228193	703189
228311	703272
228454	703349
228760	703498
228941	703606
229073	703728
229163	703815
229236	703926
229313	704128
229386	704284
229463	704406
229522	704493
229568	704590
229568	704590
229583	704624
229605	704670
229628	704704
229660	704737
229694	704768
229720	704797
229735	704816
229738	704833
229733	704851
229723	704882
229722	704909
229726	704936
229737	704964
229752	704980
229752	704980
229755	704987
229801	705040
229827	705059
229881	705090
229914	705117
229932	705134
229945	705155
229952	705171
229964	705238
229972	705267
229964	705276
229928	705298
229924	705310
229926	705319
229930	705326
229953	705327
229999	705336
229999	705336
230000	705336
230005	705342
230007	705385
230009	705395
230016	705409
230026	705418
230069	705452
230075	705460
230078	705469
230082	705500
230080	705559
230069	705591
230069	705600
230072	705614
230091	705649
230093	705659
230092	705692
230084	705732
230084	705739
230099	705752
230113	705777
230141	705792
230149	705800
230156	705811
230155	705825
230145	705857
230143	705868
230145	705879
230173	705865
230186	705866
230195	705871
230200	705887
230231	705900
230262	705909
230263	705911
230269	705928
230270	705947
230263	705972
230251	706004
230253	706010
230293	706054
230304	706070
230309	706085
230315	706123
230332	706144
230331	706163
230332	706171
230350	706184
230359	706196
230360	706210
230354	706221
230344	706227
230340	706232
230339	706235
230342	706244
230349	706251
230366	706260
230388	706261
230394	706268
230406	706299
230423	706281
230442	706280
230444	706308
230465	706314
230470	706321
230470	706368
230506	706378
230529	706397
230540	706422
230545	706425
230576	706426
230595	706440
230607	706442
230618	706453
230629	706455
230633	706481
230650	706495
230651	706516
230636	706520
230624	706549
230635	706553
230638	706558
230640	706580
230645	706583
230654	706584
230658	706591
230656	706612
230649	706620
230650	706637
230656	706648
230656	706662
230665	706671
230674	706692
230679	706698
230686	706702
230709	706706
230713	706708
230721	706712
230728	706728
230751	706739
230756	706757
230759	706781
230757	706811
230760	706818
230760	706828
230758	706863
230764	706906
230763	706967
230751	707014
230766	707056
230788	707092
230794	707100
230803	707105
230817	707107
230827	707111
230838	707158
230838	707166
230836	707172
230824	707189
230821	707216
230812	707230
230807	707256
230796	707258
230792	707261
230789	707271
230788	707295
230773	707305
230769	707314
230798	707358
230806	707386
230809	707408
230804	707424
230788	707448
230772	707465
230767	707480
230766	707508
230775	707538
230776	707559
230771	707574
230764	707616
230758	707628
230761	707635
230760	707655
230742	707689
230726	707706
230698	707712
230681	707743
230667	707763
230663	707766
230654	707767
230650	707770
230647	707788
230624	707792
230615	707830
230609	707837
230596	707843
230562	707840
230555	707841
230541	707851
230519	707888
230499	707894
230492	707899
230485	707907
230466	707945
230442	707972
230431	707975
230399	708024
230388	708034
230383	708053
230375	708075
230354	708095
230352	708108
230318	708173
230291	708185
230274	708194
230265	708208
230247	708243
230240	708251
230222	708261
230212	708270
230197	708277
230191	708277
230188	708280
230165	708337
230156	708346
230151	708361
230141	708365
230137	708371
230132	708380
230127	708384
230104	708387
230090	708403
230087	708414
230085	708441
230080	708448
230070	708454
230060	708464
230050	708487
230031	708517
230035	708527
229999	708556
229999	708556
229991	708563
229979	708580
229973	708587
229957	708598
229950	708600
229922	708603
229895	708600
229868	708600
229854	708603
229843	708609
229834	708618
229821	708639
229805	708684
229777	708735
229748	708763
229703	708827
229697	708832
229667	708848
229624	708865
229620	708856
229625	708825
229624	708818
229619	708812
229601	708797
229593	708775
229583	708760
229570	708749
229558	708741
229521	708729
229487	708710
229475	708706
229459	708708
229436	708714
229400	708731
229384	708736
229366	708736
229324	708725
229279	708723
229198	708749
229142	708759
229134	708762
229118	708773
229022	708792
228994	708788
228976	708780
228962	708778
228932	708783
228851	708799
228830	708801
228770	708778
228724	708770
228708	708769
228695	708770
228684	708773
228653	708792
228640	708797
228633	708798
228617	708795
228560	708758
228538	708752
228507	708782
228486	708791
228475	708790
228459	708794
228437	708805
228426	708809
228409	708808
228373	708813
228366	708812
228359	708807
228351	708789
228346	708785
228339	708786
228312	708796
228265	708786
228251	708788
228222	708784
228195	708785
228169	708777
228150	708775
228137	708775
228110	708785
228097	708788
228073	708789
228064	708792
228048	708812
228034	708817
228029	708821
228027	708823
228022	708847
228008	708861
227993	708872
227977	708878
227964	708888
227945	708926
227946	708941
227920	708956
227910	708974
227883	708994
227877	709001
227865	709010
227849	709015
227835	709016
227821	709011
227811	709003
227797	708989
227790	708985
227782	708984
227723	708991
227701	708985
227677	708985
227663	708980
227617	708992
227599	708989
227581	708990
227548	709003
227533	708995
227506	708993
227503	708991
227500	708980
227479	708963
227469	708962
227457	708965
227438	708983
227422	708973
227383	708970
227350	708980
227317	708979
227304	708996
227259	708998
227236	709003
227216	709015
227183	709020
227165	709039
227124	709044
227120	709047
227109	709066
227098	709071
227056	709142
227033	709140
227008	709163
227004	709177
226987	709186
226951	709185
226940	709187
226935	709189
226925	709224
226893	709234
226887	709249
226879	709258
226873	709261
226864	709264
226857	709263
226854	709261
226849	709253
226846	709236
226843	709232
226839	709230
226810	709246
226804	709242
226795	709225
226761	709227
226757	709228
226755	709231
226754	709238
226763	709261
226769	709260
226773	709263
226775	709266
226774	709274
226750	709287
226739	709309
226733	709311
226710	709309
226690	709311
226689	709328
226686	709334
226676	709337
226663	709344
226647	709373
226630	709397
226626	709401
226620	709404
226612	709399
226609	709401
226611	709425
226608	709437
226605	709443
226593	709457
226587	709467
226584	709473
226584	709473
226582	709477
226576	709488
226568	709492
226555	709485
226526	709490
226511	709488
226495	709489
226489	709484
226483	709484
226467	709489
226459	709489
226448	709484
226443	709484
226434	709490
226420	709488
226406	709498
226393	709493
226389	709495
226380	709508
226376	709536
226362	709549
226336	709578
226328	709631
226357	709638
226401	709641
226415	709645
226438	709647
226450	709641
226458	709645
226502	709694
226536	709723
226544	709767
226557	709786
226574	709797
226614	709807
226649	709800
226682	709792
226696	709791
226715	709795
226724	709798
226740	709807
226760	709821
226783	709830
226858	709842
226901	709838
226951	709835
227063	709725
227108	709692
227118	709655
227130	709654
227138	709659
227161	709682
227169	709696
227197	709724
227196	709740
227188	709759
227183	709789
227176	709803
227198	709812
227238	709839
227261	709848
227273	709856
227302	709865
227363	709897
227381	709900
227429	709926
227472	709938
227491	709942
227512	709943
227533	709950
227525	709966
227490	710000
227490	710000
227490	710000
227443	710041
227430	710061
227418	710082
227412	710094
227400	710129
227394	710140
227390	710146
227361	710168
227342	710185
227337	710202
227337	710211
227339	710223
227356	710266
227366	710317
227384	710347
227387	710401
227377	710434
227377	710439
227379	710455
227388	710479
227379	710496
227328	710517
227320	710528
227314	710543
227310	710571
227309	710592
227311	710612
227317	710639
227327	710660
227369	710661
227409	710679
227415	710685
227418	710691
227420	710698
227420	710712
227414	710724
227403	710740
227377	710767
227374	710804
227408	710861
227441	710956
227442	710965
227442	710979
227435	711030
227407	711064
227392	711098
227386	711117
227377	711162
227364	711196
227354	711212
227337	711231
227330	711243
227326	711255
227322	711271
227316	711324
227321	711372
227339	711391
227395	711432
227436	711470
227444	711484
227437	711514
227416	711543
227412	711561
227412	711561
227410	711568
227409	711577
227402	711588
227392	711598
227380	711606
227350	711619
227350	711619
227267	711657
227166	711724
227135	711742
227142	711813
227142	711817
227142	711817
227142	711820
227142	711839
227136	711898
227138	711935
227144	711960
227168	712019
227168	712026
227152	712073
227129	712115
227139	712158
227142	712182
227142	712211
227138	712236
227107	712285
227099	712306
227064	712356
227060	712404
227046	712420
227037	712439
227033	712463
227042	712487
227041	712515
227012	712550
227000	712553
226984	712551
226964	712553
226958	712562
226956	712591
226949	712628
226931	712642
226931	712688
226907	712710
226892	712778
226857	712803
226824	712810
226804	712846
226780	712868
226768	712910
226735	712940
226682	713016
226632	713014
226600	712995
226585	713040
226569	713068
226576	713097
226565	713108
226549	713116
226532	713121
226513	713124
226480	713124
226442	713112
226431	713094
226392	713047
226330	713001
226312	712990
226261	712968
226175	712944
226166	712938
226157	712911
226148	712910
226148	712910
226135	712907
226111	712904
226045	712932
225976	712910
225921	712884
225854	712878
225780	712856
225759	712846
225732	712828
225688	712794
225677	712788
225654	712786
225568	712796
225523	712786
225486	712782
225465	712790
225435	712774
225403	712749
225390	712736
225362	712698
225348	712731
225307	712760
225325	712797
225291	712862
225277	712875
225256	712887
225229	712899
225223	712904
225213	712917
225206	712932
225198	712967
225200	712983
225198	713003
225168	713056
225166	713081
225163	713174
225146	713244
225131	713277
225125	713296
225116	713314
225104	713330
225084	713349
225073	713364
225069	713371
225051	713413
225044	713450
225034	713538
225023	713591
225000	713626
224999	713628
224999	713628
224993	713644
224996	713681
224990	713704
224981	713724
224982	713738
224986	713747
224985	713766
224977	713776
224932	713790
224911	713813
224882	713806
224872	713812
224859	713828
224848	713835
224824	713844
224745	713867
224726	713882
224685	713925
224672	713971
224670	714003
224668	714009
224662	714017
224582	714058
224576	714064
224572	714073
224577	714118
224571	714183
224557	714245
224556	714260
224559	714272
224552	714351
224556	714376
224564	714406
224565	714418
224563	714440
224564	714450
224571	714475
224574	714499
224571	714527
224563	714558
224556	714591
224554	714604
224554	714604
224552	714616
224549	714632
224535	714667
224530	714698
224546	714784
224565	714793
224571	714832
224575	714840
224582	714846
224598	714856
224622	714876
224630	714937
224627	715000
224627	715000
224631	715020
224642	715032
224654	715051
224657	715059
224657	715069
224653	715104
224657	715117
224671	715131
224681	715137
224694	715141
224720	715145
224774	715156
224794	715157
224813	715160
224830	715167
224845	715181
224867	715193
224890	715196
224914	715195
224940	715204
224958	715207
224999	715204
224999	715204
225000	715204
225004	715204
225048	715242
225080	715247
225104	715245
225143	715277
225170	715283
225252	715346
225259	715367
225225	715393
225232	715405
225283	715437
225304	715454
225357	715473
225360	715504
225404	715508
225444	715525
225499	715523
225571	715541
225618	715539
225677	715559
225689	715575
225695	715588
225701	715636
225753	715691
225767	715725
225827	715776
225879	715798
225887	715807
225902	715835
225912	715842
225922	715846
225929	715863
225928	715907
225949	715940
225979	715961
226032	715991
226106	716018
226120	716032
226171	716045
226191	716063
226207	716086
226242	716101
226252	716102
226263	716101
226297	716088
226327	716059
226348	716044
226436	716000
226445	715996
226445	715996
226459	715991
226485	715957
226498	715946
226515	715945
226568	715921
226580	715922
226612	715930
226646	715933
226685	715943
226700	715942
226733	715932
226737	715931
226737	715931
226793	715901
226816	715865
226842	715868
226840	715918
226843	715943
226857	715950
226857	715950
226858	715950
226887	715974
227000	716088
227020	716112
227104	716142
227114	716197
227142	716226
227141	716248
227133	716302
227210	716390
227226	716396
227297	716394
227309	716377
227310	716375
227311	716374
227312	716372
227314	716371
227315	716370
227317	716369
227319	716368
227319	716368
227321	716367
227323	716367
227325	716367
227327	716367
227328	716367
227332	716367
227335	716368
227337	716368
227340	716369
227344	716371
227347	716372
227350	716374
227353	716376
227356	716378
227359	716380
227361	716383
227362	716383
227412	716425
227446	716441
227504	716464
227508	716494
227518	716513
227551	716521
227579	716520
227596	716524
227604	716535
227618	716563
227632	716584
227666	716648
227675	716672
227706	716700
227702	716721
227702	716721
227700	716737
227684	716780
227663	716805
227680	716812
227699	716814
227727	716807
227742	716809
227766	716823
227775	716823
227783	716833
227829	716836
227863	716846
227915	716853
227926	716859
227993	716980
228009	717000
228016	717017
227995	717046
228019	717075
228024	717085
228028	717096
228029	717110
228024	717141
228028	717163
228028	717163
228031	717174
228027	717194
228045	717221
228026	717252
228013	717284
228000	717297
227961	717312
227953	717318
227944	717339
227938	717361
227922	717399
227911	717497
227910	717547
227902	717587
227910	717685
227893	717767
227892	717790
227893	717834
227912	717902
227878	717972
227880	717978
227880	717978
227874	717991
227874	717991
227865	718000
227849	718020
227851	718040
227851	718040
227830	718081
227830	718081
227913	718060
227957	718056
228060	718068
228067	718071
228070	718080
228074	718084
228078	718085
228097	718084
228110	718093
228118	718096
228127	718095
228136	718081
228142	718079
228167	718078
228173	718082
228175	718090
228182	718091
228187	718088
228197	718075
228200	718074
228207	718080
228228	718084
228234	718089
228243	718091
228250	718088
228277	718062
228348	718057
228357	718052
228369	718053
228384	718045
228408	718039
228416	718042
228422	718050
228428	718049
228442	718044
228450	718044
228465	718039
228482	718020
228492	718017
228503	718020
228526	718010
228543	718014
228571	718013
228600	718022
228626	718041
228651	718045
228662	718055
228694	718062
228726	718080
228737	718079
228767	718058
228776	718063
228782	718073
228783	718087
228779	718112
228808	718117
228822	718112
228853	718097
228880	718092
228898	718086
228922	718086
228967	718070
228978	718110
228978	718129
228979	718133
228985	718138
228998	718144
229015	718143
229040	718140
229074	718132
229113	718127
229184	718140
229191	718153
229221	718161
229237	718159
229246	718156
229256	718154
229282	718164
229294	718160
229321	718142
229340	718134
229382	718124
229432	718131
229479	718132
229505	718130
229538	718133
229556	718138
229595	718140
229629	718149
229687	718142
229745	718137
229780	718131
229796	718134
229820	718143
229865	718149
229870	718150
229878	718156
229900	718198
229917	718216
229926	718222
229931	718224
229958	718227
229980	718233
229988	718242
229995	718270
230000	718277
230000	718277
230025	718293
230049	718298
230060	718305
230068	718312
230108	718366
230152	718403
230170	718432
230206	718517
230225	718538
230245	718556
230261	718584
230282	718603
230305	718617
230308	718621
230315	718630
230342	718682
230373	718721
230393	718740
230428	718760
230435	718769
230444	718787
230453	718827
230458	718838
230467	718850
230475	718858
230489	718866
230533	718879
230552	718879
230596	718874
230618	718876
230658	718871
230703	718878
230769	718865
230791	718865
230812	718867
230880	718853
230919	718850
230941	718846
230951	718842
230978	718823
230997	718803
231010	718796
231023	718795
231045	718797
231055	718795
231065	718784
231085	718781
231118	718783
231126	718780
231136	718774
231160	718743
231220	718725
231234	718712
231259	718705
231267	718700
231280	718686
231300	718650
231321	718617
231332	718603
231350	718584
231394	718549
231414	718538
231468	718519
231511	718509
231527	718501
231550	718488
231565	718484
231589	718485
231612	718483
231619	718478
231625	718470
231648	718417
231662	718401
231670	718398
231689	718397
231727	718404
231744	718405
231755	718399
231767	718388
231791	718357
231842	718331
231854	718321
231870	718300
231883	718252
231888	718209
231878	718182
231874	718138
231871	718066
231869	718056
231861	718046
231858	718039
231857	718032
231838	717976
231839	717956
231853	717928
231854	717922
231852	717892
231850	717884
231844	717875
231773	717856
231755	717843
231741	717825
231731	717805
231722	717780
231720	717767
231722	717749
231729	717733
231748	717716
231754	717709
231773	717671
231789	717667
231829	717734
231835	717740
231857	717756
231874	717764
231901	717775
231936	717787
231947	717788
231960	717786
231966	717785
231982	717777
232035	717722
232053	717720
232067	717731
232071	717738
232078	717779
232079	717888
232087	717971
232121	718026
232130	718083
232078	718116
232071	718172
232062	718203
232047	718235
232050	718268
232017	718369
231983	718456
231970	718562
232018	718577
232039	718582
232056	718583
232066	718583
232096	718574
232111	718573
232130	718575
232143	718582
232162	718597
232178	718604
232188	718602
232213	718586
232235	718577
232245	718571
232329	718502
232359	718480
232382	718457
232397	718448
232411	718444
232425	718445
232432	718448
232448	718462
232472	718472
232500	718466
232531	718465
232550	718458
232583	718451
232599	718442
232619	718424
232655	718352
232679	718300
232717	718247
232747	718214
232788	718198
232804	718189
232811	718182
232853	718128
232861	718134
232868	718142
232875	718168
232883	718190
232894	718198
232917	718209
232934	718213
232954	718211
232981	718200
232992	718198
233017	718181
233028	718164
233032	718155
233036	718126
233053	718089
233116	718030
233125	718018
233136	717992
233141	717973
233148	717955
233161	717936
233180	717917
233187	717913
233197	717912
233215	717914
233228	717914
233233	717910
233240	717901
233251	717857
233265	717821
233270	717812
233276	717805
233285	717799
233319	717789
233324	717785
233328	717776
233331	717763
233338	717753
233370	717730
233394	717719
233404	717719
233418	717727
233460	717742
233472	717744
233502	717743
233519	717747
233542	717761
233552	717751
233572	717725
233580	717721
233589	717719
233627	717724
233651	717731
233660	717740
233674	717762
233698	717786
233709	717816
233716	717827
233728	717834
233743	717835
233770	717826
233799	717827
233805	717825
233818	717815
233827	717810
233839	717808
233853	717810
233893	717833
233929	717847
233948	717849
233989	717847
234004	717855
234015	717868
234028	717880
234036	717884
234086	717890
234095	717893
234102	717897
234106	717903
234109	717910
234114	717963
234119	717979
234124	717986
234131	717991
234171	718000
234221	718030
234232	718029
234252	718021
234266	718020
234275	718022
234310	718041
234351	718051
234380	718049
234399	718046
234434	718050
234444	718056
234461	718071
234480	718076
234506	718086
234516	718093
234531	718113
234553	718120
234566	718119
234576	718115
234583	718110
234594	718094
234603	718088
234612	718088
234635	718099
234657	718087
234663	718057
234670	718052
234679	718051
234705	718053
234723	718042
234737	718042
234755	718039
234767	718041
234776	718050
234782	718059
234790	718061
234807	718058
234821	718075
234849	718071
234870	718073
234884	718059
234909	718065
234925	718054
234962	718044
235000	718028
235000	718028
235024	718021
235036	718024
235069	718018
235084	718023
235095	718034
235137	718047
235154	718054
235164	718052
235184	718040
235230	718016
235321	717940
235404	717865
235430	717845
235439	717834
235448	717805
235452	717796
235456	717790
235465	717784
235476	717780
235490	717779
235509	717783
235515	717786
235535	717786
235552	717790
235558	717787
235553	717766
235554	717741
235546	717728
235538	717719
235525	717722
235516	717721
235509	717695
235502	717689
235490	717688
235479	717686
235502	717651
235509	717659
235517	717660
235526	717631
235545	717607
235562	717597
235580	717600
235582	717610
235593	717608
235599	717609
235608	717615
235620	717615
235650	717606
235674	717594
235677	717580
235685	717579
235693	717569
235684	717556
235680	717547
235687	717520
235688	717501
235677	717488
235674	717481
235680	717476
235666	717469
235654	717458
235660	717439
235663	717420
235662	717416
235666	717380
235675	717372
235689	717365
235697	717365
235710	717349
235713	717331
235719	717331
235709	717308
235712	717298
235716	717288
235718	717263
235719	717242
235718	717206
235716	717203
235723	717181
235726	717163
235721	717161
235722	717145
235719	717131
235726	717114
235733	717106
235747	717062
235703	717043
235667	717017
235640	717000
235615	716976
235615	716976
235606	716965
235589	716932
235572	716906
235552	716892
235549	716895
235523	716864
235520	716863
235510	716862
235486	716867
235434	716862
235403	716880
235401	716901
235397	716916
235400	716929
235385	716963
235357	716998
235345	717000
235339	717021
235337	717046
235320	717080
235298	717105
235296	717116
235289	717123
235272	717126
235244	717152
235232	717168
235224	717175
235217	717178
235190	717184
235185	717189
235164	717248
235160	717255
235150	717266
235144	717270
235132	717274
235108	717276
235103	717273
235102	717254
235096	717230
235079	717178
235065	717141
235029	717053
235021	717046
235014	717043
235000	717047
235000	717047
234948	717017
234931	716986
234915	716969
234901	716970
234891	716964
234878	716905
234884	716854
234905	716836
234858	716773
234854	716744
234846	716726
234823	716719
234788	716727
234715	716694
234692	716669
234665	716660
234634	716641
234575	716638
234564	716620
234553	716611
234527	716605
234516	716585
234511	716553
234509	716534
234508	716461
