1
5120
0
320290	779295
320347	779395
320607	779442
320680	779439
320693	779441
320707	779444
320730	779453
320783	779482
320866	779573
320961	779690
320985	779729
320994	779750
321001	779772
321010	779814
321017	779858
321026	779969
321035	780000
321035	780000
321036	780003
321055	780022
321082	780035
321101	780041
321111	780043
321166	780047
321214	780059
321289	780085
321361	780100
321412	780107
321438	780114
321467	780130
321498	780155
321511	780167
321565	780206
321624	780250
321693	780254
321853	780284
321831	780333
321812	780383
321775	780497
321774	780504
321775	780514
321783	780543
321791	780560
321807	780583
321851	780669
321927	780829
321955	780883
321948	780922
321946	780939
321946	780947
321954	780980
321947	781012
321937	781043
321930	781077
321920	781100
321909	781113
321865	781152
321852	781167
321846	781178
321790	781371
321782	781392
321762	781434
321749	781465
321745	781487
321731	781545
321705	781642
321706	781691
321705	781739
321703	781754
321694	781787
321690	781818
321667	781884
321637	781961
321593	782086
321581	782116
321558	782153
321550	782174
321522	782264
321511	782315
321524	782346
321604	782483
321631	782525
321654	782534
321727	782570
321934	782653
321969	782645
322013	782631
322158	782571
322285	782553
322288	782491
322290	782351
322293	782326
322300	782311
322321	782280
322333	782268
322382	782226
322400	782207
322455	782176
322673	782075
322661	782006
322644	781928
322684	781844
322697	781820
322766	781711
322787	781671
322811	781695
322825	781702
322835	781703
322927	781687
323033	781664
323103	781704
323156	781738
323177	781749
323192	781760
323208	781775
323227	781801
323256	781831
323299	781867
323336	781847
323354	781836
323459	781760
323557	781686
323593	781662
323603	781653
323615	781648
323712	781632
323803	781614
323848	781602
323908	781582
324014	781558
324024	781558
324043	781563
324060	781565
324075	781564
324292	781487
324367	781471
324439	781462
324547	781444
324594	781439
324670	781437
324712	781433
324808	781431
324838	781436
324872	781439
324903	781446
325000	781409
325000	781409
325031	781397
325059	781389
325133	781356
325156	781342
325215	781312
325314	781262
325333	781249
325349	781230
325385	781172
325491	781026
325525	780973
325537	780952
325556	780940
325603	780934
325663	780923
325713	780911
325773	780894
325837	780866
325852	780859
325900	780820
325918	780800
325948	780787
326026	780748
326055	780730
326083	780702
326136	780675
326172	780649
326283	780592
326396	780548
326639	780449
326707	780414
326727	780406
326749	780400
326788	780394
326809	780383
326826	780361
326881	780283
326939	780214
326957	780197
326983	780180
326992	780172
327007	780148
327014	780119
327021	780103
327051	780063
327067	780055
327086	780038
327108	780028
327134	780017
327197	780000
327197	780000
327214	779995
327302	779953
327336	779939
327461	779906
327533	779883
327550	779880
327567	779881
327622	779896
327665	779901
327693	779898
327709	779893
327794	779854
327841	779824
327900	779865
327938	779949
327950	779964
327960	779973
327983	779988
328010	780000
328010	780000
328015	780002
328032	780003
328088	780002
328214	780002
328235	780005
328243	780003
328246	780000
328246	780000
328246	780000
328259	779942
328272	779842
328279	779823
328295	779790
328315	779760
328391	779687
328411	779587
328488	779505
328543	779441
328558	779429
328580	779415
328595	779398
328584	779457
328582	779480
328582	779508
328590	779622
328607	779749
328630	779815
328633	779834
328632	779859
328626	779898
328630	779984
328637	780000
328637	780000
328637	780000
328650	780017
328690	780056
328814	780154
328905	780210
328982	780226
329019	780236
329051	780206
329091	780176
329143	780157
329232	780128
329329	780118
329375	780116
329405	780108
329428	780099
329462	780076
329477	780063
329506	780025
329517	780014
329527	780000
329527	780000
329538	779984
329575	779950
329604	779930
329617	779923
329644	779914
329721	779904
329770	779891
329834	779888
329840	779886
329856	779877
329944	779811
330000	779796
330000	779796
330016	779791
330058	779772
330082	779758
330149	779712
330183	779683
330202	779664
330270	779577
330312	779515
330380	779379
330403	779345
330445	779302
330505	779252
330571	779192
330616	779150
330652	779111
330700	779067
330709	779055
330712	779027
330708	778968
330701	778926
330697	778846
330697	778708
330699	778632
330706	778606
330764	778515
330846	778392
330880	778346
330960	778222
331057	778123
331109	778079
331152	778049
331209	778014
331209	778014
331229	778028
331238	778034
331259	778041
331304	778042
331368	778036
331483	778017
331513	778011
331582	778005
331627	778005
331693	778010
331816	778010
331837	778013
331924	778098
331970	778148
332003	778194
332012	778217
332019	778258
332033	778305
332071	778402
332095	778443
332123	778470
332162	778494
332232	778529
332280	778556
332310	778565
332350	778565
332452	778578
332497	778588
332531	778598
332549	778606
332567	778616
332597	778639
332630	778668
332650	778688
332659	778699
332670	778719
332676	778733
332679	778748
332678	778767
332673	778784
332667	778795
332622	778845
332578	778922
332563	778959
332545	779020
332535	779063
332526	779135
332518	779224
332522	779268
332529	779303
332530	779326
332528	779335
332468	779397
332447	779427
332405	779511
332386	779543
332366	779588
332352	779628
332350	779648
332351	779660
332359	779689
332372	779718
332408	779775
332408	779775
332419	779805
332434	779860
332448	779910
332458	779949
332465	779977
332474	780011
332479	780036
332493	780077
332502	780112
332520	780180
332529	780209
332534	780227
332536	780242
332536	780242
332533	780246
332499	780302
332485	780331
332477	780365
332461	780449
332459	780492
332454	780538
332453	780573
332447	780622
332453	780715
332448	780809
332449	780959
332454	781051
332461	781294
332474	781375
332493	781449
332592	781621
332657	781703
332712	781765
332745	781820
332945	782119
333112	782362
333233	782498
333402	782750
333482	782874
333492	782908
333526	783054
333529	783082
333495	783247
333381	783726
333260	784323
333316	784379
333432	784360
333445	784477
333531	784567
333567	784816
333558	784860
333799	784826
333952	784879
334046	784910
334107	784848
334183	784906
334185	785000
334185	785000
334185	785000
334189	785068
334202	785136
334213	785184
334226	785213
334237	785248
334259	785332
334263	785364
334256	785423
334237	785469
334231	785548
334230	785667
334231	785712
334225	785767
334917	785965
334903	786056
335000	786093
335000	786093
335061	786117
335216	785985
335443	786147
335656	786241
335742	786377
335978	786355
336370	786291
336494	786474
336703	786586
336878	786576
336930	786674
337050	786690
337132	786675
337492	786999
337590	787011
337705	787310
337853	787120
338139	786963
338170	786897
338396	786805
338545	786763
338854	786629
339213	786804
339383	787054
339656	786758
339840	786771
340000	786760
340000	786760
340179	786748
340222	786747
340405	786747
340624	786775
340710	786789
340750	786797
340903	786850
340903	786925
341278	786902
341805	786682
341918	786643
342088	786581
342089	786582
342089	786582
342513	786752
342607	787269
342671	787349
343416	787183
343531	787158
343921	787174
344402	787528
344767	787545
344610	788198
344610	788198
344817	788349
345000	788364
345000	788364
345074	788371
345417	788643
345510	788668
345622	788703
345691	788728
345866	788757
346259	788632
346381	788620
346436	788565
346752	788259
346833	788162
346942	788024
347121	788019
347232	788022
347309	788026
347422	788029
347545	787923
347741	787850
347926	787472
347942	787344
348358	787140
348391	787152
348479	787177
348539	787181
348618	787188
348983	787255
349008	787277
349030	787301
349215	787490
349273	787523
349386	787582
349454	787621
349455	787596
349430	787307
349416	787165
349585	786886
349617	786836
349626	786814
349662	786710
349675	786676
349738	786543
349745	786521
349778	786345
349864	786222
349882	786166
349960	785937
350000	785939
350000	785939
350397	785955
350405	785950
350589	785879
350659	785845
350893	785725
350970	785704
351044	785699
351071	785694
351078	785691
351086	785687
351104	785672
351115	785661
351124	785648
351278	785513
351286	785510
351378	785497
351752	785434
352019	785393
352096	785408
352220	785435
352361	785382
352463	785337
352631	785409
352743	785465
352958	785575
353099	785651
353382	785700
353535	785676
353573	785655
353667	785577
353723	785502
353785	785424
353788	785421
353788	785421
353802	785409
353891	785343
353948	785297
354042	785215
354171	785109
354234	785052
354287	785000
354287	785000
354318	784970
354390	784845
354431	784760
354473	784683
354502	784636
354524	784592
354536	784574
354561	784540
354575	784524
354608	784496
354704	784398
354850	784413
354889	784427
354977	784471
355000	784481
355000	784481
355081	784381
355151	784229
355173	784199
355189	784175
355217	784104
355314	783900
355331	783853
355404	783629
355415	783531
355417	783507
355417	783460
355413	783396
355403	783322
355440	783239
355489	783144
355571	783000
355749	782708
355756	782693
355758	782682
355754	782508
355746	782397
355874	782068
355955	781900
355987	781849
356025	781810
356054	781788
356158	781740
356176	781734
356183	781729
356191	781722
356202	781704
356295	781577
356339	781558
356501	781621
356660	781694
356861	781685
357000	781540
357049	781477
357183	781431
357428	781342
357521	781278
357554	781249
357569	781232
357582	781214
357737	781040
357765	781013
357821	780979
357917	780926
357938	780828
357966	780811
358112	780754
358284	780627
358392	780416
358423	780362
358461	780304
358612	780098
358631	780042
358654	780000
358654	780000
358654	780000
358691	779919
358685	779902
358658	779865
358617	779787
358598	779759
358611	779713
358625	779674
358632	779641
358652	779582
358667	779542
358704	779456
358718	779401
358747	779328
358757	779311
358759	779301
358759	779289
358756	779277
358742	779244
358725	779169
358718	779153
358714	779127
358694	779062
358678	778998
358668	778978
358629	778926
358615	778892
358595	778855
358569	778819
358531	778761
358548	778724
358572	778686
358640	778570
358656	778496
358685	778393
358699	778314
358698	778293
358613	778022
358599	777964
358597	777941
358596	777650
358607	777609
358626	777569
358782	777688
358840	777710
358992	777743
359039	777763
359112	777787
359175	777813
359220	777829
359320	777881
359386	777854
359453	777824
359515	777788
359648	777731
359738	777705
359746	777696
359750	777666
359750	777666
359763	777620
359805	777403
359812	777345
359811	777313
359803	777262
359786	777124
359769	777032
359740	776832
359751	776793
359761	776751
359764	776720
359763	776691
359747	776483
359736	776374
359735	776218
359719	775976
359711	775890
359702	775724
359688	775650
359677	775546
359680	775498
359679	775458
359672	775408
359643	775341
359628	775300
359632	775252
359597	775000
359597	775000
359575	774835
359560	774744
359543	774603
359536	774579
359516	774536
359496	774501
359484	774473
359486	774451
359494	774432
359489	774413
359376	774355
359137	774343
359167	774224
359248	773879
359279	773762
359322	773586
359331	773561
359369	773401
359367	773380
359342	773336
359244	773268
359226	773262
359196	773246
359164	773223
359149	773193
359122	773084
359137	773016
359152	772971
359181	772949
359211	772934
359270	772877
359383	772831
359361	772780
359232	772649
359217	772631
359221	772622
359234	772579
359258	772548
359234	772553
359225	772532
359213	772534
359191	772515
359209	772494
359239	772434
359247	772424
359282	772394
359291	772381
359306	772352
359327	772304
359349	772263
359365	772230
359378	772207
359440	772110
359447	772098
359467	772051
359470	772042
359467	772013
359465	772000
359448	771957
359442	771939
359436	771902
359433	771867
359435	771832
359449	771727
359450	771707
359455	771697
359450	771682
359450	771664
359471	771621
359516	771546
359558	771495
359601	771454
359636	771417
359661	771385
359695	771351
359700	771345
359702	771339
359754	771290
359806	771234
359835	771209
359848	771194
359868	771182
359896	771154
359918	771128
359923	771119
359925	771114
359923	771088
359927	771070
359945	771028
359951	771000
359959	770984
359967	770971
359978	770960
359988	770946
359998	770917
360000	770915
360000	770915
360022	770890
360049	770849
360088	770802
360105	770771
360118	770744
360127	770730
360127	770730
360140	770712
360157	770673
360186	770635
360284	770484
360353	770353
360365	770313
360376	770269
360384	770214
360393	770109
360392	770053
360395	770003
360395	770000
360395	770000
360413	769822
360418	769746
360430	769650
360430	769570
360427	769515
360422	769483
360416	769454
360401	769406
360373	769340
360357	769312
360295	769224
360253	769153
360235	769112
360225	769071
360222	769040
360226	769005
360235	768973
360241	768958
360255	768941
360266	768931
360278	768923
360293	768917
360308	768913
360329	768912
360359	768918
360386	768930
360440	768972
360484	768995
360514	769014
360525	769019
360575	769036
360589	769042
360637	769077
360708	769123
360753	769141
360777	769144
360792	769143
360825	769133
360876	769110
360915	769088
360968	769055
360986	769045
361101	769000
361214	768958
361333	768923
361408	768898
361446	768875
361484	768846
361514	768820
361533	768797
361553	768766
361584	768688
361593	768657
361607	768597
361650	768434
361670	768372
361717	768241
361758	768058
361775	767965
361799	767838
361824	767748
361837	767710
361852	767674
361885	767611
361912	767563
361946	767515
362012	767428
362057	767378
362154	767287
362231	767211
362277	767159
362318	767116
362373	767046
362387	767023
362397	767000
362407	766938
362411	766880
362418	766825
362420	766772
362429	766709
362448	766624
362461	766550
362467	766488
362467	766488
362544	766424
362593	766385
362635	766364
362682	766348
362747	766334
362778	766328
362852	766275
362858	766266
362872	766246
362908	766225
362939	766206
363008	766158
363040	766135
363048	766132
363095	766147
363112	766153
363146	766158
363194	766157
363225	766158
363245	766162
363271	766172
363300	766182
363317	766184
363347	766179
363432	766165
363522	766150
363580	766143
363643	766131
363643	766131
363644	766132
363709	766256
363739	766302
363764	766336
363821	766390
363851	766413
363874	766427
363915	766448
363944	766459
363961	766463
363991	766466
364051	766463
364089	766454
364118	766443
364196	766408
364312	766365
364345	766348
364365	766333
364405	766298
364471	766256
364511	766235
364540	766225
364563	766218
364629	766206
364646	766204
364688	766203
364781	766204
364827	766200
364916	766202
364954	766205
365000	766213
365000	766213
365012	766215
365029	766216
365052	766216
365074	766212
365101	766203
365117	766196
365207	766145
365220	766140
365231	766139
365291	766141
365349	766149
365549	766203
365625	766217
365703	766235
365813	766259
365877	766274
365922	766287
365973	766300
365994	766301
366038	766297
366110	766284
366137	766274
366160	766259
366186	766243
366247	766198
366300	766165
366336	766139
366404	766080
366415	766070
366433	766046
366455	766006
366496	765943
366536	765898
366569	765876
366634	765842
366679	765812
366705	765790
366739	765753
366757	765731
366774	765715
366790	765706
366820	765695
366839	765689
366862	765685
366911	765684
366987	765690
367004	765693
367034	765702
367094	765727
367134	765740
367163	765752
367188	765765
367222	765787
367254	765815
367279	765832
367298	765843
367365	765877
367383	765889
367445	765937
367531	766014
367566	766039
367590	766053
367639	766075
367665	766089
367680	766093
367698	766092
367717	766086
367733	766079
367752	766067
367768	766056
367830	766000
367919	765923
367971	765883
368000	765865
368088	765818
368123	765796
368158	765772
368190	765745
368215	765716
368237	765695
368263	765658
368359	765528
368399	765466
368426	765409
368461	765344
368502	765247
368522	765192
368533	765144
368545	765106
368576	765029
368584	765014
368594	765000
368594	765000
368594	765000
368655	764939
368712	764905
368716	764904
368731	764904
368746	764907
368787	764924
368797	764927
368850	764917
368863	764913
368888	764902
368953	764865
368985	764854
369040	764841
369077	764830
369116	764814
369139	764800
369160	764784
369181	764764
369197	764742
369203	764729
369221	764679
369254	764617
369283	764552
369330	764465
369351	764432
369372	764393
369399	764368
369460	764321
369509	764290
369521	764284
369550	764275
369571	764264
369627	764226
369666	764192
369782	764116
370000	763967
370000	763967
370024	763954
370092	763921
370115	763912
370142	763905
370188	763898
370246	763880
370333	763859
370453	763844
370484	763837
370522	763825
370533	763820
370554	763807
370595	763772
370687	763707
370731	763666
370762	763630
370776	763609
370790	763584
370836	763509
370878	763434
370897	763382
370908	763327
370918	763277
370936	763137
370967	763000
370998	762910
371050	762778
371067	762732
371090	762689
371111	762657
371129	762634
371168	762593
371205	762543
371231	762518
371280	762483
371315	762456
371332	762447
371332	762447
371336	762418
371354	762294
371365	762214
371370	762180
371395	762059
371401	762040
371420	761977
371437	761925
371465	761896
371480	761875
371496	761838
371517	761808
371550	761762
371590	761720
371608	761703
371643	761677
371675	761661
371701	761648
371716	761634
371733	761608
371750	761593
371759	761585
371819	761572
371847	761558
371869	761555
371929	761556
371963	761561
371978	761567
372007	761582
372013	761587
372022	761605
372054	761626
372062	761635
372060	761643
372058	761651
372058	761655
372071	761679
372082	761704
372089	761724
372099	761737
372105	761744
372107	761760
372110	761771
372117	761777
372132	761786
372155	761810
372172	761822
372174	761828
372174	761834
372176	761840
372213	761870
372243	761901
372272	761943
372272	761943
372284	761952
372320	761990
372372	762053
372388	762077
372406	762111
372420	762135
372439	762158
372469	762189
372469	762189
372487	762242
372511	762281
372587	762391
372637	762454
372669	762495
372690	762526
372713	762550
372773	762605
372832	762656
372893	762717
372962	762785
372986	762808
373011	762833
373016	762844
373029	762879
373050	762905
373076	762923
373105	762931
373141	762934
373177	762934
373208	762923
373240	762915
373294	762905
373349	762901
373370	762897
373414	762873
373477	762843
373528	762816
373576	762794
373643	762761
373646	762756
373647	762750
373648	762720
373639	762699
373629	762688
373612	762672
373609	762665
373608	762657
373615	762627
373620	762593
373623	762578
373637	762551
373659	762509
373672	762482
373686	762456
373704	762428
373717	762419
373744	762410
373778	762400
373790	762391
373790	762391
373840	762378
373893	762357
373905	762350
373924	762324
373952	762284
373980	762237
374028	762166
374062	762108
374072	762095
374086	762073
374086	762073
374228	761992
374510	761700
376220	760933
378274	760024
379344	759543
379344	759543
379105	759427
378840	758841
378802	758726
378719	758553
378970	757616
379055	756651
378970	755686
378831	755167
378795	755031
378764	754916
378775	754874
378758	754815
378754	754747
378701	754336
378659	754171
378470	753398
378399	753243
378103	752501
377966	752220
377622	751728
377487	751536
377415	751423
376965	750719
376280	750033
376044	749868
376221	749208
376305	748242
376221	747277
376109	746859
375969	746341
375857	745923
375447	745045
375335	744884
375078	744332
374815	743950
374756	743866
374574	743476
374122	742831
374045	742669
373970	742511
373407	741719
373358	741534
373294	741397
373294	741397
372948	740656
372910	740593
372354	739799
372155	739600
372014	739270
371843	738951
371287	738157
370602	737472
370522	737413
370453	737365
370407	737319
370258	737214
370058	737015
369933	736927
369810	736804
369017	736249
368837	736150
368675	736064
367976	735753
367561	735681
367507	735641
367266	735507
367076	735340
366246	734926
366154	734725
366091	734611
366041	734521
365485	733727
364800	733042
364149	732572
364067	732521
363917	732434
363798	732315
363402	732037
363367	731988
362682	731303
362638	731269
362598	731229
362510	731151
362400	731078
362320	730998
361970	730753
361887	730671
361784	730598
361900	730330
362151	729394
362236	728429
362233	728395
362233	728395
361505	728514
360821	728613
359584	728746
358132	728904
357679	728917
357266	728917
356581	729043
355758	729182
354541	729311
353883	729394
353082	729536
352550	729665
351865	729784
351508	729830
350810	729846
349812	729830
348978	729830
347867	729800
346878	729744
346445	729757
345863	729889
345142	730041
344411	730055
343694	730005
342996	729916
342447	729810
342017	729651
341785	729493
341713	729374
341666	728984
341494	728613
341058	728091
340760	727846
340367	727649
340367	727649
339957	727616
339253	727557
338469	727504
337986	727504
336921	727524
336501	727490
335937	727383
335937	727383
335790	727819
335753	727889
335753	727889
335736	727935
335711	728019
335699	728055
335699	728055
335812	728091
335961	728126
336019	728138
336035	728147
336043	728172
336040	728194
336029	728200
335949	728209
335862	728226
335840	728242
335803	728278
335786	728324
335779	728381
335771	728560
335764	728609
335745	728657
335703	728706
335673	728724
335633	728732
335571	728728
335502	728704
335498	728713
335498	728713
335329	729210
335285	729337
335065	729999
335065	729999
335034	730066
335010	730110
334992	730164
334992	730164
334991	730177
334991	730187
334994	730204
334997	730220
335002	730229
335007	730240
335009	730250
335010	730257
335013	730268
335019	730277
335018	730282
335019	730287
335022	730297
335027	730316
335027	730323
335026	730330
335022	730335
335011	730349
335004	730354
334999	730357
334975	730364
334963	730370
334947	730380
334935	730388
334922	730403
334916	730409
334907	730414
334892	730421
334882	730425
334872	730432
334862	730441
334855	730445
334842	730451
334831	730451
334801	730449
334796	730450
334786	730454
334781	730454
334772	730452
334766	730453
334746	730459
334703	730470
334703	730470
334683	730474
334650	730487
334629	730497
334604	730506
334585	730514
334557	730526
334539	730533
334535	730533
334532	730531
334532	730531
334532	730530
334530	730522
334520	730481
334515	730461
334511	730445
334529	730441
334528	730425
334528	730425
334511	730357
334501	730315
334496	730295
334492	730276
334482	730238
334474	730205
334472	730202
334436	730192
334397	730180
334354	730169
334317	730158
334302	730155
334224	730133
334191	730123
334109	730100
334074	730091
334072	730092
334070	730094
334067	730103
334062	730117
334057	730126
334043	730149
334026	730178
334014	730198
334002	730219
333991	730238
333979	730259
333964	730283
333958	730293
333950	730304
333941	730315
333933	730325
333926	730342
333921	730353
333913	730367
333905	730379
333896	730389
333886	730403
333888	730406
333892	730409
333895	730411
333926	730428
333984	730459
333999	730468
334003	730475
334007	730505
334005	730522
334005	730522
333999	730542
333994	730561
333986	730600
333973	730657
333967	730684
333962	730708
333954	730748
333955	730750
333957	730751
333968	730755
334007	730768
334074	730790
334097	730798
334128	730808
334143	730813
334193	730829
334225	730840
334253	730850
334329	730875
334385	730892
334389	730894
334382	730907
334370	730929
334366	730937
334343	730978
334331	731000
334324	731015
334320	731028
334314	731028
334310	731031
334302	731036
334299	731036
334282	731022
334263	731012
334229	730995
334207	730985
334198	730982
334184	730981
334155	730982
334122	730984
334104	730986
334088	730991
334075	730995
334049	731011
334030	731022
334007	731039
333983	731057
333964	731072
333954	731082
333944	731093
333936	731104
333924	731125
333911	731152
333906	731163
333904	731166
333883	731162
333848	731157
333820	731153
333772	731146
333723	731140
333688	731134
333668	731130
333625	731124
333557	731114
333521	731109
333478	731103
333458	731099
333411	731092
333375	731087
333350	731082
333345	731080
333343	731073
333337	731070
333291	731054
333291	731054
333288	731065
333284	731071
333280	731072
333261	731063
333213	731043
333137	731013
333033	730971
333014	730967
333014	730967
333008	730987
332975	731067
332975	731067
332823	731106
332413	731131
332360	731134
332337	731133
332295	731124
332233	731118
332174	731108
332082	731095
332055	731103
331857	731127
331626	731126
331620	731148
331533	731177
331496	731183
331474	731183
331316	731154
331308	731157
331236	731170
331208	731180
331190	731183
331174	731184
331146	731182
331115	731176
331075	731280
331058	731280
330998	731541
330991	731558
330989	731570
330890	731906
330942	731912
331001	731912
331141	731901
331285	731893
331298	731891
331293	731920
331305	731925
331316	731932
331304	731947
331293	731944
331289	731953
331288	731953
331270	732000
331197	732174
331186	732196
331167	732212
331162	732215
331130	732207
331125	732209
331118	732214
331086	732214
331058	732227
331012	732233
330998	732239
330980	732262
330975	732265
330958	732255
330949	732253
330941	732253
330770	732282
330697	732293
330682	732293
330666	732291
330648	732290
330578	732318
330567	732321
330533	732323
330505	732331
330488	732331
330481	732329
330457	732328
330458	732378
330498	732378
330496	732414
330490	732469
330180	732500
330181	732492
330000	732511
330000	732511
329659	732546
329631	732663
329631	732669
329653	732738
329707	732850
329745	732986
329746	732990
329738	732990
329771	733413
329771	733413
329782	733413
329790	733408
329794	733406
329800	733405
329818	733405
329828	733408
329845	733412
329859	733413
329882	733412
329903	733410
329922	733407
329934	733404
329944	733402
329955	733401
329964	733399
329969	733398
329975	733397
329978	733395
329982	733390
329984	733389
329987	733390
329990	733392
329992	733394
329997	733392
330000	733389
330004	733388
330016	733389
330028	733392
330046	733393
330056	733394
330063	733397
330091	733398
330118	733399
330124	733398
330136	733393
330146	733391
330154	733390
330159	733387
330170	733385
330184	733383
330197	733380
330214	733374
330236	733368
330252	733364
330273	733359
330280	733358
330283	733356
330290	733351
330297	733348
330305	733348
330311	733350
330323	733348
330340	733344
330357	733340
330368	733337
330379	733336
330396	733330
330410	733326
330422	733319
330436	733312
330454	733304
330466	733298
330479	733291
330495	733282
330510	733274
330530	733261
330544	733253
330551	733252
330558	733249
330560	733246
330571	733232
330579	733226
330587	733222
330593	733216
330598	733208
330603	733200
330609	733179
330611	733162
330613	733143
330613	733131
330616	733122
330621	733118
330633	733114
330657	733109
330691	733102
330719	733096
330743	733092
330752	733093
330760	733093
330798	733078
330805	733074
330810	733070
330823	733053
330834	733039
330840	733035
330848	733033
330867	733027
330885	733023
330900	733022
330909	733021
330926	733014
330933	733009
330937	733002
330946	732983
330955	732956
330964	732941
330970	732931
330978	732921
330987	732913
330994	732911
331000	732909
331011	732910
331019	732908
331027	732901
331042	732881
331042	732881
331051	732868
331064	732853
331073	732844
331081	732836
331083	732831
331086	732824
331086	732805
331089	732797
331095	732789
331097	732782
331096	732768
331100	732760
331109	732751
331119	732742
331126	732732
331131	732728
331139	732720
331147	732717
331171	732710
331181	732705
331187	732701
331193	732693
331194	732687
331194	732677
331194	732672
331199	732662
331204	732653
331211	732648
331216	732646
331233	732644
331243	732639
331250	732632
331256	732626
331264	732619
331268	732615
331273	732608
331281	732601
331295	732591
331305	732581
331312	732573
331321	732558
331325	732552
331331	732549
331343	732543
331361	732535
331370	732531
331374	732527
331379	732521
331381	732516
331384	732515
331394	732515
331401	732513
331409	732507
331412	732503
331414	732497
331421	732476
331431	732464
331431	732464
331439	732458
331446	732456
331464	732455
331475	732451
331482	732448
331485	732444
331487	732429
331488	732410
331490	732398
331497	732379
331503	732371
331510	732366
331520	732359
331529	732348
331538	732334
331546	732323
331553	732316
331562	732311
331577	732307
331609	732309
331618	732305
331628	732297
331639	732285
331650	732269
331660	732259
331672	732249
331692	732236
331698	732231
331717	732198
331727	732178
331735	732163
331741	732150
331751	732134
331761	732117
331769	732102
331775	732087
331782	732077
331786	732071
331790	732060
331798	732052
331804	732040
331812	732024
331819	732014
331828	731988
331848	731949
331873	731908
331885	731886
331896	731870
331905	731852
331920	731828
331920	731828
331936	731809
331963	731782
331994	731751
332011	731736
332033	731713
332048	731698
332059	731690
332063	731686
332069	731674
332155	731690
332241	731708
332314	731722
332345	731728
332376	731734
332377	731736
332376	731751
332398	731755
332449	731765
332516	731778
332579	731791
332662	731806
332694	731808
332699	731806
332726	731810
332753	731818
332817	731841
332886	731865
332899	731870
332889	731886
332872	731913
332834	731971
332820	731993
332813	732007
332801	732043
332790	732081
332788	732092
332792	732134
332797	732177
332801	732233
332807	732269
332814	732315
332817	732338
332817	732354
332813	732370
332805	732396
332794	732436
332788	732459
332784	732474
332784	732492
332782	732508
332782	732508
332784	732511
332789	732523
332787	732582
332797	732622
332800	732630
332808	732635
332822	732636
332837	732634
332856	732627
332862	732627
332873	732629
332890	732637
332903	732650
332953	732722
332966	732739
332982	732753
332982	732753
333002	732764
333040	732778
333067	732792
333101	732826
333154	732878
333186	732901
333180	732935
333175	732970
333171	732995
333166	733030
333164	733049
333157	733093
333151	733131
333142	733189
333139	733212
333137	733249
333135	733291
333131	733336
333129	733376
333126	733434
333124	733460
333122	733505
333121	733527
333117	733542
333106	733578
333106	733587
333095	733624
333074	733693
333052	733766
333042	733790
333023	733841
333010	733862
332988	733893
332943	733954
332916	733992
332896	734028
332882	734061
332866	734099
332859	734123
332845	734178
332835	734226
332828	734293
332820	734334
332804	734402
332791	734460
332761	734584
332761	734584
332752	734602
332743	734606
332741	734609
332734	734639
332722	734670
332715	734686
332701	734720
332697	734732
332694	734743
332689	734767
332685	734789
332684	734818
332684	734847
332683	734870
332682	734900
332681	734931
332679	734971
332680	735013
332682	735046
332684	735079
332685	735097
332687	735131
332689	735163
332693	735182
332695	735194
332699	735209
332699	735223
332698	735238
332700	735251
332703	735265
332704	735279
332707	735299
332708	735309
332710	735312
332724	735318
332725	735320
332726	735324
332725	735328
332721	735329
332708	735333
332702	735336
332692	735338
332676	735340
332639	735340
332609	735340
332597	735340
332589	735341
332583	735347
332576	735351
332571	735353
332567	735353
332552	735351
332541	735348
332515	735342
332493	735337
332475	735333
332456	735328
332440	735324
332413	735318
332387	735313
332363	735307
332346	735304
332331	735300
332308	735295
332287	735290
332262	735285
332242	735280
332207	735272
332185	735268
332163	735262
332154	735261
332147	735261
332124	735264
332094	735268
332094	735268
332064	735271
332031	735276
332006	735279
331992	735280
331970	735283
331951	735286
331935	735289
331919	735292
331904	735295
331893	735300
331874	735307
331859	735313
331847	735318
331833	735324
331815	735332
331802	735340
331786	735347
331771	735353
331758	735358
331740	735366
331715	735377
331697	735385
331687	735390
331669	735398
331654	735404
331640	735411
331629	735415
331615	735417
331613	735417
331611	735409
331607	735389
331604	735376
331600	735361
331594	735336
331587	735305
331580	735280
331573	735249
331573	735249
331568	735229
331564	735214
331558	735188
331553	735166
331550	735153
331542	735123
331535	735092
331531	735075
331527	735062
331523	735043
331520	735034
331519	735033
331496	735044
331471	735055
331442	735068
331417	735079
331389	735091
331387	735092
331380	735076
331378	735074
331363	735075
331347	735077
331327	735079
331310	735082
331294	735084
331272	735088
331259	735089
331243	735090
331228	735090
331214	735093
331196	735095
331172	735098
331153	735102
331144	735103
331133	735105
331117	735107
331102	735109
331087	735111
331071	735113
331056	735116
331040	735117
331030	735119
331015	735121
331009	735122
330971	735128
330942	735132
330920	735135
330887	735139
330852	735144
330833	735147
330813	735150
330794	735153
330760	735157
330738	735160
330724	735162
330698	735165
330679	735167
330636	735173
330617	735177
330601	735179
330587	735181
330569	735183
330554	735185
330536	735187
330513	735190
330495	735193
330476	735195
330460	735198
330441	735201
330430	735202
330413	735204
330397	735206
330347	735215
330317	735220
330287	735228
330258	735234
330222	735243
330190	735250
330180	735252
330097	735271
330069	735277
330056	735280
330009	735291
329968	735301
329890	735318
329816	735335
329684	735364
329676	735366
329670	735355
329663	735341
329653	735321
329646	735308
329633	735283
329626	735268
329609	735236
329601	735221
329595	735209
329595	735209
329582	735183
329564	735152
329547	735120
329523	735076
329502	735039
329485	735007
329469	734977
329458	734957
329436	734918
329424	734897
329413	734876
329391	734834
329391	734834
329380	734836
329359	734840
329344	734843
329327	734846
329312	734850
329298	734853
329278	734857
329252	734862
329224	734868
329194	734873
329175	734878
329145	734883
329125	734888
329075	734897
329047	734902
329014	734907
328996	734910
328978	734914
328960	734917
328945	734920
328919	734924
328892	734929
328861	734934
328842	734937
328833	734937
328813	734936
328801	734936
328795	734934
328785	734928
328773	734922
328762	734921
328749	734919
328737	734917
328729	734915
328725	734912
328715	734903
328706	734895
328697	734889
328691	734886
328680	734881
328671	734880
328666	734880
328651	734883
328640	734886
328630	734887
328618	734887
328609	734887
328596	734886
328584	734886
328568	734886
328556	734889
328552	734891
328546	734894
328533	734904
328526	734911
328519	734918
328516	734922
328510	734923
328486	734925
328471	734926
328445	734930
328411	734935
328388	734938
328365	734943
328338	734947
328313	734952
328304	734954
328300	734957
328289	734961
328267	734969
328249	734976
328233	734983
328217	734988
328180	735003
328133	735022
328101	735035
328083	735041
328068	735052
328046	735066
328015	735087
327999	735098
327966	735119
327929	735144
327897	735166
327885	735174
327858	735191
327841	735203
327821	735215
327810	735223
327804	735226
327773	735233
327741	735239
327716	735244
327684	735251
327653	735257
327637	735260
327604	735267
327567	735274
327529	735281
327502	735286
327478	735291
327446	735297
327427	735301
327407	735305
327390	735311
327365	735321
327343	735329
327316	735342
327289	735355
327263	735368
327246	735377
327219	735391
327210	735396
327199	735404
327185	735414
327174	735422
327165	735429
327151	735440
327142	735447
327133	735453
327128	735458
327124	735464
327122	735467
327121	735471
327121	735474
327121	735474
327112	735489
327106	735511
327105	735515
327106	735519
327109	735532
327110	735541
327114	735556
327119	735584
327125	735617
327129	735632
327130	735640
327130	735640
327129	735640
326983	735630
326924	735627
326906	735624
326855	735603
326641	735469
326641	735469
326631	735464
326609	735541
326597	735571
326578	735607
326567	735622
326535	735654
326332	735556
326239	735509
326224	735499
326109	735439
326062	735707
326048	735713
326014	735721
325757	735766
325686	735781
325680	735785
325656	735807
325627	735816
325625	735820
325619	735826
325617	735826
325613	735821
325609	735821
325607	735826
325609	735829
325598	735836
325593	735836
325587	735834
325581	735838
325570	735834
325563	735843
325558	735845
325554	735843
325553	735833
325552	735832
325547	735832
325530	735851
325519	735851
325508	735859
325503	735860
325499	735856
325493	735858
325481	735865
325446	735868
325434	735875
325417	735878
325408	735882
325398	735883
325391	735885
325384	735891
325376	735895
325366	735892
325363	735895
325361	735906
325356	735909
325351	735909
325347	735902
325343	735902
325322	735912
325300	735916
325276	735924
325267	735931
325250	735939
325241	735942
325224	735942
325210	735945
325192	735960
325188	735969
325189	735976
325189	735979
325178	735978
325166	735987
325163	735987
325158	735995
325150	736004
325148	736009
325149	736021
325147	736026
325146	736028
325143	736025
325139	736024
325134	736028
325131	736043
325123	736054
325112	736078
325107	736084
325105	736096
325094	736118
325087	736122
325076	736120
325073	736128
325066	736138
325061	736149
325057	736152
325043	736160
325035	736173
325030	736175
325026	736170
325021	736171
325008	736178
325004	736178
325000	736177
325000	736177
324974	736169
324969	736170
324957	736177
324946	736180
324934	736188
324923	736203
324921	736210
324924	736211
324926	736213
324925	736218
324914	736228
324877	736252
324866	736256
324856	736268
324845	736276
324836	736279
324815	736280
324801	736286
324788	736288
324785	736289
324776	736302
324759	736303
324750	736310
324735	736315
324727	736315
324719	736313
324697	736298
324692	736298
324333	736407
324326	736392
324332	736375
324332	736366
324331	736356
324325	736347
324314	736336
324311	736329
324315	736315
324329	736275
324348	736240
324435	736090
324431	735996
324418	735952
324415	735931
324417	735926
324423	735916
324448	735892
324452	735884
324450	735867
324443	735829
324444	735818
324441	735809
324441	735802
324448	735781
324443	735756
324443	735756
324440	735747
324440	735740
324446	735730
324446	735727
324447	735693
324459	735670
324461	735664
324460	735654
324466	735643
324467	735636
324466	735629
324454	735598
324452	735578
324471	735542
324472	735536
324469	735523
324470	735519
324475	735513
324490	735500
324505	735491
324509	735487
324517	735469
324517	735456
324519	735452
324521	735451
324530	735452
324536	735451
324534	735445
324527	735435
324522	735418
324506	735378
324505	735370
324510	735347
324519	735328
324519	735318
324526	735306
324523	735297
324530	735220
324530	735220
324523	735223
324476	735247
324421	735198
324302	735084
324314	735049
324306	735000
324306	735000
324306	735000
324294	734981
324277	734949
324272	734937
324265	734904
324171	734924
324175	734904
324173	734890
324167	734874
324169	734850
324166	734832
324154	734800
324151	734786
324147	734779
324135	734746
324135	734738
324127	734723
324109	734672
324073	734653
324016	734544
324004	734532
324000	734526
323993	734516
323976	734479
323966	734472
323963	734468
323956	734445
323942	734424
323936	734406
323935	734392
323932	734385
323930	734386
323927	734379
323914	734284
323834	734243
323758	734209
323665	734171
323636	734167
323619	734096
323468	734039
323365	734040
323305	734037
323289	734000
323289	734000
323283	734021
323273	734050
323265	734068
323256	734082
323245	734092
323225	734113
323199	734133
323178	734157
323154	734190
323135	734220
323121	734242
323099	734282
323080	734310
323061	734331
323037	734353
322990	734390
322962	734410
322906	734451
322845	734493
322751	734563
322717	734588
322665	734623
322622	734656
322576	734689
322527	734725
322489	734756
322447	734790
322423	734811
322395	734837
322371	734860
322336	734889
322292	734925
322254	734957
322218	734988
322201	735000
322201	735000
322171	735031
322134	735067
322089	735111
322058	735142
322036	735163
322006	735186
321965	735219
321936	735244
321890	735281
321846	735316
321805	735350
321762	735386
321725	735416
321676	735456
321625	735497
321596	735520
321573	735541
321568	735540
321558	735532
321554	735535
321536	735584
321525	735614
321510	735653
321495	735689
321487	735709
321485	735726
321473	735750
321460	735777
321434	735828
321407	735878
321399	735894
321399	735900
321401	735905
321418	735913
321487	735940
321531	735957
321558	735969
321566	735977
321578	735991
321579	736000
321573	736043
321569	736078
321563	736094
321556	736105
321549	736125
321538	736150
321538	736165
321535	736178
321541	736187
321559	736200
321582	736211
321586	736218
321587	736231
321592	736237
321600	736247
321602	736255
321601	736264
321607	736285
321607	736297
321603	736304
321598	736309
321590	736315
321589	736321
321596	736332
321611	736344
321637	736363
321663	736378
321676	736391
321688	736407
321699	736422
321707	736437
321717	736457
321728	736476
321745	736497
321757	736514
321772	736539
321793	736570
321814	736602
321839	736638
321854	736664
321874	736690
321893	736720
321906	736740
321932	736774
321953	736804
321984	736847
321998	736864
322038	736896
322060	736912
322103	736947
322130	736967
322130	736967
322131	736981
322080	737025
322064	737038
322039	737057
322005	737086
321991	737097
321982	737091
321967	737085
321967	737085
321940	737103
321897	737136
321865	737159
321840	737178
321813	737199
321778	737226
321748	737249
321731	737262
321703	737284
321666	737312
321659	737308
321638	737305
321622	737307
321584	737325
321540	737345
321493	737367
321459	737382
321455	737384
321446	737376
321427	737355
321420	737357
321406	737362
321339	737393
321305	737408
321246	737435
321186	737463
321169	737470
321152	737466
321127	737459
321093	737450
321083	737453
321065	737476
321025	737531
320993	737576
320970	737609
320956	737630
320935	737676
320919	737708
320898	737752
320890	737778
320878	737830
320878	737830
320885	737831
320891	737837
320898	737843
320907	737857
320975	737986
320982	737990
320990	737988
321098	737937
321137	737922
321168	737916
321232	737909
321275	737903
321305	737910
321325	737922
321369	737955
321408	737984
321462	738004
321548	738030
321607	738000
321625	738010
321701	737996
321783	737977
321890	737958
321898	738026
321979	738043
322019	738088
322064	738144
322141	738237
322207	738262
322209	738254
322209	738254
322299	738286
322299	738286
322298	738288
322281	738312
322316	738328
322377	738348
322441	738374
322458	738382
322468	738387
322474	738395
322491	738416
322509	738434
322528	738459
322534	738459
322544	738458
322551	738459
322556	738460
322557	738471
322557	738480
322564	738480
322571	738480
322580	738492
322587	738510
322593	738518
322600	738521
322601	738527
322600	738531
322602	738535
322606	738544
322615	738555
322625	738565
322645	738574
322660	738587
322671	738604
322680	738606
322686	738613
322688	738617
322692	738633
322705	738641
322712	738646
322714	738653
322721	738664
322725	738677
322723	738687
322724	738691
322727	738694
322731	738694
322737	738697
322738	738711
322752	738726
322759	738732
322767	738729
322772	738731
322772	738741
322769	738744
322762	738753
322769	738762
322771	738768
322775	738770
322782	738773
322786	738779
322788	738793
322787	738802
322785	738816
322778	738849
322776	738861
322777	738866
322779	738874
322781	738884
322778	738897
322769	738899
322758	738899
322754	738902
322754	738909
322753	738917
322751	738924
322741	738927
322729	738927
322725	738931
322723	738940
322722	738947
322722	738957
322730	738972
322722	738974
322712	738980
322708	738983
322706	738988
322704	738996
322704	739006
322708	739016
322717	739024
322723	739027
322746	739042
322748	739050
322742	739056
322735	739062
322730	739080
322721	739091
322712	739099
322694	739112
322679	739119
322669	739122
322656	739127
322656	739139
322661	739152
322663	739186
322670	739224
322670	739234
322678	739254
322687	739266
322705	739292
322707	739299
322706	739306
322699	739315
322684	739326
322680	739336
322691	739358
322691	739358
322706	739386
322711	739393
322746	739414
322756	739421
322764	739430
322772	739452
322776	739459
322788	739472
322791	739482
322791	739502
322790	739535
322792	739572
322791	739603
322790	739617
322789	739645
322786	739668
322779	739701
322775	739712
322761	739731
322755	739743
322752	739756
322752	739764
322752	739764
322748	739763
322715	739748
322669	739726
322623	739705
322586	739688
322582	739685
322579	739682
322574	739672
322568	739666
322559	739659
322541	739649
322499	739626
322459	739605
322441	739597
322395	739576
322375	739567
322350	739559
322323	739549
322306	739542
322282	739530
322264	739521
322261	739519
322259	739520
322254	739531
322241	739556
322233	739572
322231	739574
322225	739573
322202	739568
322182	739566
322156	739561
322149	739559
322143	739560
322141	739561
322133	739580
322125	739610
322125	739630
322133	739655
322133	739655
322111	739684
322097	739702
322109	739712
322129	739726
322137	739728
322145	739735
322139	739749
322131	739763
322121	739776
322096	739799
322076	739821
322066	739835
322066	739835
322097	739863
322181	739931
322228	739966
322309	740024
322460	740113
322534	740157
322534	740162
322531	740168
322517	740192
322510	740203
322509	740218
322511	740243
322514	740256
322520	740264
322530	740271
322545	740277
322559	740285
322585	740305
322606	740322
322638	740346
322667	740369
322692	740380
322723	740397
322755	740411
322784	740422
322810	740432
322853	740449
322854	740452
322846	740475
322848	740478
322853	740480
322889	740485
322981	740500
323059	740511
323109	740524
323231	740562
323337	740596
323337	740596
323407	740616
323414	740614
323423	740604
323449	740575
323494	740537
323567	740486
323598	740456
323641	740410
323677	740376
323679	740376
323694	740382
323715	740386
323729	740390
323752	740394
323766	740399
323804	740421
323845	740443
323859	740449
323873	740462
323912	740502
323934	740533
323964	740581
323984	740615
323999	740641
324021	740671
324052	740709
324077	740741
324085	740752
324118	740802
324146	740847
324170	740883
324193	740920
324234	740976
324249	740995
324257	741000
324266	741006
324289	741039
324326	741083
324352	741120
324378	741148
324434	741198
324494	741250
324529	741280
324597	741337
324665	741395
324715	741435
324762	741469
324788	741490
324801	741502
324825	741511
324874	741534
324948	741571
324986	741590
325000	741596
325000	741596
325033	741606
325111	741629
325134	741637
325143	741643
325157	741650
325175	741656
325226	741673
325302	741700
325339	741719
325419	741762
325453	741778
325497	741800
325515	741811
325563	741847
325598	741876
325648	741919
325684	741948
325684	741952
325682	741957
325683	741960
325715	741987
325778	742038
325830	742083
325873	742123
325958	742198
326025	742257
326035	742265
326040	742266
326044	742264
326048	742257
326094	742194
326171	742091
326197	742055
326293	741922
326338	741861
326366	741823
326419	741750
326537	741587
326633	741449
326657	741424
326660	741425
326667	741429
326688	741445
326806	741547
326947	741668
326947	741668
327019	741734
327021	741734
327169	741863
327174	741871
327226	741923
327361	742076
327505	742135
327555	742154
327618	742174
327620	742179
327615	742204
327616	742206
327702	742229
327875	742285
328051	742354
328371	742484
328379	742488
328475	742563
328481	742552
328503	742527
328574	742561
328668	742613
328691	742629
328721	742655
328787	742717
328787	742717
328822	742750
328834	742763
328840	742773
328854	742778
328966	742839
329057	742919
329064	742920
329069	742930
329151	743000
329254	743085
329312	743089
329316	743083
329320	743081
329354	743080
329354	743082
329455	743083
329480	743087
329497	743092
329527	743105
329611	743148
329673	743177
329717	743202
329765	743218
329770	743222
329781	743233
329787	743236
329886	743269
329933	743294
329948	743299
329966	743301
330000	743292
330000	743292
330016	743287
330047	743281
330054	743285
330068	743297
330081	743303
330096	743303
330116	743300
330134	743301
330154	743306
330190	743318
330197	743322
330203	743329
330203	743400
330202	743420
330315	743469
330355	743488
330378	743501
330415	743528
330516	743589
330694	743791
330729	743828
330801	743897
330817	743911
330949	744007
330961	744020
331061	744093
331069	744102
331097	744120
331110	744122
331118	744130
331310	744408
331461	744631
331528	744724
331535	744739
331525	744749
331480	744807
331477	744814
331479	744821
331624	745000
331624	745000
331750	745155
331804	745218
332174	745419
332235	745446
332454	745558
332490	745579
332681	745698
332614	745909
332604	745934
332557	746096
332549	746091
332547	746096
332547	746107
332559	746135
332561	746145
332561	746243
332557	746295
332478	746513
332472	746524
332463	746536
332437	746557
332300	746644
332249	746710
332723	746991
333311	747342
333129	747762
333118	747778
333100	747791
333092	747793
333077	747791
332993	747758
332969	747756
332941	747748
332923	747739
332910	747728
332904	747721
332900	747711
332900	747707
332902	747703
332908	747697
332936	747686
332951	747677
332957	747670
332959	747661
332955	747648
332948	747639
332936	747629
332919	747620
332884	747616
332846	747602
332832	747602
332785	747616
332748	747620
332680	747633
332640	747648
332607	747657
332587	747662
332578	747662
332541	747656
332527	747648
332521	747640
332519	747635
332521	747621
332528	747602
332535	747589
332552	747576
332593	747559
332597	747555
332603	747546
332603	747539
332591	747498
332585	747489
332573	747480
332567	747478
332557	747478
332545	747480
332505	747490
332487	747488
332457	747476
332421	747467
332391	747453
332344	747425
332323	747417
332305	747416
332274	747420
332260	747419
332250	747416
332228	747401
332212	747384
332182	747369
332173	747372
332145	747373
332129	747378
332110	747379
332089	747385
332066	747385
332059	747387
332049	747391
332041	747398
332031	747415
332026	747421
331993	747443
331968	747454
331962	747455
331956	747453
331951	747450
331951	747443
331954	747433
331958	747426
331969	747418
331988	747409
332012	747390
332028	747383
332036	747377
332045	747365
332054	747356
332067	747347
332077	747338
332082	747324
332048	747311
332015	747302
331969	747273
331944	747261
331928	747255
331921	747254
331912	747257
331889	747272
331874	747299
331867	747309
331847	747330
331826	747346
331815	747352
331805	747354
331796	747352
331791	747348
331783	747340
331741	747276
331733	747254
331731	747237
331734	747227
331741	747220
331764	747216
331773	747211
331782	747200
331788	747187
331789	747177
331782	747093
331783	747067
331789	747033
331788	747015
331784	746995
331773	746978
331762	746974
331753	746975
331683	747025
331667	747031
331653	747029
331604	747018
331582	747011
331556	746999
331544	746988
331535	746968
331528	746944
331519	746885
331515	746869
331501	746849
331480	746829
331451	746797
331436	746776
331426	746758
331419	746731
331419	746708
331418	746693
331414	746680
331409	746673
331400	746670
331393	746669
331380	746674
331330	746738
331321	746746
331310	746749
331263	746756
331250	746756
331240	746754
331233	746748
331220	746731
331197	746694
331177	746666
331166	746646
331154	746632
331138	746616
331105	746597
331088	746582
331041	746538
331024	746515
331000	746489
330986	746470
330976	746450
330972	746432
330970	746396
330963	746385
330953	746380
330933	746382
330905	746408
330893	746416
330878	746421
330868	746421
330860	746418
330851	746414
330839	746405
330777	746338
330745	746290
330727	746257
330705	746235
330693	746215
330692	746210
330697	746191
330697	746174
330702	746156
330707	746147
330732	746120
330739	746109
330744	746096
330743	746091
330740	746084
330735	746080
330728	746078
330699	746076
330684	746080
330659	746090
330630	746093
330598	746102
330594	746103
330590	746101
330589	746088
330595	746072
330599	746063
330607	746054
330618	746022
330623	746012
330640	746000
330663	745991
330684	745991
330699	745999
330703	745998
330707	745994
330707	745985
330705	745979
330699	745974
330688	745968
330668	745964
330659	745966
330645	745974
330638	745975
330626	745974
330610	745968
330591	745952
330582	745951
330578	745955
330577	745962
330584	745991
330584	745998
330583	746005
330579	746021
330572	746039
330563	746054
330559	746058
330546	746065
330533	746068
330527	746067
330504	746056
330487	746056
330466	746065
330449	746079
330442	746082
330416	746089
330403	746087
330389	746078
330381	746068
330377	746060
330377	746056
330384	746042
330387	746027
330385	746010
330377	745971
330348	745915
330316	745873
330311	745856
330310	745837
330311	745830
330328	745799
330342	745779
330344	745770
330344	745760
330338	745749
330314	745728
330289	745695
330283	745689
330274	745684
330259	745681
330218	745684
330170	745693
330153	745692
330130	745688
330116	745683
330104	745675
330098	745668
330087	745649
330069	745636
330039	745626
330000	745614
330000	745614
329976	745608
329952	745608
329887	745629
329848	745636
329827	745636
329798	745633
329786	745630
329772	745622
329765	745616
329761	745609
329759	745601
329760	745592
329764	745581
329769	745574
329786	745564
329800	745560
329843	745557
329925	745567
329941	745564
329951	745557
329952	745550
329946	745520
329935	745492
329921	745477
329873	745444
329847	745436
329834	745435
329822	745437
329757	745467
329738	745478
329723	745490
329687	745528
329671	745547
329617	745595
329595	745620
329587	745633
329580	745649
329566	745696
329554	745727
329544	745743
329534	745751
329517	745759
329479	745767
329461	745770
329425	745770
329406	745773
329378	745787
329325	745820
329305	745829
329277	745833
329245	745832
329195	745836
329167	745833
329123	745820
329070	745781
329055	745774
329043	745772
329036	745773
329030	745775
329020	745781
329004	745792
328948	745815
328862	745863
328845	745870
328818	745876
328781	745877
328761	745874
328652	745835
328585	745833
328547	745828
328515	745828
328515	745828
328506	745869
328528	745878
328550	745889
328565	745899
328578	745910
328587	745920
328595	745933
328600	745944
328606	745964
328513	746074
328541	746122
328573	746166
328596	746197
328635	746239
328680	746271
328734	746296
328749	746306
328743	746337
328742	746349
328747	746412
328752	746437
328765	746475
328817	746558
328855	746586
328908	746632
328924	746642
329007	746654
329099	746650
329107	746652
329148	746670
329154	746676
329200	746791
329207	746805
329214	746818
329254	746879
329325	746867
329512	746839
329457	747141
329329	747486
329317	747497
329299	747520
329232	747529
329224	747532
329180	747558
329166	747574
329151	747606
329125	747710
329114	747746
329080	747817
329062	747882
328856	748086
328703	748039
328408	747953
328370	747934
328253	747958
328045	747935
327965	747904
327793	747820
327741	747781
327703	747751
327679	747736
327633	747721
327620	747722
327400	747880
327337	747924
327331	747925
327323	747932
327217	748099
327211	748106
327098	748304
327000	748424
327302	748496
327350	748509
327453	748550
327636	748594
327866	748641
327963	748663
328041	748724
328043	748722
328227	748867
328210	748903
328201	748918
328127	749000
328082	749055
328062	749073
328046	749085
328045	749094
328052	749109
328062	749143
328143	749154
328133	749156
328124	749161
328079	749215
328047	749241
328030	749250
328011	749257
327916	749278
327885	749289
327870	749300
327859	749310
327848	749326
327844	749337
327832	749374
327828	749412
327827	749441
327838	749561
327828	749631
327832	749649
327841	749675
327853	749690
327861	749699
327899	749716
327910	749731
327914	749746
327915	749770
327909	749795
327902	749810
327893	749824
327869	749842
327815	749869
327810	749876
327806	749891
327809	749907
327817	749918
327831	749929
327847	749938
327868	749945
327898	749946
327994	749940
328037	749934
328100	749929
328158	749929
328189	749933
328229	749944
328261	749950
328381	749966
328424	749973
328470	749984
328550	749995
328583	749996
328655	749993
328694	750000
328694	750000
328695	750000
328720	750006
328770	750021
328844	750048
328881	750056
328918	750059
329044	750059
329070	750061
329155	750070
329199	750079
329242	750093
329264	750102
329312	750135
329330	750151
329340	750161
329353	750180
329383	750241
329396	750270
329404	750293
329422	750325
329481	750441
329502	750471
329528	750540
329543	750583
329566	750631
329606	750691
329638	750746
329651	750781
329656	750812
329658	750834
329653	750880
329652	750914
329651	751000
329652	751066
329623	751161
329610	751196
329583	751253
329576	751278
329573	751300
329571	751326
329577	751422
329576	751438
329569	751483
329557	751525
329548	751548
329509	751609
329478	751661
329471	751675
329469	751684
329470	751702
329476	751716
329492	751735
329518	751758
329531	751771
329537	751784
329537	751800
329534	751809
329513	751844
329500	751859
329473	751883
329464	751888
329413	751908
329388	751922
329268	752004
329248	752020
329198	752084
329170	752125
329154	752161
329149	752178
329147	752201
329147	752201
329134	752196
329124	752189
329120	752182
329107	752154
329085	752142
329078	752141
329070	752146
329038	752173
329025	752182
329012	752196
328998	752202
328987	752204
328969	752199
328930	752179
328904	752161
328872	752134
328862	752130
328851	752129
328840	752133
328830	752152
328822	752151
328819	752158
328811	752166
328795	752172
328787	752171
328781	752168
328764	752156
328735	752163
328727	752164
328721	752163
328715	752159
328701	752141
328685	752133
328672	752130
328623	752136
328609	752142
328588	752161
328547	752162
328493	752160
328481	752159
328473	752155
328394	752166
328383	752165
328376	752161
328372	752157
328358	752119
328350	752112
328224	752051
328218	752049
328212	752051
328203	752039
328199	752028
328195	752007
328196	751981
328206	751916
328204	751908
328197	751902
328070	751833
328051	751812
328024	751775
328010	751751
328002	751748
327796	751735
327784	751735
327767	751738
327755	751735
327722	751731
327711	751735
327702	751734
327678	751731
327668	751723
327661	751721
327650	751726
327639	751736
327631	751741
327562	751779
327552	751787
327522	751823
327512	751834
327497	751855
327474	751881
327462	751903
327444	751923
327424	751934
327392	751936
327388	751973
327379	751995
327374	752001
327371	752017
327366	752025
327359	752026
327341	752023
327308	752039
327263	752043
327230	752047
327211	752047
327179	752054
327155	752046
327142	752043
327117	752043
327059	752048
327054	752041
326887	752061
326877	752064
326850	752066
326631	752071
326567	752075
326461	752079
326216	752084
326214	752086
326186	752089
325891	752143
325747	752167
325732	752171
325081	752509
325000	752531
325000	752531
324994	752532
324984	752522
324937	752462
324717	752529
324664	752540
324575	752574
324547	752588
324536	752597
324523	752605
324499	752616
324490	752618
324470	752632
324438	752645
324410	752648
324380	752644
324126	752694
324044	752750
324000	752760
323950	752771
323825	752866
323794	752962
323704	753015
323514	753107
323295	753328
323115	753452
323118	753453
322853	753674
322851	753722
322848	753744
322842	753768
322828	753796
322809	753818
322732	753877
322665	753906
322607	753921
322579	753926
322538	753929
322499	753929
322458	753926
322409	753916
322369	753898
322339	753870
322284	753801
322264	753764
322256	753734
322237	753604
322230	753576
322199	753503
322146	753433
321909	753403
321759	753389
321573	753374
321436	753370
321406	753377
321378	753392
321330	753487
321325	753486
321236	753679
321235	753770
321246	753771
321238	754016
321247	754022
321247	754027
321251	754593
321305	754667
321342	754698
321371	754720
321394	754714
321434	754740
321411	754753
321406	754759
321399	754771
321390	754797
321385	754804
321381	754808
321374	754808
321361	754803
321356	754800
321351	754794
321340	754790
321330	754789
321316	754792
321309	754794
321305	754799
321298	754815
321293	754820
321266	754831
321252	754843
321245	754846
321238	754847
321234	754842
321225	754846
321216	754854
321204	754874
321191	754891
321185	754931
321181	754938
321175	754942
321163	754947
321157	754946
321144	754940
321119	754939
321101	754954
321096	754961
321098	754969
321104	754977
321100	754990
321094	755000
321094	755000
321087	755012
321059	755051
321053	755052
321044	755044
321038	755046
321034	755052
321030	755067
321023	755071
321000	755079
320988	755087
320980	755094
320953	755134
320946	755142
320934	755149
320913	755154
320897	755163
320892	755171
320887	755185
320864	755210
320862	755216
320862	755229
320860	755244
320854	755253
320835	755257
320808	755268
320773	755271
320760	755283
320748	755297
320722	755334
320708	755346
320698	755351
320685	755355
320672	755356
320654	755355
320647	755356
320640	755360
320632	755368
320613	755381
320598	755385
320588	755386
320583	755385
320554	755395
320537	755394
320527	755402
320524	755406
320520	755409
320505	755403
320495	755407
320487	755415
320484	755420
320483	755462
320477	755486
320480	755499
320476	755510
320452	755524
320437	755524
320420	755526
320412	755531
320409	755537
320404	755556
320399	755559
320394	755559
320386	755567
320371	755593
320369	755605
320361	755624
320349	755641
320338	755651
320329	755667
320327	755691
320324	755701
320329	755726
320328	755743
320325	755746
320322	755746
320313	755736
320309	755736
320289	755748
320283	755753
320281	755767
320286	755790
320283	755808
320278	755825
320284	755849
320283	755863
320280	755873
320281	755920
320276	755930
320270	755936
320265	755938
320257	755935
320250	755935
320229	755948
320222	755956
320215	755956
320194	755952
320189	755953
320168	755967
320163	755973
320159	755984
320155	755988
320148	755992
320134	755995
320107	756009
320088	756011
320058	756009
320051	756011
320045	756018
320040	756046
320037	756054
320031	756062
320003	756073
320000	756073
320000	756073
319988	756074
319949	756123
320000	756192
320000	756192
320341	756653
320358	756672
320305	756754
320295	756848
320085	757111
320081	757542
320000	757610
320000	757610
320000	757610
319986	757617
319844	757734
319782	757791
319719	757871
319647	757955
319660	758038
319642	758061
319579	758180
319577	758191
319576	758222
319577	758236
319589	758297
319578	758358
319497	758362
319361	758391
319333	758389
319191	758354
318998	758303
318879	758317
318803	758279
318567	758409
318566	758416
318566	758416
318519	758645
318439	758689
318390	758763
318388	758767
318388	758767
318354	758758
318291	758741
318279	758738
318205	758719
318166	758708
318110	758694
318048	758678
317998	758665
317968	758658
317926	758647
317849	758627
317789	758611
317751	758601
317723	758594
317679	758583
317587	758560
317497	758536
317427	758517
317366	758501
317303	758485
317252	758472
317228	758465
317178	758452
317164	758449
317125	758439
317079	758426
317050	758418
317030	758414
316982	758401
316931	758387
316892	758377
316839	758364
316802	758354
316771	758345
316730	758335
316705	758329
316659	758317
316659	758317
316596	758300
316534	758284
316467	758267
316413	758253
316389	758247
316342	758234
316287	758221
316260	758214
316211	758201
316162	758188
316079	758167
316064	758162
316042	758151
316006	758133
315963	758111
315918	758089
315903	758082
315859	758059
315822	758039
315793	758021
315770	758008
315728	757981
315694	757960
315670	757946
315651	757936
315619	757922
315599	757915
315572	757907
315559	757903
315557	757901
315548	757890
315539	757879
315532	757868
315529	757859
315529	757854
315530	757846
315532	757841
315536	757840
315541	757842
315547	757847
315557	757848
315567	757847
315576	757845
315580	757842
315585	757836
315586	757831
315587	757822
315586	757818
315584	757815
315572	757811
315568	757805
315562	757789
315559	757779
315554	757769
315546	757758
315543	757752
315544	757743
315548	757732
315551	757730
315558	757727
315561	757728
315564	757734
315566	757736
315572	757739
315577	757738
315581	757736
315581	757730
315580	757721
315580	757714
315577	757698
315573	757695
315565	757690
315562	757685
315559	757678
315559	757670
315560	757663
315563	757658
315569	757655
315587	757655
315592	757653
315594	757649
315595	757636
315592	757628
315586	757622
315581	757617
315576	757609
315574	757600
315573	757595
315574	757589
315579	757582
315586	757575
315592	757568
315596	757566
315607	757565
315625	757567
315631	757569
315632	757572
315632	757578
315627	757587
315625	757595
315624	757602
315625	757607
315628	757612
315633	757613
315637	757611
315646	757604
315651	757591
315655	757573
315655	757569
315650	757562
315646	757557
315639	757541
315632	757523
315629	757508
315625	757494
315621	757481
315617	757476
315613	757473
315608	757474
315602	757476
315597	757477
315593	757474
315589	757470
315589	757467
315598	757457
315598	757456
315597	757454
315593	757452
315578	757451
315571	757448
315565	757439
315554	757436
315542	757434
315536	757435
315523	757440
315500	757442
315494	757441
315491	757438
315492	757432
315501	757420
315506	757413
315508	757408
315510	757399
315508	757386
315510	757376
315509	757372
315495	757360
315481	757342
315475	757330
315474	757322
315478	757311
315487	757298
315487	757298
315498	757288
315505	757288
315517	757294
315525	757290
315527	757284
315521	757274
315516	757257
315500	757223
315492	757223
315481	757223
315474	757214
315471	757205
315456	757202
315443	757230
315410	757307
315383	757369
315383	757369
315381	757373
315355	757435
315347	757455
315319	757519
315306	757548
315282	757603
315275	757621
315246	757687
315234	757716
315211	757770
315204	757786
315174	757854
315163	757879
315138	757937
315120	757979
315102	758020
315083	758065
315068	758100
315059	758122
315050	758144
315030	758186
315014	758222
314999	758253
314992	758271
314968	758324
314954	758357
314939	758392
314918	758441
314905	758470
314882	758525
314868	758556
314846	758607
314836	758631
314810	758690
314773	758773
314756	758814
314737	758857
314723	758890
314712	758916
314700	758942
314678	758996
314665	759028
314654	759052
314650	759065
314644	759086
314640	759104
314638	759106
314622	759113
314609	759120
314565	759141
314529	759159
314496	759175
314466	759189
314445	759201
314409	759221
314391	759232
314375	759247
314350	759270
314322	759296
314283	759332
314260	759354
314260	759354
314265	759365
314284	759405
314307	759445
314320	759481
314335	759532
314347	759606
314350	759624
314375	759688
314393	759742
314413	759773
314455	759812
314493	759832
314544	759851
314593	759866
314614	759881
314658	759929
314670	759956
314688	760007
314707	760034
314769	760089
314810	760137
314866	760229
314878	760267
314874	760294
314836	760384
314792	760456
314765	760490
314720	760528
314665	760561
314638	760584
314629	760605
314615	760670
314599	760720
314588	760764
314589	760804
314588	760853
314578	760879
314561	760905
314529	760954
314501	761035
314493	761063
314493	761092
314509	761151
314536	761232
314548	761277
314549	761325
314552	761385
314549	761410
314526	761457
314502	761521
314484	761568
314445	761655
314440	761685
314440	761753
314437	761834
314428	761889
314417	761930
314394	761984
314387	762021
314389	762042
314407	762094
314416	762137
314424	762163
314440	762190
314468	762223
314507	762249
314586	762295
314641	762335
314681	762373
314705	762408
314721	762450
314733	762485
314746	762528
314746	762528
314816	762528
314901	762529
314996	762529
315011	762524
315131	762524
315173	762525
315267	762526
315335	762526
315335	762526
315364	762536
315382	762552
315393	762565
315404	762577
315408	762587
315408	762608
315402	762624
315394	762645
315384	762671
315385	762690
315396	762747
315409	762814
315417	762851
315438	762879
315465	762911
315497	762950
315539	762997
315549	763013
315556	763025
315563	763029
315602	763039
315626	763051
315641	763073
315659	763107
315673	763132
315678	763143
315684	763150
315691	763156
315704	763163
315742	763183
315794	763211
315808	763225
315818	763244
315828	763264
315831	763271
315832	763278
315832	763278
315822	763303
315815	763339
315813	763361
315804	763385
315798	763393
315798	763393
315779	763422
315779	763422
315731	763494
315683	763547
315620	763613
315603	763634
315555	763716
315533	763761
315497	763867
315443	764056
315414	764144
315383	764231
315367	764267
315271	764549
315244	764606
315226	764624
315161	764941
315155	765000
315155	765000
315150	765046
315418	765371
315546	765561
315704	765769
315797	765909
315808	766288
315776	766386
315921	766725
316153	767255
316391	767360
316612	767684
316591	767924
316881	768443
317022	768477
317061	768532
317088	768589
317076	768673
317105	768719
317147	768802
317158	768835
317178	768882
317193	768924
317199	768961
317202	769002
317201	769031
317196	769059
317198	769064
317175	769147
317164	769173
317103	769228
317044	769249
316985	769278
316932	769307
316886	769351
316853	769403
316812	769490
316793	769523
316787	769535
316786	769708
316782	769743
316777	769765
316767	769793
316732	769854
316714	769880
316658	769937
316703	770000
316703	770000
316703	770000
316785	770089
317062	770409
317078	770424
317399	770585
317595	770680
317441	770904
317185	771286
317120	771322
317067	771345
316958	771388
316878	771439
316851	771460
316825	771488
316806	771517
316793	771544
316775	771588
316730	771673
316680	771719
316522	771888
316483	771910
316455	771900
316380	771868
316243	771837
316144	771806
316075	771772
316018	771864
315968	771967
315895	772078
315887	772097
315887	772097
315859	772170
315834	772240
315824	772347
315805	772510
315785	772530
315759	772539
315657	772554
315627	772566
315599	772583
315425	772817
315403	772866
315370	772932
315278	773052
315186	773159
315150	773196
315133	773211
315043	773252
315000	773273
315000	773273
314995	773277
314942	773286
314887	773290
314877	773292
314867	773299
314848	773317
314823	773335
314803	773344
314793	773346
314786	773343
314772	773335
314740	773299
314731	773292
314714	773283
314675	773274
314649	773272
314624	773271
314601	773273
314553	773282
314405	773305
314352	773317
314327	773316
314307	773310
314289	773300
314271	773284
314267	773323
314270	773349
314287	773423
314319	773485
314339	773509
314360	773523
314385	773532
314512	773567
314631	773813
314658	773939
314686	773972
314686	773972
314717	773994
314742	774012
314754	774021
314805	774056
314823	774074
314833	774087
314838	774092
314845	774098
314852	774103
314878	774111
314906	774118
314933	774124
314962	774129
314975	774134
314975	774134
315000	774135
315000	774135
315063	774133
315095	774135
315142	774144
315187	774156
315230	774171
315252	774182
315269	774192
315292	774220
315312	774251
315363	774324
315389	774367
315414	774418
315438	774456
315447	774477
315459	774521
315469	774551
315483	774579
315492	774592
315519	774621
315559	774651
315627	774724
315680	774787
315695	774848
315706	774870
315784	774930
315803	774947
315849	775000
315849	775000
315850	775000
315861	775024
315880	775052
315922	775096
315932	775129
315946	775153
315967	775169
316029	775222
316045	775241
316056	775269
316074	775371
316080	775420
316071	775536
316062	775591
315987	775905
316012	776000
316028	776080
316041	776106
316054	776155
316065	776187
316129	776316
316211	776469
316289	776604
316321	776658
316337	776678
316361	776699
316376	776710
316418	776734
316465	776753
316465	776753
316489	776763
316519	776769
316541	776772
316567	776779
316595	776793
316608	776802
316657	776843
316691	776889
316748	776947
316766	776969
316784	776995
316800	777024
316812	777062
316821	777117
316830	777193
316829	777220
316827	777233
316817	777263
316772	777348
316739	777439
316736	777452
316735	777465
316738	777482
316747	777502
316774	777537
316787	777550
316813	777570
316852	777592
316882	777604
316924	777633
317009	777688
317044	777713
317054	777728
317063	777748
317074	777764
317081	777771
317091	777775
317113	777779
317139	777778
317170	777794
317181	777795
317204	777794
317232	777788
317267	777770
317286	777762
317314	777756
317361	777749
317383	777750
317431	777765
317440	777767
317501	777769
317595	777758
317605	777762
317613	777767
317619	777774
317623	777785
317625	777809
317633	777840
317644	777856
317651	777864
317682	777887
317719	777921
317741	777935
317751	777944
317782	777978
317793	777984
317816	777991
317833	778000
317899	778073
317918	778100
317922	778154
317921	778302
317922	778394
317923	778400
317928	778410
317939	778415
317959	778417
318036	778452
318072	778470
318139	778517
318191	778552
318211	778570
318230	778604
318247	778623
318266	778638
318285	778649
318318	778673
318345	778690
318404	778754
318446	778809
318468	778830
318508	778857
318537	778883
318552	778900
318560	778911
318569	778928
318573	778939
318580	778979
318589	779001
318600	779021
318624	779053
318635	779064
318649	779073
318672	779080
318702	779083
318725	779083
318798	779077
318885	779084
318907	779084
318923	779081
318950	779071
319111	779025
319150	779021
319164	779021
319237	779027
319298	779037
319428	779044
319508	779055
319526	779053
319537	779049
319557	779037
319578	779022
319589	779017
319602	779018
319639	779036
319651	779043
319736	779108
319807	779133
319891	779168
319932	779180
319971	779201
320000	779204
320000	779204
320230	779191
320290	779295
