1
4788
0
219100	910222
219102	910224
219115	910219
219128	910205
219141	910203
219144	910194
219160	910184
219170	910173
219179	910168
219188	910165
219212	910176
219246	910167
219255	910157
219263	910161
219304	910147
219309	910135
219323	910126
219330	910110
219338	910104
219374	910110
219384	910114
219394	910114
219426	910129
219440	910132
219447	910138
219456	910139
219465	910143
219490	910142
219513	910135
219548	910144
219568	910146
219628	910130
219661	910133
219678	910142
219706	910145
219718	910156
219735	910174
219763	910176
219779	910186
219785	910197
219792	910214
219800	910223
219813	910230
219825	910220
219839	910223
219853	910232
219864	910242
219877	910251
219915	910265
219931	910278
219925	910297
219926	910319
219922	910359
219924	910365
219928	910370
219949	910377
219968	910375
219999	910389
219999	910389
220000	910390
220031	910394
220046	910387
220051	910387
220057	910391
220064	910399
220075	910396
220085	910397
220097	910400
220119	910409
220131	910416
220145	910427
220147	910436
220143	910450
220144	910453
220159	910474
220171	910486
220177	910487
220191	910482
220201	910484
220206	910487
220224	910489
220234	910483
220239	910484
220252	910488
220254	910491
220260	910493
220263	910490
220270	910503
220274	910507
220284	910507
220284	910502
220312	910501
220319	910497
220328	910500
220334	910500
220355	910495
220366	910490
220379	910483
220382	910478
220386	910476
220410	910484
220419	910478
220424	910479
220435	910486
220440	910494
220441	910495
220432	910504
220432	910511
220436	910515
220446	910519
220450	910513
220457	910514
220470	910513
220469	910527
220473	910540
220472	910547
220457	910555
220462	910565
220463	910575
220467	910577
220477	910578
220480	910575
220481	910570
220481	910546
220487	910539
220490	910539
220494	910558
220499	910564
220499	910566
220492	910567
220488	910571
220490	910585
220535	910591
220546	910596
220547	910598
220545	910601
220526	910603
220523	910605
220522	910608
220527	910624
220539	910633
220539	910638
220526	910642
220521	910647
220521	910650
220528	910658
220541	910665
220565	910665
220569	910669
220571	910673
220570	910675
220559	910677
220549	910689
220549	910692
220553	910697
220557	910700
220571	910697
220584	910689
220588	910689
220586	910699
220579	910708
220565	910712
220563	910718
220566	910723
220577	910731
220585	910739
220589	910747
220590	910751
220589	910766
220582	910778
220578	910782
220581	910787
220596	910793
220607	910795
220616	910800
220621	910805
220626	910822
220634	910832
220635	910839
220632	910852
220633	910855
220674	910855
220679	910858
220681	910866
220691	910875
220684	910893
220684	910905
220689	910935
220703	910982
220700	910995
220685	911023
220672	911043
220671	911057
220673	911077
220674	911108
220672	911123
220651	911174
220628	911214
220624	911224
220628	911246
220636	911265
220642	911278
220648	911284
220665	911292
220689	911298
220696	911302
220712	911312
220764	911351
220779	911364
220802	911393
220805	911402
220807	911416
220800	911459
220795	911477
220790	911489
220779	911501
220769	911522
220764	911544
220767	911550
220775	911555
220790	911560
220816	911562
220857	911559
220876	911561
220883	911564
220909	911584
220929	911601
220950	911624
220954	911634
220954	911640
220944	911668
220944	911675
220955	911689
220988	911722
221012	911743
221034	911765
221042	911769
221070	911780
221082	911788
221096	911797
221112	911812
221117	911817
221132	911845
221153	911873
221160	911890
221155	911913
221154	911924
221176	911965
221181	911975
221181	911985
221176	911997
221156	912006
221146	912012
221141	912016
221136	912029
221135	912036
221136	912043
221141	912055
221161	912068
221167	912083
221168	912091
221166	912097
221163	912101
221155	912105
221107	912117
221084	912120
221048	912116
221038	912118
221026	912133
221021	912148
221019	912165
221012	912179
221006	912185
220996	912191
220990	912192
220983	912192
220972	912189
220959	912179
220947	912155
220938	912128
220938	912128
220891	912139
220831	912150
220787	912165
220740	912192
220703	912211
220646	912236
220580	912257
220534	912258
220479	912254
220348	912243
220307	912244
220274	912249
220212	912258
220146	912281
220111	912301
220075	912326
220039	912354
220010	912387
219975	912435
219944	912461
219917	912491
219889	912507
219833	912533
219777	912561
219740	912576
219693	912606
219668	912626
219634	912672
219617	912702
219598	912761
219581	912787
219552	912813
219516	912832
219462	912854
219388	912866
219348	912875
219297	912894
219232	912920
219180	912939
219117	912955
219068	912965
219000	912975
218972	912983
218950	912991
218895	913027
218877	913041
218856	913063
218820	913106
218795	913136
218760	913169
218730	913192
218704	913215
218656	913235
218589	913247
218538	913250
218482	913270
218451	913281
218409	913307
218344	913349
218275	913390
218233	913414
218208	913428
218160	913470
218135	913498
218094	913551
218042	913614
217996	913672
217962	913714
217921	913758
217892	913795
217865	913822
217824	913869
217785	913896
217726	913935
217707	913944
217669	913959
217624	913971
217580	913976
217533	913985
217491	914002
217447	914029
217428	914052
217412	914075
217398	914117
217378	914169
217368	914212
217355	914254
217336	914302
217314	914342
217278	914375
217231	914420
217206	914435
217163	914459
217108	914481
217057	914499
217020	914518
216994	914534
216971	914555
216939	914582
216891	914621
216834	914657
216748	914708
216686	914741
216636	914757
216595	914771
216538	914783
216484	914791
216412	914797
216362	914810
216303	914825
216266	914835
216232	914853
216174	914889
216135	914913
216088	914949
216047	914979
215980	915019
215906	915065
215906	915065
215866	915072
215813	915077
215813	915077
215808	915080
215796	915082
215789	915087
215775	915094
215769	915100
215756	915111
215745	915124
215736	915131
215721	915139
215713	915146
215700	915161
215679	915172
215679	915173
215679	915173
215664	915239
215664	915239
215618	915291
215592	915309
215556	915326
215487	915343
215462	915356
215462	915356
215390	915363
215390	915363
215373	915385
215353	915411
215338	915427
215331	915435
215320	915439
215307	915446
215294	915455
215281	915460
215277	915460
215265	915460
215256	915461
215249	915469
215244	915474
215236	915485
215230	915496
215223	915509
215219	915512
215210	915515
215199	915517
215187	915522
215181	915527
215172	915536
215162	915545
215148	915556
215134	915568
215129	915574
215123	915588
215117	915596
215112	915601
215100	915602
215093	915610
215086	915620
215078	915632
215074	915640
215069	915649
215059	915659
215048	915674
215046	915682
215042	915686
215035	915689
215029	915695
215015	915714
215007	915730
214999	915737
214999	915737
214998	915738
214959	915775
214924	915813
214904	915820
214899	915827
214874	915844
214852	915855
214834	915864
214823	915879
214820	915887
214815	915893
214811	915902
214809	915916
214797	915926
214793	915947
214789	915954
214783	915965
214774	915974
214759	915985
214736	916007
214722	916016
214707	916034
214698	916047
214682	916065
214660	916097
214653	916115
214639	916140
214622	916174
214617	916179
214614	916194
214605	916198
214596	916206
214578	916220
214564	916229
214549	916234
214534	916237
214516	916236
214501	916234
214496	916228
214488	916217
214480	916213
214467	916203
214462	916197
214446	916178
214437	916177
214426	916178
214413	916182
214400	916183
214392	916181
214386	916175
214386	916174
214386	916174
214358	916160
214327	916152
214307	916158
214273	916169
214232	916187
214232	916187
214230	916189
214223	916190
214211	916190
214205	916191
214197	916197
214193	916204
214187	916220
214179	916237
214172	916249
214165	916259
214146	916276
214136	916283
214122	916291
214116	916301
214106	916312
214098	916313
214094	916319
214090	916330
214088	916343
214091	916355
214096	916366
214103	916381
214111	916387
214119	916401
214132	916411
214143	916423
214160	916431
214171	916440
214187	916451
214200	916452
214212	916455
214218	916458
214224	916465
214228	916475
214233	916487
214235	916500
214232	916510
214225	916516
214220	916516
214220	916516
214212	916537
214188	916587
214167	916633
214152	916677
214133	916742
214107	916788
214086	916825
214064	916852
214039	916881
214007	916905
213960	916926
213915	916942
213873	916960
213831	916980
213748	916973
213685	916971
213646	916982
213618	916999
213594	917021
213562	917055
213530	917103
213501	917134
213465	917167
213421	917192
213421	917192
213367	917219
213316	917243
213249	917281
213212	917311
213188	917342
213164	917380
213151	917445
213142	917465
213131	917482
213112	917488
213056	917490
213030	917511
212994	917589
212974	917626
212953	917650
212914	917670
212863	917695
212806	917735
212742	917778
212708	917806
212659	917848
212628	917875
212608	917892
212590	917894
212567	917890
212553	917881
212545	917853
212518	917789
212495	917747
212463	917715
212418	917690
212371	917679
212306	917670
212271	917663
212271	917663
212231	917656
212213	917656
212181	917668
212098	917713
212087	917714
212076	917711
212060	917700
212026	917665
211975	917639
211967	917636
211951	917635
211936	917642
211903	917668
211891	917676
211866	917688
211827	917695
211795	917697
211771	917706
211758	917702
211746	917695
211733	917692
211699	917693
211660	917690
211616	917683
211568	917683
211536	917677
211520	917678
211510	917680
211489	917688
211474	917698
211458	917705
211443	917709
211423	917711
211387	917725
211377	917726
211358	917733
211350	917742
211347	917755
211346	917767
211342	917778
211336	917786
211329	917791
211258	917826
211244	917832
211211	917841
211199	917849
211188	917854
211158	917849
211142	917844
211125	917852
211083	917876
211057	917894
211035	917911
211021	917917
210971	917947
210947	917964
210875	917990
210823	918016
210809	918025
210702	918076
210693	918083
210678	918108
210665	918122
210626	918138
210612	918139
210585	918136
210570	918138
210539	918146
210504	918159
210484	918165
210459	918171
210440	918174
210414	918185
210381	918201
210351	918222
210339	918228
210318	918235
210299	918244
210260	918267
210244	918274
210220	918279
210186	918292
210153	918299
210107	918312
210063	918312
210041	918316
209999	918330
209999	918330
209932	918354
209894	918361
209863	918360
209837	918355
209809	918356
209801	918359
209759	918392
209711	918423
209676	918452
209657	918465
209636	918484
209625	918501
209587	918531
209557	918548
209536	918557
209495	918564
209478	918565
209468	918568
209428	918586
209395	918605
209333	918653
209324	918662
209317	918686
209315	918710
209322	918735
209325	918753
209326	918776
209322	918796
209309	918817
209282	918847
209265	918858
209258	918863
209253	918871
209222	918932
209211	918957
209181	919013
209164	919031
209129	919082
209113	919099
209095	919113
209075	919125
209006	919152
208983	919167
208967	919182
208947	919209
208939	919222
208914	919248
208909	919255
208904	919269
208896	919282
208878	919295
208826	919292
208741	919293
208684	919295
208634	919304
208586	919314
208586	919314
208562	919319
208532	919323
208503	919327
208486	919332
208446	919330
208400	919326
208364	919329
208340	919336
208323	919348
208286	919375
208263	919396
208244	919398
208234	919395
208218	919389
208196	919386
208167	919388
208133	919395
208102	919402
208081	919401
208067	919397
208041	919381
208000	919360
207966	919345
207929	919339
207904	919341
207872	919353
207866	919356
207832	919373
207784	919398
207745	919433
207719	919459
207687	919484
207655	919502
207655	919502
207655	919502
207613	919510
207559	919503
207502	919507
207319	919557
207058	919616
206834	919663
206317	919802
206084	919863
205856	919915
205689	919948
205524	919972
205402	919976
205261	919976
205019	919941
204871	919901
204723	919861
204577	919800
204471	919738
204335	919638
204144	919487
203986	919331
203848	919193
203646	918998
203373	918731
203183	918583
202949	918451
202823	918390
202702	918379
202535	918391
202227	918465
201920	918572
201884	918579
201654	918691
201461	918791
201275	918908
201050	919078
200742	919346
200532	919504
200387	919581
200294	919602
200267	919602
199982	919630
199685	919659
198996	919743
198620	919786
198174	919833
197668	919896
197151	919950
196695	920014
195838	920103
195641	920132
194721	920245
193717	920369
192739	920475
192433	920510
192433	920510
192514	920625
192514	920625
192677	920858
192957	921138
193179	921464
193289	921603
193384	921719
194069	922404
194863	922960
195741	923370
196528	923592
196721	923632
196880	923622
197132	923687
197835	923759
198096	923782
198293	923768
198491	924050
198737	924297
198503	924799
198429	925075
198375	925259
198329	925326
197901	925937
197491	926815
197240	927751
196629	928212
195943	928898
195387	929692
194978	930570
194727	931506
194643	932472
194684	932945
194676	933037
194760	934002
195011	934938
195384	935826
195470	936147
195879	937025
195987	937179
196023	937257
196076	937331
196124	937435
196680	938228
197355	938879
197448	938972
198041	939564
198651	940010
198711	940047
199320	940474
200198	940883
201135	941134
202100	941219
203065	941134
203155	941110
203207	941106
204143	940855
205022	940445
205271	940270
205706	940575
205898	940655
206601	940950
206683	940989
206788	941039
207400	941199
207678	941596
207966	941940
208039	942014
208096	942348
208144	942525
208298	942854
208072	943698
208030	944181
207594	944804
207185	945682
206934	946618
206850	947584
206885	948208
206962	948894
206996	949125
206996	949125
207012	949235
207262	950171
207672	951050
208228	951844
208316	951946
208443	952090
208679	952322
208759	952400
209038	952674
209447	953083
210241	953639
211066	954029
211180	954072
211233	954091
211538	954190
211970	954806
212350	955185
212150	955470
211741	956348
211490	957284
211406	958276
211406	958463
211491	959402
211742	960338
212151	961216
212306	961447
212365	961535
212708	962313
212789	962412
212787	962513
212805	962571
212856	963155
212931	963432
212967	963847
213218	964784
213627	965662
213861	965996
213948	966183
214072	966399
214412	966895
214731	967386
214884	967597
215121	967900
215484	968263
215852	968788
216538	969474
217332	970030
218210	970439
218262	970458
218366	970495
218470	970522
218811	971255
218940	971438
219006	971532
219225	972350
219286	972442
219328	972925
219341	972973
219384	973211
219380	973278
219352	973602
219436	974567
219687	975504
219822	975793
219955	976215
220108	976546
220356	977014
220459	977235
220520	977335
220706	977634
220738	977682
220738	977682
220865	977873
221235	978367
221920	979053
222156	979204
222737	979576
222919	979704
222965	979736
223843	980146
224779	980397
225107	980425
225745	980481
226075	980452
226710	980397
227042	980384
227978	980133
228857	979724
229610	979196
229653	979192
230436	979124
230672	979077
230862	979035
230964	979023
231570	978859
232416	979086
233382	979171
234347	979086
235283	978835
236162	978426
236955	977870
237512	977313
237512	977313
237584	977241
237806	977300
237806	977300
238199	977405
239164	977490
240129	977405
240189	977389
240242	977385
240970	977189
240970	977189
241178	977134
242056	976724
242850	976168
243535	975483
244091	974689
244164	974534
244498	974056
244702	973619
245681	973709
246646	973625
247221	973470
247626	973659
247705	973680
248127	973877
249064	974128
249141	974141
249398	974183
250286	974254
251057	974186
251255	974240
252221	974324
253186	974240
253559	974140
253736	974092
254127	973980
254176	973957
254399	973937
254722	973888
254860	973865
255624	973662
255797	973616
256560	973411
257439	973002
258232	972446
258338	972355
258577	972144
259100	971608
259169	971573
259950	971171
260019	971088
260897	971497
261095	971543
261841	971718
262036	971770
262138	971781
262341	971799
263002	971857
263435	971819
263967	971770
264163	971752
264326	971702
264393	971681
264563	971687
265301	971641
266237	971391
266289	971367
266553	971293
267432	970884
268225	970328
268524	970029
268877	969865
269460	970137
270283	970357
270283	970357
270397	970388
271362	970472
271539	970478
272333	971034
273212	971443
273276	971473
274212	971724
274550	971754
275484	972031
276449	972116
276837	972082
277140	972514
277825	973200
278619	973756
278842	973859
279195	974213
279989	974769
280867	975178
281804	975429
282769	975514
283734	975429
284671	975178
285549	974769
286343	974213
286443	974113
286501	974072
287186	973387
287742	972593
287906	972240
288559	972183
289025	972058
289495	971932
289729	971823
289781	971805
290205	971607
290710	971563
290710	971563
290856	970868
291016	970110
291347	968611
291733	966942
291886	966242
291963	965971
292039	965702
292080	965548
292080	965545
292080	965545
292079	965544
292063	965545
292048	965538
292016	965508
292000	965480
292000	965480
291978	965457
291955	965421
291955	965410
291951	965397
291953	965380
291947	965368
291947	965368
291953	965350
291962	965338
291986	965319
291987	965275
291986	965235
291984	965192
291983	965158
291981	965095
291981	965061
291980	965024
291976	964966
291976	964898
291974	964777
291972	964728
291971	964673
291971	964642
291969	964556
291967	964488
291968	964474
291963	964408
291962	964390
291957	964310
291955	964227
291950	964142
291946	964058
291942	963974
291939	963889
291935	963817
291972	963820
292006	963824
292067	963826
292093	963828
292112	963796
292126	963769
292132	963754
292162	963725
292185	963700
292231	963653
292353	963564
292370	963536
292381	963482
292418	963316
292422	963288
292470	963259
292644	963173
292667	963158
292628	963075
292641	963047
292649	963032
292698	962988
292761	962922
292786	962899
292830	962854
292838	962841
292837	962822
292841	962698
292846	962660
292862	962622
292887	962579
292951	962433
293033	962259
293112	962088
293120	962071
293193	961916
293200	961900
293248	961800
293251	961745
293255	961703
293256	961581
293256	961561
293256	961409
293255	961370
293306	961322
293329	961308
293456	961239
293541	961195
293620	961073
293632	961056
293686	960969
293690	960900
293690	960877
293698	960727
293716	960561
293735	960392
293736	960376
293752	960230
293879	960219
293987	960210
294144	960200
294259	960189
294430	960175
294489	960176
294505	960185
294585	960234
294673	960289
294673	960289
294674	960279
294670	960245
294661	960169
294658	960145
294648	960059
294642	959998
294639	959974
294632	959914
294630	959890
294623	959826
294621	959804
294612	959721
294602	959636
294593	959549
294583	959468
294573	959387
294564	959303
294568	959278
294560	959203
294560	959203
294726	958779
294728	958767
294728	958767
294740	958754
294757	958726
294797	958674
294817	958649
294847	958603
294872	958566
294934	958480
294993	958397
295046	958313
295106	958234
295175	958149
295240	958065
295310	957978
295379	957893
295449	957806
295463	957787
295465	957743
295467	957712
295467	957644
295472	957542
295473	957476
295480	957395
295493	957334
295502	957302
295528	957201
295543	957136
295549	957119
295582	957119
295637	957115
295647	957080
295654	957049
295670	956979
295673	956963
295713	956805
295718	956775
295704	956682
295697	956633
295679	956502
295675	956460
295663	956402
295666	956389
295709	956320
295728	956290
295786	956195
295832	956121
295910	955997
295942	955947
295966	955920
295988	955896
296032	955848
296102	955773
296183	955690
296153	955599
296119	955502
296114	955470
296105	955430
296091	955354
296076	955287
296073	955272
296105	955240
296132	955203
296188	955144
296223	955105
296222	955077
296210	955043
296189	954975
296181	954942
296150	954843
296142	954825
296108	954802
296066	954771
296018	954737
295956	954692
295910	954658
295878	954635
295866	954629
295852	954618
295833	954626
295761	954651
295728	954664
295684	954681
295606	954708
295611	954652
295615	954563
295620	954481
295621	954455
295625	954389
295626	954369
295631	954283
295636	954198
295640	954114
295645	954030
295649	953953
295649	953944
295654	953860
295658	953775
295662	953701
295663	953688
295655	953667
295626	953601
295599	953540
295588	953514
295563	953456
295554	953438
295550	953429
295533	953389
295518	953353
295513	953344
295491	953289
295477	953257
295464	953228
295467	953187
295467	953172
295471	953093
295477	953006
295477	952968
295481	952919
295485	952835
295490	952753
295494	952670
295498	952588
295499	952568
295516	952562
295608	952523
295623	952516
295618	952478
295606	952308
295606	952285
295599	952137
295597	952098
295568	952044
295530	951964
295509	951919
295444	951791
295364	951626
295338	951567
295280	951460
295260	951418
295230	951360
295211	951292
295165	951120
295142	951040
295269	950950
295501	950785
295564	950745
295754	950645
295877	950585
295879	950577
295879	950577
295890	950522
295904	950453
295906	950438
295932	950323
295939	950278
295938	950233
295931	950148
295930	950110
295919	950022
295921	950002
295921	950002
295921	949978
295927	949944
295926	949904
295931	949853
295933	949815
295939	949719
295947	949562
295947	949549
295958	949410
295959	949375
295962	949320
295947	949295
295933	949209
295906	949063
295901	949035
295885	948957
295839	948879
295830	948863
295798	948814
295777	948772
295762	948737
295744	948693
295707	948604
295680	948544
295668	948519
295658	948488
295659	948446
295661	948375
295661	948345
295661	948255
295662	948207
295664	948187
295693	948139
295742	948058
295765	948022
295843	947878
295859	947851
295937	947719
295957	947689
296010	947589
296045	947529
296077	947442
296108	947363
296160	947225
296169	947199
296212	947030
296245	946880
296249	946861
296284	946738
296295	946692
296334	946530
296346	946475
296346	946475
296396	946272
296405	946226
296405	946187
296404	946035
296400	945997
296325	945936
296214	945849
295950	945647
295777	945510
295536	945323
295411	945223
295364	945167
295220	945000
295148	944913
295112	944871
295112	944871
295087	944862
295073	944858
295052	944841
295029	944833
294993	944829
294976	944821
294932	944802
294919	944792
294915	944764
294899	944661
294890	944607
294872	944487
294861	944436
294843	944315
294833	944253
294815	944144
294813	944112
294794	943971
294780	943861
294763	943728
294763	943728
294759	943695
294748	943662
294732	943636
294715	943593
294674	943508
294634	943388
294617	943331
294592	943314
294555	943291
294489	943245
294421	943201
294381	943174
294365	943155
294341	943092
294291	942958
294281	942918
294265	942890
294199	942839
294186	942820
294189	942779
294203	942609
294214	942555
294213	942521
294200	942494
294154	942403
294084	942272
294065	942231
294022	942149
293988	942080
293962	942058
293869	941999
293753	941923
293662	941865
293565	941802
293411	941706
293330	941653
293304	941628
293289	941581
293276	941542
293245	941462
293206	941362
293197	941325
293198	941253
293202	941188
293205	941055
293210	940912
293212	940858
293218	940720
293222	940566
293225	940495
293226	940455
293239	940436
293278	940383
293300	940360
293333	940237
293342	940193
293375	940059
293399	939960
293422	939934
293453	939902
293490	939866
293513	939825
293549	939721
293602	939562
293630	939474
293644	939435
293654	939424
293680	939407
293708	939393
293764	939359
293794	939335
293827	939304
293915	939214
294004	939124
294088	939037
294122	939004
294163	938995
294253	938979
294383	938959
294467	938946
294531	938938
294543	938926
294545	938906
294548	938863
294552	938775
294560	938635
294561	938595
294568	938493
294593	938394
294624	938252
294638	938221
294684	938161
294721	938106
294780	938030
294838	937956
294864	937924
294864	937899
294859	937836
294846	937715
294839	937632
294831	937574
294835	937546
294852	937506
294889	937413
294916	937355
294940	937289
294962	937209
294969	937157
294963	937108
294950	936944
294935	936850
294891	936600
294868	936488
294855	936408
294836	936399
294818	936397
294751	936394
294656	936385
294595	936373
294431	936328
294340	936304
294221	936269
293918	936188
293801	936154
293697	936124
293594	936097
293464	936062
293400	936045
293372	936027
293270	935939
293196	935879
293115	935807
292975	935685
292924	935646
292858	935620
292759	935591
292676	935561
292588	935531
292486	935498
292468	935483
292468	935483
292387	935414
292357	935384
292348	935380
292327	935390
292270	935420
292258	935440
292245	935466
292224	935481
292171	935510
292125	935536
292064	935572
292005	935605
291956	935631
291941	935637
291931	935649
291923	935690
291905	935791
291891	935866
291896	935883
291920	935911
291944	935944
291949	935956
291947	935979
291940	936023
291937	936038
291925	936087
291911	936107
291877	936135
291838	936170
291794	936208
291773	936223
291734	936255
291724	936264
291722	936272
291753	936308
291785	936349
291807	936375
291816	936401
291816	936444
291812	936497
291797	936548
291767	936617
291763	936636
291774	936664
291805	936719
291854	936807
291883	936851
291916	936881
291999	936956
292064	937009
292106	937050
292201	937144
292254	937197
292284	937223
292347	937264
292399	937300
292422	937315
292427	937328
292428	937384
292428	937406
292423	937416
292394	937425
292340	937448
292271	937476
292200	937506
292156	937526
292140	937536
292095	937586
292044	937645
292011	937682
292000	937693
291998	937707
292020	937729
292041	937753
292045	937763
292031	937779
291967	937844
291942	937871
291870	937944
291815	938003
291809	938016
291801	938046
291758	938187
291748	938220
291732	938239
291702	938268
291660	938306
291636	938328
291614	938372
291603	938392
291538	938518
291512	938565
291489	938611
291475	938630
291449	938649
291398	938682
291348	938719
291321	938737
291276	938770
291232	938799
291205	938818
291193	938839
291161	938906
291123	938986
291105	939002
291065	939021
291025	939048
291002	939067
290978	939102
290953	939147
290927	939191
290905	939208
290855	939241
290806	939274
290780	939295
290771	939314
290764	939357
290757	939382
290744	939394
290710	939412
290675	939440
290657	939449
290631	939450
290579	939440
290559	939441
290538	939449
290503	939464
290483	939474
290476	939481
290477	939505
290481	939531
290475	939554
290461	939624
290456	939648
290443	939713
290438	939732
290431	939741
290398	939745
290378	939745
290367	939742
290338	939731
290318	939727
290290	939730
290254	939736
290225	939738
290172	939764
290128	939790
290092	939809
290064	939826
290039	939839
290019	939847
289993	939852
289955	939853
289923	939854
289900	939857
289882	939859
289862	939879
289826	939916
289785	939956
289742	939995
289704	940019
289668	940032
289628	940050
289601	940062
289593	940073
289571	940101
289531	940154
289466	940235
289405	940298
289384	940320
289373	940334
289365	940337
289360	940333
289358	940311
289352	940158
289347	940037
289341	940024
289318	940015
289232	939986
289017	939916
288994	939904
288945	939910
288841	939927
288731	939947
288707	939950
288692	939957
288639	940040
288627	940060
288627	940087
288624	940105
288609	940118
288577	940138
288555	940160
288509	940231
288478	940277
288428	940349
288382	940430
288369	940450
288312	940560
288296	940593
288294	940609
288307	940634
288317	940650
288317	940661
288299	940678
288273	940710
288266	940741
288259	940779
288237	940894
288240	940921
288247	940951
288262	941027
288273	941062
288280	941079
288279	941099
288273	941123
288268	941141
288265	941146
288249	941140
288161	941105
288124	941090
288110	941091
288075	941107
288050	941118
288039	941127
288033	941148
288032	941168
288027	941180
288007	941190
287973	941208
287873	941256
287820	941284
287747	941334
287678	941378
287665	941386
287658	941382
287603	941312
287532	941225
287525	941222
287508	941238
287463	941286
287407	941346
287364	941392
287219	941551
287199	941572
287183	941579
287122	941580
287049	941580
287002	941580
286988	941582
286987	941598
287000	941701
287007	941752
287014	941816
287025	941840
287045	941872
287062	941896
287077	941922
287080	941933
287066	941969
287046	942022
287034	942063
287023	942093
287003	942148
286996	942177
286986	942197
286968	942211
286923	942235
286875	942262
286758	942328
286703	942360
286644	942394
286504	942471
286429	942515
286386	942538
286306	942584
286278	942597
286238	942606
286177	942617
286109	942631
285978	942659
285886	942684
285850	942694
285836	942707
285819	942733
285800	942775
285787	942806
285776	942826
285762	942843
285740	942869
285628	943005
285597	943040
285483	943183
285460	943211
285366	943325
285344	943341
285298	943360
285263	943378
285186	943415
285140	943431
285105	943440
285072	943450
285052	943449
285013	943426
284934	943380
284849	943334
284773	943292
284716	943263
284709	943252
284698	943213
284698	943213
284648	943034
284630	942949
284613	942847
284602	942789
284612	942760
284648	942663
284652	942647
284631	942621
284578	942577
284458	942506
284420	942482
284398	942454
284357	942395
284294	942307
284256	942254
284220	942197
284191	942108
284169	942044
284116	941881
284095	941829
284036	941763
283999	941719
283989	941685
283993	941623
284000	941584
284033	941566
284067	941547
284107	941526
284119	941515
284128	941478
284142	941457
284158	941434
284157	941410
284147	941375
284138	941339
284140	941322
284163	941278
284198	941203
284245	941107
284273	941043
284281	941027
284279	941022
284240	941005
284225	940983
284218	940979
284195	940989
284176	940987
284163	940982
284129	940955
284106	940944
284103	940937
284105	940909
284102	940902
284073	940902
284026	940904
283989	940905
283978	940906
283932	940940
283906	940956
283881	940963
283860	940963
283829	940958
283807	940948
283782	940927
283759	940910
283728	940901
283692	940891
283667	940886
283661	940891
283627	940919
283594	940946
283556	940963
283511	940982
283441	941009
283380	941030
283319	941051
283276	941064
283264	941071
283239	941092
283212	941130
283198	941150
283189	941162
283177	941171
283162	941173
283124	941171
283040	941164
282963	941149
282938	941143
282922	941140
282894	941150
282856	941166
282827	941172
282782	941179
282782	941179
282759	941186
282740	941185
282712	941174
282702	941170
282685	941173
282654	941193
282582	941247
282501	941310
282397	941391
282362	941410
282300	941434
282225	941465
282066	941529
281981	941565
281949	941576
281887	941602
281847	941620
281808	941640
281789	941650
281768	941653
281717	941646
281706	941645
281697	941646
281696	941658
281701	941738
281699	941751
281666	941782
281631	941815
281542	941901
281514	941927
281500	941942
281497	941953
281497	941988
281497	942095
281493	942152
281492	942258
281492	942318
281491	942337
281509	942379
281532	942433
281537	942453
281534	942466
281515	942491
281498	942523
281464	942572
281437	942617
281415	942652
281352	942752
281331	942773
281290	942810
281184	942913
281141	942952
281125	942975
281068	943047
281043	943083
281025	943104
281015	943115
280983	943123
280883	943145
280853	943151
280807	943154
280749	943157
280660	943160
280596	943164
280450	943172
280348	943184
280231	943197
280183	943201
280168	943204
280129	943242
280068	943301
280013	943356
279989	943375
279954	943406
279907	943454
279886	943474
279824	943532
279794	943560
279771	943581
279762	943593
279759	943641
279757	943685
279751	943701
279728	943735
279703	943776
279685	943804
279669	943829
279662	943839
279636	943845
279573	943859
279495	943878
279392	943896
279351	943903
279338	943904
279305	943885
279188	943820
279166	943808
279161	943806
279146	943822
279118	943858
279104	943873
279091	943873
279036	943860
278932	943840
278759	943804
278711	943797
278651	943790
278566	943779
278509	943772
278484	943765
278436	943746
278379	943724
278182	943645
278131	943625
278123	943614
278066	943482
278053	943451
278018	943367
277984	943285
277936	943174
277911	943120
277862	943022
277826	942950
277804	942905
277801	942900
277775	942898
277728	942897
277712	942897
277693	942917
277648	942976
277557	943097
277503	943166
277496	943179
277496	943269
277496	943434
277495	943596
277495	943686
277493	943693
277432	943712
277359	943739
277305	943759
277284	943768
277271	943771
277242	943746
277182	943695
277134	943658
277110	943637
277080	943626
277052	943615
277044	943618
276992	943694
276950	943752
276925	943788
276872	943867
276854	943891
276853	943908
276865	943954
276888	944080
276897	944125
276914	944197
276929	944254
276936	944284
276937	944299
276909	944328
276903	944337
276916	944376
276930	944421
276941	944451
276954	944496
276960	944517
276956	944520
276904	944526
276836	944540
276739	944566
276703	944588
276647	944623
276603	944647
276568	944664
276525	944677
276478	944693
276462	944703
276379	944782
276333	944821
276312	944841
276299	944867
276244	944970
276229	944997
276229	944997
276232	945016
276232	945026
276221	945025
276182	945002
276141	944990
276077	944986
276013	944982
275980	944980
275957	944975
275930	944953
275908	944923
275875	944897
275854	944877
275838	944848
275810	944812
275810	944799
275820	944764
275828	944734
275854	944718
275870	944703
275877	944682
275876	944661
275871	944641
275878	944620
275883	944593
275874	944574
275837	944545
275818	944531
275805	944512
275794	944478
275783	944447
275782	944427
275777	944410
275768	944399
275760	944394
275748	944400
275724	944412
275719	944411
275713	944393
275698	944378
275690	944369
275689	944357
275694	944341
275692	944325
275684	944308
275672	944299
275657	944298
275615	944306
275594	944304
275581	944296
275561	944273
275556	944260
275554	944228
275553	944220
275534	944212
275459	944181
275389	944153
275277	944108
275215	944083
275193	944072
275193	944072
275175	944083
275157	944121
275166	944179
275222	944290
275284	944418
275307	944498
275311	944556
275297	944615
275242	944667
274991	944791
274793	944861
274668	944923
274574	945000
274450	945125
274393	945201
274208	945492
274180	945549
274096	945691
274030	945765
273965	945801
273870	945815
273721	945801
273271	945726
273017	945667
272938	945639
272901	945586
272899	945494
272985	945013
273005	944825
272997	944643
272944	944363
272850	944004
272752	943724
272664	943489
272456	943068
272215	942551
272125	942391
271972	942103
271892	941989
271806	941942
271708	941917
271594	941919
271369	941968
271177	942011
271046	942021
270954	941993
270877	941923
270654	941566
270554	941337
270401	940979
270287	940770
270211	940666
270140	940537
270131	940421
270170	940343
270419	940141
270654	939994
270816	939898
270991	939734
271253	939409
271341	939307
271579	939119
271974	938849
272213	938645
272358	938467
272419	938332
272492	938036
272507	937958
272572	937619
272611	937292
272709	936677
272723	936601
272764	935906
272738	935833
272674	935753
272490	935647
272078	935477
271720	935385
271526	935361
271181	935363
270622	935432
270342	935448
270007	935430
269807	935403
269653	935346
269531	935254
269482	935166
269453	934962
269445	934680
269441	934478
269467	934312
269549	934112
269586	934020
269660	933807
269776	933607
269935	933352
270056	933108
270084	932998
270091	932875
270076	932802
270025	932718
269894	932569
269698	932377
269590	932250
269496	932084
269437	931888
269431	931753
269448	931663
269448	931663
269451	931624
269457	931536
269460	931497
269431	931454
269410	931420
269320	931285
269290	931243
269206	931115
269149	931029
269073	930917
269073	930917
268962	930750
268846	930576
268816	930531
268718	930391
268681	930323
268660	930233
268627	930061
268608	929959
268584	929888
268569	929861
268536	929837
268453	929779
268386	929719
268354	929671
268344	929631
268333	929460
268323	929419
268304	929379
268268	929345
268194	929206
268105	929038
268055	928940
268085	928866
268076	928867
267804	928879
267525	928890
267346	928899
267251	928809
267067	928638
267002	928577
266738	928328
266718	928305
266851	928216
266870	928134
266885	928037
266906	927952
266870	927796
266831	927630
266785	927467
266736	927295
266691	927125
266665	927010
266656	926991
266584	926979
266497	926958
266405	926938
266371	926924
266306	926882
266231	926826
266132	926775
266121	926761
266152	926658
266192	926538
266183	926491
266117	926319
266057	926152
265996	925981
265986	925958
265933	925909
265825	925818
265805	925810
265590	925737
265531	925719
265440	925663
265335	925593
265286	925588
265092	925571
265010	925566
264972	925553
264912	925536
264882	925523
264890	925400
264893	925371
264924	925238
264880	925226
264765	925194
264729	925192
264624	925191
264456	925191
264212	925042
264174	925034
264178	925000
264178	925000
264187	924955
264193	924910
264213	924788
264223	924735
264198	924623
264163	924454
264145	924370
264147	924285
264147	924118
264147	924077
264190	923948
264201	923915
264222	923778
264235	923670
264229	923610
264222	923554
264207	923525
264198	923439
264165	923151
264153	923105
264052	923089
263952	923025
263889	922982
263833	922943
263820	922946
263716	922997
263624	923006
263437	923018
263355	923020
263174	923015
263109	923015
263095	923023
263031	923102
263003	923137
262948	923158
262911	923168
262892	923181
262853	923216
262818	923176
262802	923173
262778	923179
262744	923196
262717	923228
262713	923227
262678	923209
262660	923207
262619	923213
262557	923228
262504	923223
262436	923187
262366	923125
262337	923116
262310	923125
262288	923128
262275	923125
262223	923103
262210	923102
262188	923122
262180	923121
262156	923100
262133	923091
262054	923098
261868	923121
261801	923166
261727	923203
261649	923246
261637	923288
261624	923321
261565	923380
261467	923456
261394	923505
261355	923508
261199	923558
261178	923560
261137	923548
261115	923551
261065	923558
260994	923590
260960	923593
260905	923593
260873	923588
260870	923575
260870	923564
260865	923538
260825	923554
260764	923581
260722	923530
260716	923489
260715	923456
260693	923462
260610	923474
260564	923484
260553	923518
260539	923555
260508	923561
260455	923581
260425	923586
260390	923610
260355	923592
260284	923601
260243	923612
260213	923643
260176	923686
260113	923623
260067	923622
260002	923629
259948	923635
259824	923649
259767	923653
259702	923650
259688	923628
259667	923600
259652	923589
259646	923587
259631	923588
259599	923595
259553	923590
259497	923585
259464	923586
259443	923578
259421	923563
259379	923532
259362	923525
259326	923525
259286	923603
259264	923659
259261	923679
259266	923698
259301	923758
259295	923776
259246	923869
259195	923966
259180	923986
259131	923985
259130	923977
259120	923960
259097	923953
259074	923944
259067	923933
259050	923922
259014	923920
258955	923916
258911	923915
258860	923941
258809	923945
258753	923948
258723	923944
258654	923933
258617	923948
258560	923949
258461	924000
258383	924039
258290	924030
258258	924016
258252	924003
258255	923979
258102	923930
257982	924047
257915	924114
257915	924114
257852	924222
257838	924249
257847	924276
257853	924301
257842	924348
257815	924385
257801	924411
257797	924427
257798	924450
257800	924469
257826	924540
257830	924564
257823	924588
257814	924622
257809	924650
257830	924670
257835	924700
257829	924711
257832	924744
257814	924794
257799	924836
257797	924854
257840	924938
257858	924987
257871	925011
257858	925012
257783	924973
257731	924949
257728	924937
257712	924938
257684	924935
257660	924928
257643	924945
257576	924970
257464	925009
257464	925009
257435	925004
257425	925014
257413	925019
257401	925022
257394	925027
257372	925060
257352	925078
257313	925107
257299	925126
257289	925131
257268	925130
257261	925139
257260	925154
257263	925185
257262	925202
257260	925209
257263	925230
257261	925249
257253	925257
257228	925269
257223	925279
257223	925307
257223	925330
257225	925342
257239	925369
257242	925380
257248	925393
257248	925393
257242	925415
257228	925458
257210	925520
257200	925557
257192	925582
257192	925582
257173	925645
257154	925710
257115	925775
257118	925800
257118	925800
257083	925839
257034	925879
256995	925908
256986	925916
256970	925948
256964	926029
256984	926097
256955	926159
256946	926189
256939	926209
256936	926252
256940	926268
256956	926308
256987	926359
257024	926408
257035	926427
257051	926435
257135	926448
257170	926476
257326	926616
257368	926653
257376	926665
257404	926729
257442	926771
257463	926792
257463	926792
257419	926948
257373	927108
257359	927155
257295	927454
257281	927530
257266	927605
257241	927618
257215	927624
257159	927623
257115	927616
257063	927603
256984	927579
256952	927574
256887	927566
256828	927554
256788	927532
256753	927492
256742	927445
256707	927409
256640	927380
256552	927362
256522	927368
256465	927377
256374	927386
256258	927392
256213	927395
256152	927399
256107	927400
256077	927408
256047	927426
255986	927467
255937	927486
255922	927486
255890	927476
255867	927470
255840	927470
255818	927470
255768	927443
255723	927412
255681	927373
255641	927349
255607	927340
255554	927334
255502	927324
255488	927317
255468	927298
255406	927256
255364	927201
255304	927143
255241	927090
255193	927057
255143	927036
255083	927018
255039	927004
255039	927004
254991	926986
254986	926926
254980	926895
254950	926829
254924	926756
254873	926661
254822	926588
254750	926526
254677	926435
254649	926418
254606	926403
254580	926377
254543	926339
254524	926328
254493	926322
254466	926313
254377	926266
254257	926207
254151	926162
254102	926141
254070	926139
254030	926119
253988	926114
253935	926123
253902	926124
253883	926118
253855	926105
253773	926045
253753	926039
253701	926045
253657	926032
253576	926019
253509	926012
253481	925997
253411	925970
253355	925955
253300	925937
253223	925896
253186	925878
253160	925882
253093	925917
253031	925950
252930	925983
252840	926008
252836	926001
252801	925987
252722	925967
252674	925967
252649	925984
252608	926035
252570	926072
252528	926073
252521	926058
252479	926059
252388	926070
252370	926063
252291	926004
252242	925985
252204	925953
252126	925913
252106	925912
251944	925969
251825	926010
251692	926023
251619	926031
251421	926055
251359	926064
251242	926078
251147	926093
251154	926133
251164	926169
251163	926187
251155	926279
251128	926295
251081	926321
251037	926366
251020	926376
250965	926402
250938	926434
250938	926434
249999	926664
249999	926664
249450	926798
249450	926798
249513	927123
249585	927366
249739	927714
250032	928266
250153	928565
250233	928819
250203	929151
250134	929233
250026	929246
249825	929158
249513	928924
249296	928717
248932	928241
248790	928077
248612	927856
248537	927701
248517	927560
248484	927425
248386	927261
248139	927071
248139	927071
248043	927089
247914	927117
247801	927134
247754	927138
247487	927250
247474	927261
247426	927319
247333	927312
247263	927304
247170	927293
247056	927302
247036	927327
247001	927366
246961	927417
246950	927447
246950	927447
246931	927488
246895	927560
246885	927593
246867	927655
246850	927715
246838	927749
246829	927809
246780	928103
246753	928252
246710	928420
246686	928517
246629	928745
246584	928929
246554	929004
246554	929004
246553	929005
246539	929031
246525	929058
246525	929058
246496	929142
246456	929251
246431	929328
246382	929426
246382	929426
246381	929431
246367	929463
246344	929509
246312	929539
246285	929571
246287	929688
246293	929713
246346	929856
246349	929875
246338	929911
246346	929919
246524	930000
246524	930000
246583	930034
246654	930061
246763	930098
246769	930208
246779	930376
246781	930413
246791	930515
246788	930547
246780	930639
246848	930721
246886	930767
246930	930893
246983	931051
246996	931091
247054	931133
247121	931191
247206	931210
247261	931249
247273	931267
247261	931334
247251	931393
247215	931371
247170	931381
247093	931398
247035	931426
246989	931462
246935	931518
246901	931557
246818	931691
246789	931752
246749	931771
246727	931786
246612	931861
246452	931977
246359	932040
246260	932139
246207	932189
246060	932325
246047	932363
246012	932537
246011	932559
246021	932706
246015	932781
246005	932869
245999	932894
245959	933011
245928	933047
245856	933124
245781	933201
245676	933305
245675	933358
245682	933525
245686	933556
245860	933657
245888	933696
245857	933693
245801	933693
245722	933754
245734	933860
245714	933887
245707	933900
245677	933953
245640	933968
245608	934056
245551	934221
245490	934395
245451	934503
245426	934546
245424	934565
245420	934606
245406	934652
245405	934662
245409	934680
245425	934736
245467	934866
245449	934898
245465	934966
245458	935015
245458	935050
245457	935073
245441	935090
245419	935104
245357	935148
245321	935170
245311	935171
245283	935168
245234	935162
245177	935155
245127	935151
245047	935143
244975	935133
244975	935133
244908	935137
244850	935139
244823	935135
244769	935135
244713	935141
244652	935152
244556	935178
244500	935200
244444	935220
244382	935242
244358	935242
244326	935237
244299	935232
244284	935229
244268	935234
244248	935240
244238	935241
244232	935244
244207	935260
244192	935271
244181	935274
244162	935277
244147	935284
244095	935326
244066	935335
243996	935341
243935	935351
243899	935356
243882	935352
243866	935348
243856	935356
243849	935358
243837	935358
243820	935359
243794	935367
243751	935367
243751	935367
243553	935110
243553	935110
243468	935000
243468	935000
243228	934689
243228	934689
243151	934711
243107	934727
243092	934725
243000	934671
242881	934602
242776	934550
242687	934509
242617	934473
242609	934450
242553	934297
242523	934226
242523	934226
242494	934229
242412	934234
242364	934244
242353	934245
242326	934238
242252	934233
242197	934239
242119	934253
242079	934256
242038	934266
241960	934292
241896	934326
241870	934329
241827	934331
241761	934334
241740	934332
241663	934265
241619	934254
241592	934238
241501	934187
241461	934166
241452	934169
241438	934181
241425	934186
241405	934185
241394	934192
241369	934227
241344	934270
241302	934347
241278	934398
241271	934432
241261	934489
241259	934502
241260	934563
241239	934604
241223	934634
241165	934731
241126	934782
241101	934795
241068	934794
241030	934787
241004	934777
240947	934785
240885	934786
240816	934789
240749	934799
240703	934805
240680	934793
240573	934807
240546	934808
240500	934805
240456	934804
240430	934826
240267	934921
240243	934953
240238	934956
240186	934952
240167	934953
240138	934971
240100	934999
240100	934999
240068	935019
240021	935053
240020	935061
240032	935085
240049	935120
240051	935141
240045	935172
240030	935212
240024	935243
240029	935277
240032	935329
240035	935376
240036	935397
240039	935408
240047	935424
240072	935478
240085	935511
240078	935522
240042	935577
240031	935599
240087	935656
240091	935668
240092	935692
240097	935706
240118	935739
240171	935811
240183	935837
240192	935863
240199	935876
240223	935890
240252	935903
240402	935903
240424	935908
240472	935924
240492	935929
240506	935931
240690	935916
240718	935901
240734	935900
240748	935905
240749	935914
240746	935951
240741	936006
240741	936018
240814	936122
240821	936137
240801	936158
240789	936178
240780	936214
240782	936234
240785	936254
240799	936273
240814	936283
240835	936297
240841	936342
240832	936376
240816	936416
240800	936434
240780	936442
240730	936454
240690	936456
240683	936468
240677	936477
240660	936481
240608	936480
240589	936481
240574	936491
240551	936520
240528	936542
240506	936568
240501	936580
240501	936590
240527	936641
240546	936680
240559	936737
240561	936761
240565	936813
240567	936831
240574	936841
240593	936875
240589	936900
240577	936923
240567	936933
240551	936939
240546	936953
240529	937004
240524	937031
240527	937071
240526	937102
240514	937166
240511	937181
240515	937191
240534	937230
240548	937262
240547	937315
240535	937363
240517	937401
240493	937448
240500	937478
240509	937516
240512	937566
240514	937587
240548	937618
240602	937695
240613	937738
240621	937908
240621	937933
240613	937936
240564	937955
240548	937963
240552	938056
240554	938084
240552	938089
240521	938112
240498	938139
240479	938149
240454	938156
240426	938178
240413	938188
240407	938215
240401	938238
240372	938293
240358	938320
240336	938340
240319	938343
240300	938349
240274	938373
240239	938393
240191	938428
240191	938428
240169	938444
240161	938493
240180	938527
240173	938546
240133	938530
240104	938516
240044	938511
240041	938522
239979	938572
239990	938601
240048	938696
240057	938740
240055	938785
240096	938870
240112	938911
240112	938930
240088	938948
240062	938973
240037	938982
240053	939017
239973	939093
239943	939097
239867	939124
239812	939148
239744	939190
239708	939190
239692	939198
239609	939172
239544	939151
239519	939128
239415	939100
239381	939078
239360	939072
239327	939071
239294	939058
239248	939047
239200	938988
239227	939037
239248	939091
239255	939123
239248	939134
239234	939139
239210	939129
239187	939120
239168	939176
239167	939202
239164	939233
239107	939305
239056	939367
239026	939414
238937	939540
238904	939579
238886	939586
238838	939566
238783	939559
238733	939543
238640	939506
238624	939493
238615	939468
238569	939414
238555	939399
238550	939363
238528	939277
238505	939197
238491	939156
238473	939143
238451	939126
238436	939065
238421	939028
238379	938964
238349	938935
238308	938896
238276	938848
238250	938804
238243	938767
238172	938784
238138	938780
238089	938775
238043	938757
238005	938770
237936	938799
237910	938824
237879	938851
237864	938874
237855	938892
237793	938902
237740	938914
237704	938921
237675	938918
237605	938913
237548	938907
237432	938897
237357	938879
237357	938879
237314	938841
237236	938764
237187	938698
237173	938657
237166	938616
237165	938520
237165	938433
237176	938352
237178	938275
237176	938149
237162	938071
237055	937763
237026	937673
236947	937424
236923	937357
236893	937146
236887	937023
236896	936907
236909	936827
236943	936750
236967	936701
237047	936612
237244	936405
237374	936258
237448	936160
237493	936085
237517	936039
237548	935948
237557	935879
237554	935830
237545	935748
237465	935408
237453	935324
237452	935239
237453	935215
237530	935070
237570	934939
237599	934749
237596	934599
237550	934325
237521	934262
237487	934225
237404	934179
237222	934083
237156	934045
237055	933964
236972	933864
236895	933744
236663	933348
236576	933162
236576	933162
236559	933139
236553	933126
236548	933114
236552	933101
236557	933095
236559	933082
236564	933049
236569	933036
236573	933011
236576	933004
236581	933000
236583	932989
236574	932978
236575	932966
236578	932958
236583	932953
236589	932948
236592	932927
236591	932922
236583	932915
236582	932910
236589	932891
236592	932879
236593	932866
236588	932847
236588	932847
236600	932823
236585	932775
236572	932726
236573	932683
236598	932581
236576	932512
236558	932413
236552	932316
236533	932163
236556	932109
236531	932070
236441	932086
236334	932110
236289	932124
236266	932134
236253	932108
236241	932086
236217	932048
236192	932027
236152	931997
236087	931951
236048	931925
236032	931892
236017	931851
235989	931773
235970	931717
235957	931680
235958	931609
235975	931559
235982	931520
235999	931452
236027	931357
236060	931234
236108	931164
236191	931059
236191	931059
236145	931010
236145	931010
236049	931118
235906	931272
235788	931400
235730	931439
235568	931540
235524	931565
235504	931544
235445	931463
235361	931352
235306	931282
235280	931242
235208	931232
235117	931222
235059	931209
234976	931192
234914	931178
234901	931164
234896	931152
234881	931080
234836	930883
234813	930800
234789	930725
234773	930679
234771	930657
234805	930557
234822	930518
234854	930483
234931	930396
235003	930315
234993	930285
234984	930234
234969	930122
234928	930072
234841	929991
234793	929957
234756	929913
234699	929816
234622	929692
234570	929598
234525	929500
234489	929430
234462	929377
234445	929324
234445	929290
234454	929236
234454	929236
234368	929172
233944	929074
233867	929056
233841	929021
233841	929021
233556	929028
233269	929068
233134	929119
232854	929224
232744	929278
232661	929314
232595	929331
232534	929330
232466	929329
232413	929344
232335	929385
232199	929451
232077	929453
232013	929429
231955	929317
231879	929186
231697	928968
231562	928800
231533	928713
231541	928600
231591	928499
231668	928429
231708	928400
231821	928331
231937	928244
231985	928192
232021	928133
232050	928055
232057	927962
232033	927859
231992	927744
231795	927482
231548	927253
231399	927082
231211	926820
230998	926653
230806	926577
230704	926577
230624	926591
230536	926665
230380	926795
230380	926795
230334	926914
230207	926904
230133	926869
230057	926785
229996	926678
229965	926436
229983	926303
230047	926137
230274	925739
230287	925460
230278	925107
230014	924771
229898	924601
229803	924461
229712	924370
229712	924370
229683	924396
229611	924467
229522	924560
229460	924568
229411	924569
229256	924506
229185	924477
229204	924405
229217	924397
229406	924295
229454	924236
229541	924128
229604	924091
229634	924076
229615	924063
229586	924042
229574	924020
229533	923890
229504	923809
229483	923720
229468	923565
229493	923545
229544	923503
229603	923454
229614	923371
229624	923270
229636	923198
229642	923139
229655	923080
229687	923024
229698	923007
229795	922851
229813	922839
229861	922821
229878	922813
229882	922804
229934	922689
229984	922588
230005	922552
229996	922529
229955	922360
229939	922300
229933	922244
229937	922187
229948	922072
229959	922012
229981	921940
230006	921840
230087	921671
230120	921666
230183	921659
230183	921659
230297	921644
230327	921581
230372	921490
230372	921490
230330	921508
230286	921494
230214	921481
230185	921481
230185	921481
230154	921480
230119	921479
230093	921445
230090	921433
230113	921369
230075	921305
230005	921170
229996	921142
229984	921073
229985	921034
229999	920976
230025	920879
230037	920810
230050	920635
230052	920604
230046	920461
230045	920377
230061	920300
230072	920268
230111	920166
230144	920109
230144	920109
230152	920095
230177	920072
230230	920059
230261	920045
230292	920000
230292	920000
230311	919969
230324	919948
230326	919910
230322	919723
230316	919551
230314	919475
230314	919475
230310	919378
230305	919205
230304	919111
230304	919111
230290	919083
230257	919049
230237	919036
230220	919032
230196	919038
230151	919065
230110	919099
230060	919133
230029	919144
229999	919147
229990	919142
229962	919112
229934	919086
229889	919094
229851	919093
229765	919083
229715	919082
229672	919081
229645	919062
229595	919021
229567	918991
229537	918957
229514	918925
229508	918896
229499	918869
229501	918850
229518	918804
229544	918743
229544	918727
229538	918713
229515	918688
229503	918661
229500	918634
229500	918592
229489	918555
229478	918527
229454	918440
229418	918353
229402	918326
229376	918287
229348	918230
229330	918190
229308	918127
229308	918127
229294	918105
229284	918081
229315	917999
229328	917949
229349	917929
229373	917900
229376	917890
229381	917858
229396	917807
229415	917776
229415	917776
229419	917731
229427	917674
229422	917658
229408	917645
229377	917623
229367	917608
229351	917577
229327	917526
229294	917459
229281	917420
229288	917396
229301	917372
229330	917344
229344	917312
229341	917278
229329	917255
229321	917220
229312	917144
229308	917109
229309	917039
229305	917020
229293	916979
229279	916941
229260	916910
229235	916865
229220	916830
229213	916791
229207	916759
229204	916725
229195	916660
229185	916628
229163	916572
229143	916553
229125	916527
229118	916495
229102	916473
229068	916426
229063	916400
229063	916381
229073	916354
229097	916320
229111	916294
229119	916279
229153	916249
229160	916219
229155	916202
229133	916142
229107	916102
229095	916076
229068	916025
229061	915989
229030	915959
228968	915869
228957	915849
228958	915841
228958	915841
229032	915848
229021	915717
229021	915717
229023	915714
229044	915692
229083	915662
229131	915647
229191	915636
229228	915621
229261	915605
229274	915592
229292	915560
229301	915489
229310	915417
229309	915358
229307	915312
229282	915260
229278	915229
229291	915193
229308	915160
229312	915120
229322	915066
229327	915018
229341	914920
229347	914878
229360	914788
229365	914777
229414	914746
229469	914715
229522	914688
229547	914673
229586	914651
229623	914629
229647	914614
229648	914609
229645	914602
229620	914574
229594	914551
229581	914536
229572	914524
229555	914500
229541	914477
229537	914462
229530	914437
229523	914418
229513	914399
229490	914370
229472	914352
229465	914343
229457	914330
229449	914323
229437	914315
229418	914303
229391	914281
229380	914270
229366	914255
229360	914244
229348	914234
229343	914225
229330	914212
229300	914186
229279	914167
229267	914158
229249	914144
229234	914123
229223	914107
229208	914093
229187	914078
229175	914066
229163	914052
229130	914013
229105	913983
229087	913964
229065	913937
229057	913922
229052	913901
229046	913872
229044	913864
229036	913856
229032	913848
229027	913833
229024	913806
229013	913783
229001	913759
228993	913746
228980	913728
228975	913716
228957	913670
228949	913641
228947	913625
228946	913606
228940	913582
228935	913538
228935	913517
228937	913496
228937	913457
228938	913424
228941	913411
228944	913394
228943	913389
228936	913375
228929	913357
228909	913325
228896	913307
228893	913295
228892	913285
228889	913267
228887	913249
228887	913241
228891	913207
228887	913200
228878	913189
228877	913180
228878	913170
228877	913164
228873	913158
228850	913145
228841	913140
228835	913127
228826	913115
228817	913100
228814	913082
228812	913073
228806	913062
228800	913056
228795	913055
228780	913057
228776	913056
228765	913041
228760	913023
228745	913008
228735	913000
228726	912984
228724	912983
228716	912984
228700	912981
228697	912960
228692	912949
228688	912947
228678	912950
228668	912954
228659	912954
228638	912953
228632	912952
228626	912945
228622	912938
228622	912928
228621	912920
228596	912911
228589	912904
228586	912888
228584	912863
228576	912834
228566	912807
228563	912804
228549	912809
228541	912810
228535	912808
228532	912803
228532	912797
228541	912786
228538	912779
228530	912768
228530	912763
228536	912754
228539	912750
228538	912745
228527	912737
228489	912727
228468	912721
228467	912715
228472	912710
228488	912705
228491	912699
228487	912693
228469	912688
228463	912685
228463	912680
228466	912671
228478	912649
228489	912621
228488	912614
228470	912606
228455	912603
228443	912605
228435	912610
228429	912620
228427	912633
228421	912635
228410	912629
228386	912611
228360	912605
228342	912599
228333	912593
228329	912582
228328	912570
228333	912557
228331	912556
228313	912555
228303	912550
228298	912545
228301	912538
228307	912534
228323	912528
228359	912527
228372	912519
228376	912512
228376	912506
228370	912498
228360	912490
228354	912490
228338	912504
228328	912511
228321	912512
228314	912509
228302	912496
228296	912496
228293	912501
228280	912528
228274	912532
228272	912530
228269	912525
228266	912509
228265	912500
228270	912489
228281	912467
228280	912459
228268	912425
228261	912415
228250	912413
228243	912414
228236	912418
228236	912418
228229	912428
228230	912446
228240	912476
228240	912486
228236	912492
228228	912493
228216	912490
228210	912484
228208	912474
228209	912454
228209	912425
228210	912405
228214	912399
228245	912381
228253	912368
228257	912350
228256	912342
228245	912329
228245	912324
228257	912312
228292	912288
228303	912274
228313	912264
228324	912256
228334	912250
228348	912225
228377	912184
228383	912173
228387	912155
228388	912115
228392	912085
228400	912068
228413	912053
228433	912035
228448	912025
228471	912004
228476	911990
228478	911971
228476	911952
228462	911912
228421	911798
228406	911774
228393	911768
228383	911768
228350	911778
228324	911789
228218	911867
228159	911912
228148	911912
228121	911904
228030	911874
227994	911877
227930	911888
227899	911882
227879	911869
227845	911842
227826	911824
227804	911789
227777	911726
227764	911680
227740	911627
227745	911608
227781	911546
227773	911537
227753	911539
227740	911533
227714	911529
227693	911523
227670	911521
227656	911522
227642	911526
227596	911533
227569	911536
227530	911535
227478	911532
227454	911533
227423	911542
227406	911545
227361	911534
227334	911525
227326	911516
227313	911502
227288	911489
227280	911482
227269	911467
227263	911464
227248	911466
227240	911464
227233	911460
227225	911448
227221	911445
227213	911446
227210	911443
227208	911437
227203	911430
227186	911419
227173	911410
227148	911379
227138	911358
227129	911343
227123	911331
227124	911326
227124	911302
227121	911296
227109	911284
227098	911265
227091	911247
227084	911233
227076	911224
227075	911217
227075	911204
227072	911198
227067	911193
227057	911190
227038	911186
227025	911176
227012	911162
226999	911147
226998	911145
226993	911135
226985	911112
226982	911092
226979	911080
226968	911070
226951	911058
226948	911053
226943	911043
226937	911037
226936	911031
226937	911026
226944	911015
226955	911008
226973	910994
226975	910989
226971	910976
226967	910963
226965	910945
226961	910932
226958	910915
226958	910909
226964	910898
226964	910891
226959	910885
226947	910885
226924	910883
226919	910880
226903	910870
226890	910856
226873	910838
226838	910803
226819	910782
226805	910773
226755	910741
226744	910728
226744	910712
226733	910651
226733	910635
226734	910620
226766	910482
226793	910383
226810	910313
226823	910257
226832	910215
226826	910183
226815	910150
226796	910085
226773	910009
226765	910000
226765	910000
226745	909918
226737	909884
226720	909826
226697	909750
226690	909728
226671	909664
226651	909635
226620	909588
226591	909546
226592	909526
226592	909526
226580	909507
226552	909469
226513	909413
226483	909370
226443	909315
226395	909251
226376	909220
226350	909181
226310	909117
226278	909066
226243	909012
226221	908976
226221	908976
226220	908959
226213	908875
226197	908858
226186	908837
226183	908827
226180	908819
226173	908804
226172	908794
226175	908778
226184	908741
226185	908722
226181	908703
226186	908687
226198	908657
226203	908633
226205	908620
226212	908607
226214	908598
226208	908578
226205	908565
226201	908531
226193	908493
226191	908477
226190	908442
226192	908433
226202	908419
226206	908408
226207	908393
226206	908384
226208	908377
226212	908363
226211	908353
226207	908348
226197	908344
226195	908336
226195	908318
226187	908304
226181	908300
226177	908297
226174	908281
226169	908268
226166	908261
226167	908257
226174	908250
226175	908246
226172	908243
226152	908237
226134	908230
226112	908227
226109	908224
226105	908205
226098	908188
226092	908181
226075	908173
226053	908165
226043	908162
226023	908146
226001	908136
225991	908129
225983	908121
225980	908113
225976	908097
225972	908083
225964	908075
225958	908067
225951	908049
225942	908032
225941	908019
225927	908010
225924	908003
225924	908003
225926	907997
225948	907994
225943	907981
225953	907904
225956	907881
225964	907819
225968	907780
225975	907725
225980	907685
225984	907648
225990	907608
225996	907559
226001	907522
226007	907481
226010	907455
226017	907398
226022	907364
226028	907315
226034	907269
226024	907256
226007	907242
225985	907228
225968	907216
225944	907186
225920	907150
225915	907131
225918	907108
225927	907076
225937	907058
225945	907050
225962	907047
226004	907056
226027	907059
226033	907055
226054	907036
226054	907036
226053	906954
226074	906744
226074	906744
226069	906731
226045	906681
226031	906646
226022	906616
226008	906549
226003	906508
226001	906472
226001	906430
226006	906370
226008	906319
226004	906238
226000	906212
225975	906066
225972	906048
225941	905894
225932	905850
225912	905732
225899	905646
225885	905563
225878	905535
225878	905513
225884	905486
225889	905475
225904	905445
225931	905417
225955	905393
225981	905361
225994	905331
226000	905309
226000	905289
225995	905258
225986	905238
225965	905211
225955	905193
225939	905165
225934	905146
225932	905108
225937	905092
225959	905058
225994	904989
226027	904921
226034	904905
226070	904829
226109	904750
226144	904680
226162	904644
226207	904550
226207	904550
226228	904513
226281	904400
226302	904366
226310	904341
226308	904275
226307	904223
226304	904177
226280	904132
226214	904119
226199	904106
226192	904070
226191	904039
226185	904012
226196	903982
226202	903960
226196	903925
226179	903869
226164	903808
226133	903702
226121	903669
226100	903646
226052	903595
226000	903529
225961	903474
225914	903432
225846	903376
225838	903361
225800	903296
225778	903261
225750	903189
225746	903168
225700	903021
225678	902952
225646	902850
225636	902814
225632	902764
225627	902697
225613	902608
225603	902568
225603	902568
225557	902586
225534	902600
225512	902629
225459	902704
225425	902745
225374	902774
225266	902831
225138	902899
225050	902942
224964	902988
224949	903001
224943	903048
224913	903029
224899	903025
224853	903036
224808	903062
224792	903121
224787	903147
224765	903187
224751	903203
224720	903224
224705	903243
224701	903264
224697	903308
224676	903345
224657	903382
224653	903408
224653	903485
224653	903508
224637	903525
224574	903568
224522	903610
224482	903637
224455	903652
224412	903668
224350	903700
224336	903706
224291	903717
224217	903724
224181	903736
224131	903764
224056	903800
223973	903842
223934	903861
223840	903909
223781	903940
223738	903963
223701	903981
223628	904011
223573	904030
223494	904056
223441	904072
223368	904094
223319	904111
223283	904119
223190	904122
223228	904161
223240	904203
223249	904237
223258	904255
223276	904277
223297	904309
223308	904367
223310	904414
223307	904450
223305	904481
223290	904519
223282	904546
223284	904587
223290	904642
223307	904729
223312	904784
223323	904832
223505	904840
223526	904912
223533	904950
223559	905037
223584	905121
223598	905196
223593	905212
223572	905234
223511	905277
223492	905307
223461	905340
223412	905340
223370	905345
223346	905348
223323	905342
223298	905333
223271	905331
223237	905344
223207	905365
223182	905376
223151	905372
223135	905345
223115	905337
223086	905335
223049	905346
223010	905352
222949	905352
222910	905354
222870	905354
222842	905349
222806	905322
222767	905305
222719	905298
222683	905295
222639	905286
222589	905267
222560	905261
222523	905261
222478	905260
222448	905236
222437	905227
222403	905290
222375	905306
222320	905322
222279	905329
222237	905377
222236	905400
222235	905466
222183	905488
222147	905493
222101	905482
222058	905474
222015	905471
221992	905484
221959	905518
221933	905548
221933	905558
221972	905632
221959	905664
221946	905700
221936	905732
221925	905752
221907	905770
221864	905789
221827	905806
221769	905823
221750	905830
221721	905860
221707	905877
221692	905905
221680	905932
221619	905948
221584	905954
221555	905957
221514	905966
221473	905981
221432	906004
221372	906037
221298	906079
221236	906129
221197	906167
221175	906183
221130	906203
221083	906225
221055	906246
221026	906257
220971	906259
220933	906272
220888	906286
220823	906294
220782	906316
220747	906331
220719	906332
220692	906335
220659	906354
220630	906313
220574	906269
220515	906249
220443	906222
220415	906212
220364	906171
220336	906151
220302	906134
220257	906135
220218	906141
220195	906155
220163	906211
220174	906240
220194	906263
220235	906309
220251	906343
220257	906367
220240	906366
220188	906403
220178	906430
220156	906481
220131	906526
220102	906548
220085	906556
220069	906577
220039	906630
220018	906669
219968	906674
219942	906688
219937	906719
219942	906827
219923	906865
219876	906967
219873	906986
219890	907040
219919	907129
219944	907203
219958	907251
219955	907285
219943	907318
219926	907372
219905	907407
219885	907439
219869	907457
219804	907526
219752	907588
219703	907649
219725	907795
219734	907825
219773	907927
219769	907940
219732	907985
219710	908007
219731	908149
219747	908174
219790	908203
219800	908212
219818	908238
219828	908253
219785	908275
219708	908312
219656	908340
219559	908398
219530	908425
219499	908409
219499	908409
219436	908378
219361	908340
219333	908342
219292	908366
219245	908395
219224	908452
219207	908524
219215	908582
219223	908672
219223	908726
219231	908750
219231	908750
219230	908752
219202	909060
219202	909060
219214	909159
219225	909225
219228	909259
219249	909397
219249	909449
219247	909530
219244	909541
219215	909574
219166	909632
219085	909715
218995	909805
218969	909832
218957	909855
218959	909877
218993	909941
219015	909992
219026	910033
219033	910060
219027	910089
219009	910129
219008	910140
219053	910179
219100	910222
