1
1224
0
306189	917451
306133	917515
306042	917622
306016	917654
305929	917758
305869	917829
305768	917949
305729	917996
305632	918110
305581	918169
305506	918259
305456	918316
305436	918341
305325	918472
305288	918515
305145	918685
305029	918821
304933	918944
304870	919019
304775	919133
304731	919187
304619	919325
304587	919360
304538	919423
304487	919483
304449	919528
304340	919659
304317	919686
304304	919701
304299	919716
304325	919753
304399	919870
304502	920037
304607	920206
304623	920238
304622	920266
304604	920269
304392	920275
304337	920278
304323	920282
304271	920374
304195	920493
304164	920544
304052	920726
304039	920749
304021	920757
303950	920756
303833	920758
303751	920754
303576	920732
303487	920723
303431	920723
303322	920729
303204	920735
303063	920740
302978	920746
302906	920747
302852	920752
302791	920794
302683	920870
302581	920938
302560	920956
302552	920977
302544	921068
302529	921192
302522	921272
302516	921300
302485	921320
302363	921393
302313	921425
302280	921436
302199	921433
302116	921431
301977	921402
301854	921381
301758	921370
301697	921364
301640	921359
301602	921364
301533	921380
301456	921394
301278	921425
301176	921444
301127	921452
301124	921466
301125	921512
301131	921606
301153	921730
301167	921834
301176	921878
301223	922002
301254	922078
301254	922097
301237	922135
301177	922217
301124	922299
301073	922375
301039	922423
300869	922680
300826	922746
300802	922776
300754	922791
300670	922814
300557	922845
300496	922861
300465	922887
300395	922993
300356	923075
300322	923148
300298	923170
300262	923202
300210	923251
300130	923326
300041	923405
300017	923426
299975	923443
299942	923462
299911	923473
299887	923469
299769	923416
299547	923319
299424	923267
299399	923256
299366	923326
299263	923537
299208	923655
299098	923885
299060	923968
299039	924003
298933	924219
298865	924351
298835	924413
298800	924460
298756	924530
298711	924598
298680	924649
298661	924665
298611	924679
298565	924691
298524	924703
298472	924715
298439	924721
298389	924714
298225	924683
298067	924655
298004	924630
297928	924573
297854	924529
297741	924465
297629	924398
297504	924328
297340	924242
297151	924145
297040	924095
296936	924058
296886	924045
296849	924041
296804	924046
296691	924083
296557	924131
296354	924187
296222	924222
296096	924255
296008	924277
295923	924286
295831	924291
295768	924297
295725	924301
295711	924308
295692	924329
295675	924338
295605	924347
295602	924361
295613	924400
295631	924434
295651	924457
295666	924486
295679	924523
295720	924594
295764	924664
295870	924832
295940	924948
295980	925009
296016	925069
296076	925102
296166	925155
296246	925203
296324	925250
296362	925273
296364	925289
296340	925322
296318	925356
296254	925454
296182	925556
296113	925660
296083	925702
296050	925771
296018	925876
295991	925968
295973	926025
295960	926068
295937	926085
295875	926124
295863	926139
295854	926257
295850	926335
295846	926373
295838	926471
295836	926513
295837	926541
295848	926552
295900	926580
295962	926612
295983	926622
295991	926628
295984	926638
295943	926654
295889	926677
295806	926716
295745	926773
295721	926797
295718	926815
295726	926886
295732	926955
295739	927047
295732	927251
295729	927387
295723	927588
295721	927642
295721	927663
295759	927684
295813	927704
295838	927735
295846	927815
295854	927925
295861	928019
295866	928064
295859	928094
295826	928136
295765	928237
295742	928273
295693	928296
295617	928327
295498	928380
295431	928403
295325	928436
295247	928461
295215	928467
295178	928478
295172	928493
295152	928605
295139	928659
295096	928706
295032	928773
294982	928838
294930	928916
294901	928953
294827	929049
294771	929121
294760	929137
294767	929157
294831	929214
294853	929239
294833	929284
294768	929402
294748	929420
294670	929468
294513	929566
294449	929607
294382	929644
294286	929689
294202	929727
294088	929773
293983	929811
293904	929831
293846	929837
293788	929836
293700	929831
293574	929824
293482	929820
293448	929821
293424	929834
293394	929859
293343	929895
293302	929925
293281	929940
293260	929950
293207	929955
293212	930030
293228	930150
293235	930252
293252	930409
293263	930498
293276	930615
293280	930662
293268	930729
293253	930816
293225	930980
293207	931082
293194	931157
293149	931405
293134	931495
293114	931626
293103	931709
293095	931759
293077	931790
293042	931817
292989	931874
292945	931914
292925	931937
292917	931992
292904	932147
292894	932232
292863	932404
292851	932490
292831	932593
292824	932650
292819	932666
292782	932684
292719	932714
292609	932770
292508	932822
292426	932863
292401	932873
292379	932868
292315	932837
292275	932822
292223	932821
292189	932822
292157	932825
292118	932859
292087	932886
292028	932935
291917	933029
291838	933096
291756	933166
291676	933234
291631	933273
291604	933292
291585	933314
291567	933385
291537	933499
291527	933525
291527	933555
291541	933620
291564	933767
291582	933861
291618	933965
291650	934061
291660	934084
291695	934103
291720	934116
291748	934130
291783	934126
291879	934110
291928	934102
291953	934100
291997	934129
292095	934195
292136	934222
292179	934221
292262	934210
292311	934207
292327	934212
292378	934244
292458	934302
292543	934358
292562	934374
292552	934414
292510	934537
292490	934602
292485	934643
292485	934697
292480	934884
292478	935007
292478	935042
292471	935339
292472	935389
292468	935483
292468	935483
292486	935498
292588	935531
292676	935561
292759	935591
292858	935620
292924	935646
292975	935685
293115	935807
293196	935879
293270	935939
293372	936027
293400	936045
293464	936062
293594	936097
293697	936124
293801	936154
293918	936188
294221	936269
294340	936304
294431	936328
294595	936373
294656	936385
294751	936394
294818	936397
294836	936399
294855	936408
294868	936488
294891	936600
294935	936850
294950	936944
294963	937108
294969	937157
294962	937209
294940	937289
294916	937355
294889	937413
294852	937506
294835	937546
294831	937574
294839	937632
294846	937715
294859	937836
294864	937899
294864	937924
294838	937956
294780	938030
294721	938106
294684	938161
294638	938221
294624	938252
294593	938394
294568	938493
294561	938595
294560	938635
294552	938775
294548	938863
294545	938906
294543	938926
294531	938938
294467	938946
294383	938959
294253	938979
294163	938995
294122	939004
294088	939037
294004	939124
293915	939214
293827	939304
293794	939335
293764	939359
293708	939393
293680	939407
293654	939424
293644	939435
293630	939474
293602	939562
293549	939721
293513	939825
293490	939866
293453	939902
293422	939934
293399	939960
293375	940059
293342	940193
293333	940237
293300	940360
293278	940383
293239	940436
293226	940455
293225	940495
293222	940566
293218	940720
293212	940858
293210	940912
293205	941055
293202	941188
293198	941253
293197	941325
293206	941362
293245	941462
293276	941542
293289	941581
293304	941628
293330	941653
293411	941706
293565	941802
293662	941865
293753	941923
293869	941999
293962	942058
293988	942080
294022	942149
294065	942231
294084	942272
294154	942403
294200	942494
294213	942521
294214	942555
294203	942609
294189	942779
294186	942820
294199	942839
294265	942890
294281	942918
294291	942958
294341	943092
294365	943155
294381	943174
294421	943201
294489	943245
294555	943291
294592	943314
294617	943331
294634	943388
294674	943508
294715	943593
294732	943636
294748	943662
294759	943695
294763	943728
294763	943728
294780	943861
294794	943971
294813	944112
294815	944144
294833	944253
294843	944315
294861	944436
294872	944487
294890	944607
294899	944661
294915	944764
294919	944792
294932	944802
294976	944821
294993	944829
295029	944833
295052	944841
295073	944858
295087	944862
295112	944871
295112	944871
295148	944913
295220	945000
295364	945167
295411	945223
295536	945323
295777	945510
295950	945647
296214	945849
296325	945936
296400	945997
296404	946035
296405	946187
296405	946226
296396	946272
296346	946475
296346	946475
296334	946530
296295	946692
296284	946738
296249	946861
296245	946880
296212	947030
296169	947199
296160	947225
296108	947363
296077	947442
296045	947529
296010	947589
295957	947689
295937	947719
295859	947851
295843	947878
295765	948022
295742	948058
295693	948139
295664	948187
295662	948207
295661	948255
295661	948345
295661	948375
295659	948446
295658	948488
295668	948519
295680	948544
295707	948604
295744	948693
295762	948737
295777	948772
295798	948814
295830	948863
295839	948879
295885	948957
295901	949035
295906	949063
295933	949209
295947	949295
295962	949320
295959	949375
295958	949410
295947	949549
295947	949562
295939	949719
295933	949815
295931	949853
295926	949904
295927	949944
295921	949978
295921	950002
295921	950002
295919	950022
295930	950110
295931	950148
295938	950233
295939	950278
295932	950323
295906	950438
295904	950453
295890	950522
295879	950577
295879	950577
295877	950585
295754	950645
295564	950745
295501	950785
295269	950950
295142	951040
295165	951120
295211	951292
295230	951360
295260	951418
295280	951460
295338	951567
295364	951626
295444	951791
295509	951919
295530	951964
295568	952044
295597	952098
295599	952137
295606	952285
295606	952308
295618	952478
295623	952516
295608	952523
295516	952562
295499	952568
295498	952588
295494	952670
295490	952753
295485	952835
295481	952919
295477	952968
295477	953006
295471	953093
295467	953172
295467	953187
295464	953228
295477	953257
295491	953289
295513	953344
295518	953353
295533	953389
295550	953429
295554	953438
295563	953456
295588	953514
295599	953540
295626	953601
295655	953667
295663	953688
295662	953701
295658	953775
295654	953860
295649	953944
295649	953953
295645	954030
295640	954114
295636	954198
295631	954283
295626	954369
295625	954389
295621	954455
295620	954481
295615	954563
295611	954652
295606	954708
295684	954681
295728	954664
295761	954651
295833	954626
295852	954618
295866	954629
295878	954635
295910	954658
295956	954692
296018	954737
296066	954771
296108	954802
296142	954825
296150	954843
296181	954942
296189	954975
296210	955043
296222	955077
296223	955105
296188	955144
296132	955203
296105	955240
296073	955272
296076	955287
296091	955354
296105	955430
296114	955470
296119	955502
296153	955599
296183	955690
296102	955773
296032	955848
295988	955896
295966	955920
295942	955947
295910	955997
295832	956121
295786	956195
295728	956290
295709	956320
295666	956389
295663	956402
295675	956460
295679	956502
295697	956633
295704	956682
295718	956775
295713	956805
295673	956963
295670	956979
295654	957049
295647	957080
295637	957115
295582	957119
295549	957119
295543	957136
295528	957201
295502	957302
295493	957334
295480	957395
295473	957476
295472	957542
295467	957644
295467	957712
295465	957743
295463	957787
295449	957806
295379	957893
295310	957978
295240	958065
295175	958149
295106	958234
295046	958313
294993	958397
294934	958480
294872	958566
294847	958603
294817	958649
294797	958674
294757	958726
294740	958754
294728	958767
294728	958767
294726	958779
294560	959203
294560	959203
294568	959278
294564	959303
294573	959387
294583	959468
294593	959549
294602	959636
294612	959721
294621	959804
294623	959826
294630	959890
294632	959914
294639	959974
294642	959998
294648	960059
294658	960145
294661	960169
294670	960245
294674	960279
294673	960289
294673	960289
294585	960234
294505	960185
294489	960176
294430	960175
294259	960189
294144	960200
293987	960210
293879	960219
293752	960230
293736	960376
293735	960392
293716	960561
293698	960727
293690	960877
293690	960900
293686	960969
293632	961056
293620	961073
293541	961195
293456	961239
293329	961308
293306	961322
293255	961370
293256	961409
293256	961561
293256	961581
293255	961703
293251	961745
293248	961800
293200	961900
293193	961916
293120	962071
293112	962088
293033	962259
292951	962433
292887	962579
292862	962622
292846	962660
292841	962698
292837	962822
292838	962841
292830	962854
292786	962899
292761	962922
292698	962988
292649	963032
292641	963047
292628	963075
292667	963158
292644	963173
292470	963259
292422	963288
292418	963316
292381	963482
292370	963536
292353	963564
292231	963653
292185	963700
292162	963725
292132	963754
292126	963769
292112	963796
292093	963828
292067	963826
292006	963824
291972	963820
291935	963817
291939	963889
291942	963974
291946	964058
291950	964142
291955	964227
291957	964310
291962	964390
291963	964408
291968	964474
291967	964488
291969	964556
291971	964642
291971	964673
291972	964728
291974	964777
291976	964898
291976	964966
291980	965024
291981	965061
291981	965095
291983	965158
291984	965192
291986	965235
291987	965275
291986	965319
291962	965338
291953	965350
291947	965368
291947	965368
291953	965380
291951	965397
291955	965410
291955	965421
291978	965457
292000	965480
292000	965480
292016	965508
292048	965538
292063	965545
292079	965544
292080	965545
292080	965545
292080	965548
292039	965702
291963	965971
291886	966242
291733	966942
291347	968611
291016	970110
290856	970868
290710	971563
290710	971563
290935	971543
291598	971366
292044	971485
292194	971509
292249	971518
292990	971572
293053	971601
293381	971754
294317	972005
295242	972073
295303	972168
295454	972313
295642	972494
295736	972584
295919	972759
296009	972850
296425	973265
296916	973590
297095	973708
297235	973801
297324	973870
297408	973908
298194	974483
298548	974648
298698	974753
299018	974896
299483	975361
299483	975361
299512	975391
299662	975496
299724	975558
300239	975925
301033	976481
301199	976558
301320	976643
302198	977052
303134	977303
304100	977387
305065	977303
306001	977052
306731	976712
306811	976734
307466	976791
307716	976902
308652	977153
309144	977200
309144	977200
309520	977236
309633	977238
309731	977239
309908	977224
310330	977261
311295	977176
311521	977116
311912	977069
312848	976818
312971	976761
313124	977331
313533	978210
314089	979003
314144	979058
314293	979259
314422	979442
315107	980128
315222	980209
315353	980339
316147	980895
316319	980982
316995	981455
317213	981553
317454	981722
318333	982131
319269	982382
320234	982467
321200	982382
322136	982131
322471	981975
322787	981890
323691	981466
323888	981351
324657	980810
325222	980245
325889	980303
325977	980296
326476	980339
327441	980423
328321	980361
328404	980368
328670	980392
329066	980576
329536	980709
329614	981003
330024	981881
330382	982393
329903	982265
328938	982180
328521	982196
328320	982211
327772	982280
326835	982531
326387	982744
325434	982686
324469	982770
323532	983021
323271	983136
322393	983546
322393	983546
324132	983464
324539	983446
325865	983401
326644	983366
327657	983321
328746	983273
329846	983220
330785	983175
331777	983133
332654	983099
333231	983071
333799	983039
334223	982980
334498	982900
334669	982813
335090	982525
335605	982198
336398	981679
337122	981248
337539	981015
337786	980879
338305	980608
338872	980319
339084	980177
339234	980010
339746	979464
340003	979203
340341	978848
340849	978333
341228	977926
342070	977043
342550	976559
343458	975624
343907	975175
344450	974608
345024	974031
345024	974031
345356	973529
345539	972984
345678	972464
345820	971648
345881	971090
345881	971090
345866	971034
345444	970155
345487	969662
345395	968662
345366	968330
345115	967393
344976	967096
344691	966176
344281	965297
343710	964514
343611	964410
343602	964299
343548	963563
343297	962627
342887	961748
342331	960955
342109	960733
341840	960105
341743	959950
341641	959810
342127	959483
342243	959393
342409	959230
342562	959123
343248	958438
343804	957644
344213	956765
344464	955829
344548	954864
344542	954790
344587	954271
344503	953306
344374	952823
344399	952523
344455	951870
344371	950904
344120	949968
344019	949751
343998	949707
343921	949542
343897	949491
343876	949445
343716	949087
343479	948560
343316	948327
343177	948031
343014	947798
342952	947567
342543	946689
342289	946290
342139	946075
342001	945894
342010	945776
341839	945138
341839	945138
341759	944840
341379	944024
341359	943958
341105	943098
340872	942598
340781	942402
340770	942102
340519	941166
340109	940288
339554	939494
338868	938809
338795	938754
338457	938270
337771	937585
337622	937480
337527	937387
337391	937291
337290	937191
336682	936764
336333	936267
335648	935581
335578	935524
335451	935421
335247	935281
335190	935241
335069	934928
334690	934387
334649	934299
334093	933506
333731	933144
333476	932779
332791	932094
332571	931919
331887	931401
331313	931020
330434	930611
330263	930561
329807	930349
329763	930339
329702	930322
328207	929731
327944	929669
327259	929575
327028	929460
326801	929321
325923	928912
325628	928833
325302	928700
324989	928481
324111	928071
323319	927859
323129	927771
322705	927657
322201	926937
321938	926673
321910	926615
321354	925821
320746	925201
320601	925089
320562	925006
320502	924877
320413	924749
319857	923955
319674	923748
319333	923379
319258	923276
319025	923043
318939	922859
318712	922534
318594	922094
318184	921216
317628	920422
317496	920269
317261	920009
317073	919829
316985	919639
316905	919525
316871	919452
316294	918637
316002	918219
315868	918085
315637	917771
314952	917086
314761	916952
314761	916952
314720	916923
314410	916613
313616	916057
313090	915790
312979	915741
312717	915635
312654	915572
312192	915110
312152	915082
311928	914858
311879	914810
311194	914124
310432	913587
310265	913489
310011	913288
310011	913288
307332	916206
307332	916206
307326	916213
307326	916213
306189	917451
