1
4030
0
275193	944072
275215	944083
275277	944108
275389	944153
275459	944181
275534	944212
275553	944220
275554	944228
275556	944260
275561	944273
275581	944296
275594	944304
275615	944306
275657	944298
275672	944299
275684	944308
275692	944325
275694	944341
275689	944357
275690	944369
275698	944378
275713	944393
275719	944411
275724	944412
275748	944400
275760	944394
275768	944399
275777	944410
275782	944427
275783	944447
275794	944478
275805	944512
275818	944531
275837	944545
275874	944574
275883	944593
275878	944620
275871	944641
275876	944661
275877	944682
275870	944703
275854	944718
275828	944734
275820	944764
275810	944799
275810	944812
275838	944848
275854	944877
275875	944897
275908	944923
275930	944953
275957	944975
275980	944980
276013	944982
276077	944986
276141	944990
276182	945002
276221	945025
276232	945026
276232	945016
276229	944997
276229	944997
276244	944970
276299	944867
276312	944841
276333	944821
276379	944782
276462	944703
276478	944693
276525	944677
276568	944664
276603	944647
276647	944623
276703	944588
276739	944566
276836	944540
276904	944526
276956	944520
276960	944517
276954	944496
276941	944451
276930	944421
276916	944376
276903	944337
276909	944328
276937	944299
276936	944284
276929	944254
276914	944197
276897	944125
276888	944080
276865	943954
276853	943908
276854	943891
276872	943867
276925	943788
276950	943752
276992	943694
277044	943618
277052	943615
277080	943626
277110	943637
277134	943658
277182	943695
277242	943746
277271	943771
277284	943768
277305	943759
277359	943739
277432	943712
277493	943693
277495	943686
277495	943596
277496	943434
277496	943269
277496	943179
277503	943166
277557	943097
277648	942976
277693	942917
277712	942897
277728	942897
277775	942898
277801	942900
277804	942905
277826	942950
277862	943022
277911	943120
277936	943174
277984	943285
278018	943367
278053	943451
278066	943482
278123	943614
278131	943625
278182	943645
278379	943724
278436	943746
278484	943765
278509	943772
278566	943779
278651	943790
278711	943797
278759	943804
278932	943840
279036	943860
279091	943873
279104	943873
279118	943858
279146	943822
279161	943806
279166	943808
279188	943820
279305	943885
279338	943904
279351	943903
279392	943896
279495	943878
279573	943859
279636	943845
279662	943839
279669	943829
279685	943804
279703	943776
279728	943735
279751	943701
279757	943685
279759	943641
279762	943593
279771	943581
279794	943560
279824	943532
279886	943474
279907	943454
279954	943406
279989	943375
280013	943356
280068	943301
280129	943242
280168	943204
280183	943201
280231	943197
280348	943184
280450	943172
280596	943164
280660	943160
280749	943157
280807	943154
280853	943151
280883	943145
280983	943123
281015	943115
281025	943104
281043	943083
281068	943047
281125	942975
281141	942952
281184	942913
281290	942810
281331	942773
281352	942752
281415	942652
281437	942617
281464	942572
281498	942523
281515	942491
281534	942466
281537	942453
281532	942433
281509	942379
281491	942337
281492	942318
281492	942258
281493	942152
281497	942095
281497	941988
281497	941953
281500	941942
281514	941927
281542	941901
281631	941815
281666	941782
281699	941751
281701	941738
281696	941658
281697	941646
281706	941645
281717	941646
281768	941653
281789	941650
281808	941640
281847	941620
281887	941602
281949	941576
281981	941565
282066	941529
282225	941465
282300	941434
282362	941410
282397	941391
282501	941310
282582	941247
282654	941193
282685	941173
282702	941170
282712	941174
282740	941185
282759	941186
282782	941179
282782	941179
282827	941172
282856	941166
282894	941150
282922	941140
282938	941143
282963	941149
283040	941164
283124	941171
283162	941173
283177	941171
283189	941162
283198	941150
283212	941130
283239	941092
283264	941071
283276	941064
283319	941051
283380	941030
283441	941009
283511	940982
283556	940963
283594	940946
283627	940919
283661	940891
283667	940886
283692	940891
283728	940901
283759	940910
283782	940927
283807	940948
283829	940958
283860	940963
283881	940963
283906	940956
283932	940940
283978	940906
283989	940905
284026	940904
284073	940902
284102	940902
284105	940909
284103	940937
284106	940944
284129	940955
284163	940982
284176	940987
284195	940989
284218	940979
284225	940983
284240	941005
284279	941022
284281	941027
284273	941043
284245	941107
284198	941203
284163	941278
284140	941322
284138	941339
284147	941375
284157	941410
284158	941434
284142	941457
284128	941478
284119	941515
284107	941526
284067	941547
284033	941566
284000	941584
283993	941623
283989	941685
283999	941719
284036	941763
284095	941829
284116	941881
284169	942044
284191	942108
284220	942197
284256	942254
284294	942307
284357	942395
284398	942454
284420	942482
284458	942506
284578	942577
284631	942621
284652	942647
284648	942663
284612	942760
284602	942789
284613	942847
284630	942949
284648	943034
284698	943213
284698	943213
284709	943252
284716	943263
284773	943292
284849	943334
284934	943380
285013	943426
285052	943449
285072	943450
285105	943440
285140	943431
285186	943415
285263	943378
285298	943360
285344	943341
285366	943325
285460	943211
285483	943183
285597	943040
285628	943005
285740	942869
285762	942843
285776	942826
285787	942806
285800	942775
285819	942733
285836	942707
285850	942694
285886	942684
285978	942659
286109	942631
286177	942617
286238	942606
286278	942597
286306	942584
286386	942538
286429	942515
286504	942471
286644	942394
286703	942360
286758	942328
286875	942262
286923	942235
286968	942211
286986	942197
286996	942177
287003	942148
287023	942093
287034	942063
287046	942022
287066	941969
287080	941933
287077	941922
287062	941896
287045	941872
287025	941840
287014	941816
287007	941752
287000	941701
286987	941598
286988	941582
287002	941580
287049	941580
287122	941580
287183	941579
287199	941572
287219	941551
287364	941392
287407	941346
287463	941286
287508	941238
287525	941222
287532	941225
287603	941312
287658	941382
287665	941386
287678	941378
287747	941334
287820	941284
287873	941256
287973	941208
288007	941190
288027	941180
288032	941168
288033	941148
288039	941127
288050	941118
288075	941107
288110	941091
288124	941090
288161	941105
288249	941140
288265	941146
288268	941141
288273	941123
288279	941099
288280	941079
288273	941062
288262	941027
288247	940951
288240	940921
288237	940894
288259	940779
288266	940741
288273	940710
288299	940678
288317	940661
288317	940650
288307	940634
288294	940609
288296	940593
288312	940560
288369	940450
288382	940430
288428	940349
288478	940277
288509	940231
288555	940160
288577	940138
288609	940118
288624	940105
288627	940087
288627	940060
288639	940040
288692	939957
288707	939950
288731	939947
288841	939927
288945	939910
288994	939904
289017	939916
289232	939986
289318	940015
289341	940024
289347	940037
289352	940158
289358	940311
289360	940333
289365	940337
289373	940334
289384	940320
289405	940298
289466	940235
289531	940154
289571	940101
289593	940073
289601	940062
289628	940050
289668	940032
289704	940019
289742	939995
289785	939956
289826	939916
289862	939879
289882	939859
289900	939857
289923	939854
289955	939853
289993	939852
290019	939847
290039	939839
290064	939826
290092	939809
290128	939790
290172	939764
290225	939738
290254	939736
290290	939730
290318	939727
290338	939731
290367	939742
290378	939745
290398	939745
290431	939741
290438	939732
290443	939713
290456	939648
290461	939624
290475	939554
290481	939531
290477	939505
290476	939481
290483	939474
290503	939464
290538	939449
290559	939441
290579	939440
290631	939450
290657	939449
290675	939440
290710	939412
290744	939394
290757	939382
290764	939357
290771	939314
290780	939295
290806	939274
290855	939241
290905	939208
290927	939191
290953	939147
290978	939102
291002	939067
291025	939048
291065	939021
291105	939002
291123	938986
291161	938906
291193	938839
291205	938818
291232	938799
291276	938770
291321	938737
291348	938719
291398	938682
291449	938649
291475	938630
291489	938611
291512	938565
291538	938518
291603	938392
291614	938372
291636	938328
291660	938306
291702	938268
291732	938239
291748	938220
291758	938187
291801	938046
291809	938016
291815	938003
291870	937944
291942	937871
291967	937844
292031	937779
292045	937763
292041	937753
292020	937729
291998	937707
292000	937693
292011	937682
292044	937645
292095	937586
292140	937536
292156	937526
292200	937506
292271	937476
292340	937448
292394	937425
292423	937416
292428	937406
292428	937384
292427	937328
292422	937315
292399	937300
292347	937264
292284	937223
292254	937197
292201	937144
292106	937050
292064	937009
291999	936956
291916	936881
291883	936851
291854	936807
291805	936719
291774	936664
291763	936636
291767	936617
291797	936548
291812	936497
291816	936444
291816	936401
291807	936375
291785	936349
291753	936308
291722	936272
291724	936264
291734	936255
291773	936223
291794	936208
291838	936170
291877	936135
291911	936107
291925	936087
291937	936038
291940	936023
291947	935979
291949	935956
291944	935944
291920	935911
291896	935883
291891	935866
291905	935791
291923	935690
291931	935649
291941	935637
291956	935631
292005	935605
292064	935572
292125	935536
292171	935510
292224	935481
292245	935466
292258	935440
292270	935420
292327	935390
292348	935380
292357	935384
292387	935414
292468	935483
292468	935483
292472	935389
292471	935339
292478	935042
292478	935007
292480	934884
292485	934697
292485	934643
292490	934602
292510	934537
292552	934414
292562	934374
292543	934358
292458	934302
292378	934244
292327	934212
292311	934207
292262	934210
292179	934221
292136	934222
292095	934195
291997	934129
291953	934100
291928	934102
291879	934110
291783	934126
291748	934130
291720	934116
291695	934103
291660	934084
291650	934061
291618	933965
291582	933861
291564	933767
291541	933620
291527	933555
291527	933525
291537	933499
291567	933385
291585	933314
291604	933292
291631	933273
291676	933234
291756	933166
291838	933096
291917	933029
292028	932935
292087	932886
292118	932859
292157	932825
292189	932822
292223	932821
292275	932822
292315	932837
292379	932868
292401	932873
292426	932863
292508	932822
292609	932770
292719	932714
292782	932684
292819	932666
292824	932650
292831	932593
292851	932490
292863	932404
292894	932232
292904	932147
292917	931992
292925	931937
292945	931914
292989	931874
293042	931817
293077	931790
293095	931759
293103	931709
293114	931626
293134	931495
293149	931405
293194	931157
293207	931082
293225	930980
293253	930816
293268	930729
293280	930662
293276	930615
293263	930498
293252	930409
293235	930252
293228	930150
293212	930030
293207	929955
293260	929950
293281	929940
293302	929925
293343	929895
293394	929859
293424	929834
293448	929821
293482	929820
293574	929824
293700	929831
293788	929836
293846	929837
293904	929831
293983	929811
294088	929773
294202	929727
294286	929689
294382	929644
294449	929607
294513	929566
294670	929468
294748	929420
294768	929402
294833	929284
294853	929239
294831	929214
294767	929157
294760	929137
294771	929121
294827	929049
294901	928953
294930	928916
294982	928838
295032	928773
295096	928706
295139	928659
295152	928605
295172	928493
295178	928478
295215	928467
295247	928461
295325	928436
295431	928403
295498	928380
295617	928327
295693	928296
295742	928273
295765	928237
295826	928136
295859	928094
295866	928064
295861	928019
295854	927925
295846	927815
295838	927735
295813	927704
295759	927684
295721	927663
295721	927642
295723	927588
295729	927387
295732	927251
295739	927047
295732	926955
295726	926886
295718	926815
295721	926797
295745	926773
295806	926716
295889	926677
295943	926654
295984	926638
295991	926628
295983	926622
295962	926612
295900	926580
295848	926552
295837	926541
295836	926513
295838	926471
295846	926373
295850	926335
295854	926257
295863	926139
295875	926124
295937	926085
295960	926068
295973	926025
295991	925968
296018	925876
296050	925771
296083	925702
296113	925660
296182	925556
296254	925454
296318	925356
296340	925322
296364	925289
296362	925273
296324	925250
296246	925203
296166	925155
296076	925102
296016	925069
295980	925009
295940	924948
295870	924832
295764	924664
295720	924594
295679	924523
295666	924486
295651	924457
295631	924434
295613	924400
295602	924361
295605	924347
295675	924338
295692	924329
295711	924308
295725	924301
295768	924297
295831	924291
295923	924286
296008	924277
296096	924255
296222	924222
296354	924187
296557	924131
296691	924083
296804	924046
296849	924041
296886	924045
296936	924058
297040	924095
297151	924145
297340	924242
297504	924328
297629	924398
297741	924465
297854	924529
297928	924573
298004	924630
298067	924655
298225	924683
298389	924714
298439	924721
298472	924715
298524	924703
298565	924691
298611	924679
298661	924665
298680	924649
298711	924598
298756	924530
298800	924460
298835	924413
298865	924351
298933	924219
299039	924003
299060	923968
299098	923885
299208	923655
299263	923537
299366	923326
299399	923256
299424	923267
299547	923319
299769	923416
299887	923469
299911	923473
299942	923462
299975	923443
300017	923426
300041	923405
300130	923326
300210	923251
300262	923202
300298	923170
300322	923148
300356	923075
300395	922993
300465	922887
300496	922861
300557	922845
300670	922814
300754	922791
300802	922776
300826	922746
300869	922680
301039	922423
301073	922375
301124	922299
301177	922217
301237	922135
301254	922097
301254	922078
301223	922002
301176	921878
301167	921834
301153	921730
301131	921606
301125	921512
301124	921466
301127	921452
301176	921444
301278	921425
301456	921394
301533	921380
301602	921364
301640	921359
301697	921364
301758	921370
301854	921381
301977	921402
302116	921431
302199	921433
302280	921436
302313	921425
302363	921393
302485	921320
302516	921300
302522	921272
302529	921192
302544	921068
302552	920977
302560	920956
302581	920938
302683	920870
302791	920794
302852	920752
302906	920747
302978	920746
303063	920740
303204	920735
303322	920729
303431	920723
303487	920723
303576	920732
303751	920754
303833	920758
303950	920756
304021	920757
304039	920749
304052	920726
304164	920544
304195	920493
304271	920374
304323	920282
304337	920278
304392	920275
304604	920269
304622	920266
304623	920238
304607	920206
304502	920037
304399	919870
304325	919753
304299	919716
304304	919701
304317	919686
304340	919659
304449	919528
304487	919483
304538	919423
304587	919360
304619	919325
304731	919187
304775	919133
304870	919019
304933	918944
305029	918821
305145	918685
305288	918515
305325	918472
305436	918341
305456	918316
305506	918259
305581	918169
305632	918110
305729	917996
305768	917949
305869	917829
305929	917758
306016	917654
306042	917622
306133	917515
306189	917451
306189	917451
307326	916213
307326	916213
307332	916206
307332	916206
310011	913288
310011	913288
309781	913141
309330	912858
309241	912792
309096	912688
309041	912650
308910	912587
308625	912167
308560	912085
308456	911957
307771	911272
307690	911216
307636	911179
307308	910951
307308	910951
307003	910740
306943	910714
306663	910503
306336	910351
306126	910203
305922	910108
305618	909812
305569	909762
305176	909398
304382	908842
304207	908761
303984	908586
303911	908482
303556	907975
302871	907290
302077	906734
301291	906367
301223	906300
300892	905968
300497	905666
300219	905473
299789	905247
299162	904819
299066	904759
298888	904652
298010	904242
297188	904022
297145	903979
296997	903831
296957	903120
296706	902184
296541	901829
296418	901371
296383	901276
296357	901207
295948	900329
295392	899535
294706	898850
293912	898294
293034	897884
292644	897780
291955	897108
291161	896552
290283	896142
289346	895891
289258	895877
289140	895850
288709	895672
287860	895445
287897	895034
287812	894068
287592	893246
287561	893132
287695	892191
287651	891688
287651	891688
286558	891309
285350	890602
284141	889739
283314	888875
283314	888875
283224	888736
282963	888308
282681	887918
282489	887703
282302	887522
282096	887243
281891	886892
281727	886711
281466	886551
281073	886318
280708	886151
280506	886068
280322	886019
280148	886012
279988	886019
279831	886071
279643	886155
279406	886203
278978	886210
278015	886089
277708	886030
277506	885991
277346	885901
277089	885755
276918	885661
276758	885619
276630	885619
276195	885671
275652	885751
275039	885849
274674	885922
274336	885998
273964	886144
273627	886242
273383	886276
273174	886270
272969	886221
272652	886099
272426	886047
272308	886061
272214	886092
272015	886238
271761	886482
271399	886850
271250	887028
271097	887226
270940	887393
270811	887536
270693	887720
270540	888089
270481	888179
270387	888200
270063	888259
269545	888443
269426	888457
269228	888370
269005	888283
268793	888235
268609	888252
268435	888301
268233	888388
267864	888435
267864	888435
267502	888237
267317	888101
267105	887917
266921	887781
266712	887677
266357	887496
266127	887395
265981	887346
265856	887346
265706	887395
265452	887496
265111	887593
264694	887663
264394	887736
264262	887788
264036	887955
263900	888188
263733	888425
263614	888544
263614	888544
263525	888640
263492	888659
263391	888687
263281	888732
263149	888801
263012	888890
262838	889017
262728	889047
262646	889090
262505	889198
262194	889382
261867	889536
261867	889536
261786	889584
261731	889674
261685	889729
261622	889826
261577	889895
261565	889936
261540	890025
261526	890083
261526	890083
261554	890293
261550	890384
261528	890469
261477	890544
261389	890601
261129	890685
261129	890685
261095	890691
261075	890700
261045	890721
261025	890739
260993	890774
260973	890808
260970	890840
260966	890893
260966	890929
260967	890959
260965	890992
260968	891035
260973	891076
260972	891108
260970	891137
260966	891164
260961	891195
260955	891222
260951	891282
260957	891310
260960	891372
260957	891422
260952	891440
260912	891575
260903	891612
260909	891637
260908	891661
260884	891756
260867	891811
260848	891860
260812	891928
260802	891969
260800	891999
260789	892032
260768	892094
260740	892139
260723	892173
260706	892215
260687	892243
260662	892278
260642	892315
260627	892350
260589	892419
260534	892531
260517	892559
260461	892622
260437	892662
260413	892699
260396	892724
260370	892750
260324	892772
260291	892782
260254	892799
260214	892824
260192	892841
260160	892864
260109	892918
260083	892941
260045	892956
260011	892956
259989	892954
259948	892957
259927	892959
259891	892976
259874	892987
259842	893015
259830	893027
259830	893027
259666	893105
259581	893137
259510	893161
259466	893170
259416	893176
259341	893174
259268	893163
259137	893141
259119	893140
259090	893136
259090	893136
259052	893151
258984	893185
258903	893233
258845	893267
258814	893286
258773	893311
258729	893346
258704	893364
258670	893396
258651	893419
258640	893439
258627	893473
258616	893505
258603	893534
258573	893591
258553	893621
258535	893643
258511	893667
258491	893684
258456	893709
258421	893735
258406	893751
258399	893765
258393	893780
258386	893809
258377	893841
258365	893892
258358	893916
258348	893942
258336	893965
258320	893988
258303	894004
258276	894021
258254	894028
258221	894035
258186	894045
258165	894055
258124	894083
258100	894103
258081	894121
258065	894144
258050	894177
258032	894226
258025	894252
258021	894275
258010	894336
258002	894382
257993	894411
257990	894439
257995	894465
257997	894493
257990	894519
257977	894557
257962	894607
257946	894660
257942	894711
257936	894752
257929	894781
257915	894848
257911	894888
257910	894934
257911	894952
257914	894973
257924	894997
257925	895008
257922	895043
257921	895072
257922	895099
257929	895140
257929	895157
257923	895186
257914	895206
257900	895232
257887	895254
257887	895254
257877	895269
257836	895330
257792	895399
257780	895413
257744	895438
257704	895461
257685	895478
257674	895507
257671	895541
257666	895597
257645	895636
257627	895647
257604	895650
257544	895645
257493	895645
257465	895661
257429	895703
257396	895744
257347	895788
257294	895831
257264	895875
257200	895974
257145	896055
257121	896119
257115	896163
257115	896200
257117	896249
257127	896294
257183	896482
257188	896508
257187	896523
257172	896559
257085	896685
257018	896774
256942	896865
256924	896905
256914	896950
256906	897014
256875	897089
256813	897211
256778	897276
256740	897342
256653	897424
256585	897459
256489	897486
256286	897543
256142	897590
256043	897630
255910	897703
255808	897760
255713	897821
255675	897838
255634	897852
255525	897890
255465	897928
255394	897976
255310	898055
255245	898127
255197	898185
255149	898258
255040	898424
254986	898502
254938	898558
254869	898620
254837	898640
254804	898657
254747	898677
254671	898703
254627	898714
254577	898734
254547	898759
254522	898765
254476	898773
254399	898786
254313	898804
254286	898819
254230	898869
254189	898905
254151	898935
254108	898970
254079	898973
254016	898957
253956	898948
253878	898931
253740	898907
253648	898905
253609	898897
253511	898883
253415	898876
253319	898866
253193	898861
253102	898873
253001	898894
252975	898910
252874	898964
252793	899001
252663	899040
252590	899056
252504	899068
252452	899072
252399	899068
252328	899045
252274	899030
252203	899021
252133	899004
252030	898975
251963	898961
251915	898959
251887	898962
251831	898976
251771	898973
251744	898965
251674	898950
251618	898942
251578	898949
251516	898971
251470	898997
251416	899016
251380	899022
251262	899015
251098	899002
251001	898995
250960	899002
250900	899028
250843	899036
250780	899065
250667	899133
250625	899158
250566	899177
250492	899200
250449	899202
250427	899191
250385	899153
250345	899139
250313	899141
250224	899161
250142	899189
250072	899228
250012	899271
249953	899322
249932	899363
249916	899410
249907	899466
249894	899546
249878	899606
249820	899674
249782	899718
249725	899802
249662	899861
249597	899918
249550	899940
249493	899943
249479	899940
249448	899932
249404	899916
249352	899900
249291	899908
249198	899925
249136	899945
249070	899973
249021	900004
249002	900016
248989	900018
248971	900017
248946	900014
248928	900014
248912	900016
248889	900026
248867	900040
248852	900047
248827	900052
248773	900063
248707	900091
248677	900110
248636	900139
248631	900147
248617	900177
248597	900197
248582	900207
248564	900245
248545	900257
248520	900260
248487	900277
248416	900329
248330	900392
248292	900417
248265	900425
248218	900440
248185	900459
248111	900502
248030	900557
247946	900614
247890	900649
247828	900674
247767	900698
247747	900716
247711	900766
247677	900813
247639	900839
247544	900899
247465	900946
247417	900965
247332	900978
247278	900984
247222	900981
247193	900985
247096	900999
247004	901019
246990	901027
246965	901043
246948	901067
246926	901088
246886	901104
246843	901131
246793	901175
246777	901182
246764	901180
246728	901166
246670	901140
246630	901115
246581	901087
246538	901077
246411	901048
246305	901027
246258	901016
246182	900992
246130	900993
246104	901002
246077	901015
246069	901032
246058	901064
246050	901092
246049	901108
246046	901137
246051	901207
246049	901247
246043	901265
246020	901303
245954	901323
245922	901323
245869	901295
245822	901263
245816	901250
245804	901198
245795	901181
245765	901139
245683	901062
245636	901028
245615	901019
245570	901015
245508	901014
245453	901010
245404	900998
245324	900978
245235	900964
245207	900966
245147	900989
245097	901018
245043	901059
245087	901138
245102	901157
245116	901167
245128	901175
245149	901187
245166	901195
245178	901203
245194	901213
245214	901227
245220	901235
245224	901244
245228	901261
245227	901277
245221	901294
245209	901318
245197	901342
245191	901355
245184	901364
245177	901369
245161	901376
245140	901380
245119	901385
245098	901389
245078	901394
245057	901397
245038	901401
245023	901403
245009	901404
244994	901408
244971	901415
244955	901420
244946	901421
244941	901420
244937	901418
244904	901386
244881	901365
244874	901358
244869	901345
244857	901309
244847	901284
244834	901251
244827	901229
244803	901151
244576	901193
244469	901219
244416	901238
244324	901277
244257	901309
244157	901347
244083	901373
244043	901378
244009	901382
243916	901383
243888	901405
243864	901406
243851	901403
243843	901396
243817	901378
243752	901350
243700	901329
243662	901307
243619	901276
243569	901227
243531	901184
243508	901136
243498	901111
243454	901025
243411	900968
243340	900892
243251	900799
243192	900757
243149	900753
243132	900755
243067	900789
243012	900832
242982	900847
242924	900868
242713	900923
242663	900934
242563	900952
242438	900979
242367	900998
242277	901032
242221	901059
242200	901064
242160	901067
242052	901065
241996	901071
241901	901097
241851	901111
241796	901137
241730	901171
241643	901199
241586	901215
241494	901232
241367	901247
241278	901248
241221	901230
241112	901187
241061	901165
240982	901112
240910	901057
240879	901013
240873	900963
240880	900914
240888	900896
240898	900864
240908	900846
240926	900818
240962	900780
240965	900769
240965	900760
240939	900715
240909	900675
240855	900633
240798	900602
240734	900574
240695	900564
240662	900552
240634	900533
240613	900497
240610	900481
240613	900466
240622	900358
240614	900269
240608	900256
240579	900227
240519	900188
240480	900163
240448	900150
240366	900138
240263	900130
240210	900125
240108	900122
240049	900117
240003	900105
239990	900092
239940	900039
239869	900001
239834	900000
239811	899995
239720	899992
239654	899992
239615	899997
239565	900004
239520	900042
239504	900061
239470	900107
239407	900186
239332	900245
239273	900288
239225	900322
239169	900353
239134	900378
239092	900418
239062	900447
238998	900507
238981	900519
238947	900530
238929	900540
238903	900569
238868	900613
238846	900625
238807	900651
238733	900703
238690	900715
238678	900722
238654	900749
238631	900786
238611	900837
238598	900870
238584	900900
238573	900913
238541	900936
238523	900950
238507	900979
238490	901011
238466	901048
238425	901087
238374	901126
238358	901128
238311	901134
238250	901153
238219	901178
238180	901226
238166	901252
238155	901275
238147	901280
238139	901285
238105	901293
238015	901316
237971	901334
237925	901372
237873	901413
237852	901418
237833	901418
237807	901409
237745	901373
237719	901330
237689	901248
237666	901220
237525	901216
237456	901215
237390	901217
237349	901228
237288	901254
237185	901297
237103	901330
237043	901354
237016	901364
236982	901366
236961	901367
236932	901381
236891	901406
236823	901442
236797	901454
236776	901455
236725	901459
236716	901462
236621	901508
236560	901542
236532	901548
236502	901547
236476	901554
236414	901579
236397	901609
236378	901632
236329	901668
236272	901706
236253	901720
236232	901735
236232	901735
236216	901737
236178	901751
236143	901785
236098	901814
236069	901833
236041	901849
236014	901876
235990	901898
235969	901927
235969	901927
235923	901975
235851	902049
235810	902099
235765	902152
235733	902200
235707	902227
235707	902227
235694	902231
235678	902228
235646	902214
235612	902196
235593	902195
235570	902202
235552	902207
235537	902214
235523	902225
235519	902237
235519	902259
235524	902301
235523	902328
235521	902357
235514	902388
235500	902422
235484	902472
235472	902507
235457	902534
235446	902551
235424	902578
235393	902603
235367	902630
235357	902647
235354	902657
235355	902666
235363	902677
235392	902701
235398	902711
235397	902724
235375	902769
235346	902810
235320	902835
235305	902843
235285	902843
235263	902834
235235	902817
235178	902780
235152	902775
235152	902775
235124	902798
235096	902847
235077	902885
235051	902940
235015	903009
234988	903054
234959	903081
234927	903113
234872	903178
234828	903230
234797	903269
234780	903294
234749	903347
234738	903372
234709	903450
234700	903486
234694	903517
234693	903571
234686	903611
234670	903641
234634	903681
234574	903743
234566	903757
234564	903778
234568	903846
234575	903893
234584	903940
234584	903949
234576	903966
234532	903996
234492	904017
234469	904018
234399	904011
234313	903995
234250	903977
234221	903971
234208	903972
234201	903982
234191	904014
234190	904030
234203	904063
234211	904081
234215	904099
234220	904152
234219	904186
234209	904247
234207	904273
234197	904310
234183	904345
234154	904381
234115	904418
234070	904443
233984	904481
233904	904496
233869	904515
233853	904532
233847	904551
233845	904581
233838	904615
233819	904667
233804	904739
233794	904774
233763	904857
233763	904867
233782	904939
233803	905000
233803	905000
233811	905021
233844	905048
233867	905059
233888	905072
233917	905095
234017	905186
234042	905218
234042	905244
234038	905264
234032	905322
234027	905374
234033	905399
234043	905417
234058	905429
234077	905446
234100	905468
234115	905496
234127	905524
234148	905581
234153	905600
234162	905623
234164	905653
234153	905750
234150	905768
234123	905809
234108	905826
234094	905847
234090	905861
234090	905918
234088	905941
234088	906010
234100	906042
234123	906092
234140	906116
234149	906138
234153	906165
234153	906195
234136	906255
234133	906280
234124	906314
234118	906325
234109	906335
234094	906383
234071	906426
234057	906448
234035	906470
233994	906475
233969	906482
233952	906494
233947	906502
233933	906552
233907	906595
233882	906624
233833	906664
233726	906764
233670	906812
233585	906868
233519	906898
233472	906929
233451	906956
233436	906966
233376	906969
233365	906976
233338	906995
233299	907039
233247	907095
233205	907138
233139	907188
233027	907259
232974	907293
232912	907312
232873	907339
232814	907373
232783	907383
232715	907403
232640	907427
232591	907442
232518	907520
232455	907574
232406	907632
232372	907661
232288	907722
232249	907743
232219	907750
232176	907748
232165	907753
232135	907773
232086	907812
232074	907819
232049	907818
232025	907819
232011	907829
231990	907849
231974	907865
231936	907886
231910	907896
231893	907915
231886	907927
231883	907939
231885	907944
231904	907957
231917	907964
231921	907975
231914	907994
231896	908053
231866	908146
231859	908160
231851	908169
231837	908189
231782	908314
231770	908362
231762	908406
231755	908417
231744	908432
231740	908453
231742	908471
231750	908494
231765	908524
231796	908569
231832	908642
231844	908678
231846	908697
231847	908717
231846	908758
231848	908792
231851	908812
231868	908866
231881	908903
231891	908921
231901	908949
231897	908971
231895	909001
231899	909022
231901	909031
231882	909054
231865	909076
231852	909096
231836	909117
231812	909134
231786	909148
231772	909167
231770	909179
231773	909201
231770	909228
231763	909239
231744	909249
231712	909263
231678	909281
231663	909294
231639	909332
231613	909363
231568	909401
231474	909465
231422	909506
231369	909535
231339	909536
231320	909528
231300	909516
231285	909509
231253	909514
231231	909529
231198	909569
231190	909584
231190	909602
231202	909631
231205	909653
231212	909670
231238	909734
231250	909767
231249	909786
231246	909836
231252	909854
231262	909871
231272	909876
231315	909885
231324	909879
231342	909870
231362	909865
231375	909866
231388	909874
231396	909883
231406	909904
231419	909942
231434	909988
231442	909999
231442	909999
231451	910007
231462	910015
231476	910051
231494	910082
231502	910097
231503	910132
231506	910305
231510	910478
231514	910650
231518	910822
231522	910994
231526	911164
231526	911222
231532	911370
231532	911370
231551	911397
231569	911417
231596	911442
231630	911465
231682	911522
231742	911574
231780	911621
231780	911621
231790	911648
231809	911680
231821	911693
231839	911706
231866	911714
231943	911730
231993	911748
232085	911778
232161	911804
232179	911813
232204	911834
232221	911858
232244	911903
232251	911923
232260	911957
232310	912057
232321	912071
232329	912094
232330	912121
232327	912151
232321	912171
232316	912199
232314	912225
232314	912248
232317	912284
232317	912312
232317	912350
232320	912369
232323	912385
232331	912399
232339	912419
232356	912442
232380	912461
232393	912478
232397	912492
232396	912507
232391	912519
232381	912540
232381	912556
232383	912578
232389	912592
232402	912609
232420	912623
232458	912642
232494	912666
232533	912696
232557	912715
232577	912736
232587	912744
232608	912761
232623	912775
232643	912796
232654	912821
232659	912842
232666	912857
232680	912867
232691	912880
232712	912902
232747	912949
232748	912964
232747	912979
232742	913000
232731	913051
232722	913070
232712	913090
232699	913122
232686	913171
232679	913197
232680	913213
232683	913231
232686	913250
232688	913268
232688	913283
232676	913340
232671	913386
232674	913425
232672	913441
232664	913460
232657	913496
232661	913558
232661	913589
232668	913635
232671	913653
232680	913662
232693	913669
232707	913703
232712	913722
232712	913749
232713	913777
232714	913787
232719	913798
232741	913820
232755	913838
232766	913876
232771	913904
232780	913916
232784	913925
232785	913937
232782	913946
232764	913960
232754	913965
232743	913978
232691	914073
232666	914125
232657	914146
232650	914163
232626	914191
232607	914218
232600	914239
232596	914256
232592	914294
232595	914353
232590	914369
232581	914378
232557	914390
232537	914394
232511	914396
232503	914402
232499	914407
232496	914418
232492	914430
232479	914448
232467	914453
232434	914458
232415	914464
232393	914474
232383	914486
232370	914510
232351	914543
232336	914561
232306	914605
232299	914623
232299	914644
232308	914658
232324	914687
232343	914710
232343	914725
232334	914742
232325	914748
232302	914749
232272	914753
232265	914759
232219	914791
232184	914813
232179	914831
232179	914846
232171	914867
232151	914885
232133	914888
232115	914875
232107	914862
232100	914841
232087	914806
232050	914761
232015	914741
232001	914743
231964	914766
231948	914781
231936	914804
231924	914826
231909	914840
231891	914841
231882	914835
231867	914817
231842	914804
231829	914803
231819	914804
231814	914807
231804	914828
231798	914844
231787	914857
231769	914876
231754	914893
231726	914908
231714	914925
231702	914963
231702	914973
231704	914984
231713	915000
231713	915000
231727	915019
231756	915053
231761	915066
231746	915095
231726	915124
231711	915160
231710	915182
231718	915222
231690	915238
231661	915266
231606	915316
231550	915372
231531	915382
231518	915385
231513	915394
231500	915437
231488	915489
231472	915547
231462	915606
231463	915655
231454	915708
231445	915736
231430	915766
231385	915833
231369	915854
231355	915861
231342	915868
231335	915879
231330	915891
231319	915924
231311	915943
231271	916029
231260	916051
231259	916059
231259	916098
231249	916133
231237	916167
231216	916211
231207	916235
231198	916267
231184	916277
231163	916290
231138	916312
231070	916363
231028	916387
230965	916427
230948	916449
230942	916471
230939	916490
230935	916517
230927	916529
230912	916546
230904	916561
230889	916597
230881	916634
230869	916676
230857	916690
230837	916711
230830	916733
230829	916763
230831	916792
230831	916827
230825	916854
230802	916892
230766	916938
230751	916956
230723	917014
230695	917078
230685	917114
230688	917125
230695	917133
230706	917133
230724	917129
230754	917110
230784	917109
230804	917111
230812	917118
230823	917145
230827	917162
230827	917175
230824	917188
230803	917211
230778	917228
230762	917242
230758	917249
230759	917259
230767	917267
230794	917280
230800	917287
230799	917296
230796	917304
230789	917308
230764	917312
230716	917321
230674	917329
230668	917338
230671	917352
230672	917374
230662	917389
230655	917404
230656	917412
230661	917427
230669	917444
230683	917480
230683	917535
230684	917571
230678	917590
230664	917590
230656	917597
230645	917605
230634	917607
230631	917609
230631	917611
230632	917614
230641	917627
230650	917637
230655	917646
230653	917650
230643	917655
230634	917659
230625	917665
230622	917669
230620	917672
230620	917674
230622	917678
230631	917691
230637	917698
230641	917705
230642	917711
230638	917716
230631	917724
230630	917730
230628	917747
230621	917758
230612	917768
230606	917782
230599	917799
230583	917836
230569	917860
230570	917865
230575	917872
230577	917879
230580	917889
230586	917905
230587	917914
230586	917929
230591	917940
230593	917954
230591	917986
230591	918020
230593	918025
230601	918053
230606	918068
230606	918110
230604	918137
230602	918149
230599	918190
230599	918201
230595	918212
230588	918217
230585	918221
230584	918228
230584	918239
230579	918277
230571	918298
230546	918357
230547	918364
230550	918366
230560	918369
230562	918376
230563	918382
230557	918401
230553	918410
230548	918414
230545	918421
230542	918428
230539	918437
230535	918470
230524	918521
230519	918536
230509	918549
230500	918571
230495	918593
230489	918600
230475	918612
230461	918622
230461	918624
230462	918631
230464	918639
230462	918648
230460	918654
230477	918671
230471	918679
230469	918686
230470	918701
230477	918723
230479	918730
230486	918739
230487	918757
230484	918768
230472	918789
230472	918798
230475	918816
230481	918836
230480	918853
230475	918858
230459	918873
230411	918917
230375	918971
230353	919044
230336	919083
230304	919111
230304	919111
230305	919205
230310	919378
230314	919475
230314	919475
230316	919551
230322	919723
230326	919910
230324	919948
230311	919969
230292	920000
230292	920000
230261	920045
230230	920059
230177	920072
230152	920095
230144	920109
230144	920109
230111	920166
230072	920268
230061	920300
230045	920377
230046	920461
230052	920604
230050	920635
230037	920810
230025	920879
229999	920976
229985	921034
229984	921073
229996	921142
230005	921170
230075	921305
230113	921369
230090	921433
230093	921445
230119	921479
230154	921480
230185	921481
230185	921481
230214	921481
230286	921494
230330	921508
230372	921490
230372	921490
230327	921581
230297	921644
230183	921659
230183	921659
230120	921666
230087	921671
230006	921840
229981	921940
229959	922012
229948	922072
229937	922187
229933	922244
229939	922300
229955	922360
229996	922529
230005	922552
229984	922588
229934	922689
229882	922804
229878	922813
229861	922821
229813	922839
229795	922851
229698	923007
229687	923024
229655	923080
229642	923139
229636	923198
229624	923270
229614	923371
229603	923454
229544	923503
229493	923545
229468	923565
229483	923720
229504	923809
229533	923890
229574	924020
229586	924042
229615	924063
229634	924076
229604	924091
229541	924128
229454	924236
229406	924295
229217	924397
229204	924405
229185	924477
229256	924506
229411	924569
229460	924568
229522	924560
229611	924467
229683	924396
229712	924370
229712	924370
229803	924461
229898	924601
230014	924771
230278	925107
230287	925460
230274	925739
230047	926137
229983	926303
229965	926436
229996	926678
230057	926785
230133	926869
230207	926904
230334	926914
230380	926795
230380	926795
230536	926665
230624	926591
230704	926577
230806	926577
230998	926653
231211	926820
231399	927082
231548	927253
231795	927482
231992	927744
232033	927859
232057	927962
232050	928055
232021	928133
231985	928192
231937	928244
231821	928331
231708	928400
231668	928429
231591	928499
231541	928600
231533	928713
231562	928800
231697	928968
231879	929186
231955	929317
232013	929429
232077	929453
232199	929451
232335	929385
232413	929344
232466	929329
232534	929330
232595	929331
232661	929314
232744	929278
232854	929224
233134	929119
233269	929068
233556	929028
233841	929021
233841	929021
233867	929056
233944	929074
234368	929172
234454	929236
234454	929236
234445	929290
234445	929324
234462	929377
234489	929430
234525	929500
234570	929598
234622	929692
234699	929816
234756	929913
234793	929957
234841	929991
234928	930072
234969	930122
234984	930234
234993	930285
235003	930315
234931	930396
234854	930483
234822	930518
234805	930557
234771	930657
234773	930679
234789	930725
234813	930800
234836	930883
234881	931080
234896	931152
234901	931164
234914	931178
234976	931192
235059	931209
235117	931222
235208	931232
235280	931242
235306	931282
235361	931352
235445	931463
235504	931544
235524	931565
235568	931540
235730	931439
235788	931400
235906	931272
236049	931118
236145	931010
236145	931010
236191	931059
236191	931059
236108	931164
236060	931234
236027	931357
235999	931452
235982	931520
235975	931559
235958	931609
235957	931680
235970	931717
235989	931773
236017	931851
236032	931892
236048	931925
236087	931951
236152	931997
236192	932027
236217	932048
236241	932086
236253	932108
236266	932134
236289	932124
236334	932110
236441	932086
236531	932070
236556	932109
236533	932163
236552	932316
236558	932413
236576	932512
236598	932581
236573	932683
236572	932726
236585	932775
236600	932823
236588	932847
236588	932847
236593	932866
236592	932879
236589	932891
236582	932910
236583	932915
236591	932922
236592	932927
236589	932948
236583	932953
236578	932958
236575	932966
236574	932978
236583	932989
236581	933000
236576	933004
236573	933011
236569	933036
236564	933049
236559	933082
236557	933095
236552	933101
236548	933114
236553	933126
236559	933139
236576	933162
236576	933162
236663	933348
236895	933744
236972	933864
237055	933964
237156	934045
237222	934083
237404	934179
237487	934225
237521	934262
237550	934325
237596	934599
237599	934749
237570	934939
237530	935070
237453	935215
237452	935239
237453	935324
237465	935408
237545	935748
237554	935830
237557	935879
237548	935948
237517	936039
237493	936085
237448	936160
237374	936258
237244	936405
237047	936612
236967	936701
236943	936750
236909	936827
236896	936907
236887	937023
236893	937146
236923	937357
236947	937424
237026	937673
237055	937763
237162	938071
237176	938149
237178	938275
237176	938352
237165	938433
237165	938520
237166	938616
237173	938657
237187	938698
237236	938764
237314	938841
237357	938879
237357	938879
237432	938897
237548	938907
237605	938913
237675	938918
237704	938921
237740	938914
237793	938902
237855	938892
237864	938874
237879	938851
237910	938824
237936	938799
238005	938770
238043	938757
238089	938775
238138	938780
238172	938784
238243	938767
238250	938804
238276	938848
238308	938896
238349	938935
238379	938964
238421	939028
238436	939065
238451	939126
238473	939143
238491	939156
238505	939197
238528	939277
238550	939363
238555	939399
238569	939414
238615	939468
238624	939493
238640	939506
238733	939543
238783	939559
238838	939566
238886	939586
238904	939579
238937	939540
239026	939414
239056	939367
239107	939305
239164	939233
239167	939202
239168	939176
239187	939120
239210	939129
239234	939139
239248	939134
239255	939123
239248	939091
239227	939037
239200	938988
239248	939047
239294	939058
239327	939071
239360	939072
239381	939078
239415	939100
239519	939128
239544	939151
239609	939172
239692	939198
239708	939190
239744	939190
239812	939148
239867	939124
239943	939097
239973	939093
240053	939017
240037	938982
240062	938973
240088	938948
240112	938930
240112	938911
240096	938870
240055	938785
240057	938740
240048	938696
239990	938601
239979	938572
240041	938522
240044	938511
240104	938516
240133	938530
240173	938546
240180	938527
240161	938493
240169	938444
240191	938428
240191	938428
240239	938393
240274	938373
240300	938349
240319	938343
240336	938340
240358	938320
240372	938293
240401	938238
240407	938215
240413	938188
240426	938178
240454	938156
240479	938149
240498	938139
240521	938112
240552	938089
240554	938084
240552	938056
240548	937963
240564	937955
240613	937936
240621	937933
240621	937908
240613	937738
240602	937695
240548	937618
240514	937587
240512	937566
240509	937516
240500	937478
240493	937448
240517	937401
240535	937363
240547	937315
240548	937262
240534	937230
240515	937191
240511	937181
240514	937166
240526	937102
240527	937071
240524	937031
240529	937004
240546	936953
240551	936939
240567	936933
240577	936923
240589	936900
240593	936875
240574	936841
240567	936831
240565	936813
240561	936761
240559	936737
240546	936680
240527	936641
240501	936590
240501	936580
240506	936568
240528	936542
240551	936520
240574	936491
240589	936481
240608	936480
240660	936481
240677	936477
240683	936468
240690	936456
240730	936454
240780	936442
240800	936434
240816	936416
240832	936376
240841	936342
240835	936297
240814	936283
240799	936273
240785	936254
240782	936234
240780	936214
240789	936178
240801	936158
240821	936137
240814	936122
240741	936018
240741	936006
240746	935951
240749	935914
240748	935905
240734	935900
240718	935901
240690	935916
240506	935931
240492	935929
240472	935924
240424	935908
240402	935903
240252	935903
240223	935890
240199	935876
240192	935863
240183	935837
240171	935811
240118	935739
240097	935706
240092	935692
240091	935668
240087	935656
240031	935599
240042	935577
240078	935522
240085	935511
240072	935478
240047	935424
240039	935408
240036	935397
240035	935376
240032	935329
240029	935277
240024	935243
240030	935212
240045	935172
240051	935141
240049	935120
240032	935085
240020	935061
240021	935053
240068	935019
240100	934999
240100	934999
240138	934971
240167	934953
240186	934952
240238	934956
240243	934953
240267	934921
240430	934826
240456	934804
240500	934805
240546	934808
240573	934807
240680	934793
240703	934805
240749	934799
240816	934789
240885	934786
240947	934785
241004	934777
241030	934787
241068	934794
241101	934795
241126	934782
241165	934731
241223	934634
241239	934604
241260	934563
241259	934502
241261	934489
241271	934432
241278	934398
241302	934347
241344	934270
241369	934227
241394	934192
241405	934185
241425	934186
241438	934181
241452	934169
241461	934166
241501	934187
241592	934238
241619	934254
241663	934265
241740	934332
241761	934334
241827	934331
241870	934329
241896	934326
241960	934292
242038	934266
242079	934256
242119	934253
242197	934239
242252	934233
242326	934238
242353	934245
242364	934244
242412	934234
242494	934229
242523	934226
242523	934226
242553	934297
242609	934450
242617	934473
242687	934509
242776	934550
242881	934602
243000	934671
243092	934725
243107	934727
243151	934711
243228	934689
243228	934689
243468	935000
243468	935000
243553	935110
243553	935110
243751	935367
243751	935367
243794	935367
243820	935359
243837	935358
243849	935358
243856	935356
243866	935348
243882	935352
243899	935356
243935	935351
243996	935341
244066	935335
244095	935326
244147	935284
244162	935277
244181	935274
244192	935271
244207	935260
244232	935244
244238	935241
244248	935240
244268	935234
244284	935229
244299	935232
244326	935237
244358	935242
244382	935242
244444	935220
244500	935200
244556	935178
244652	935152
244713	935141
244769	935135
244823	935135
244850	935139
244908	935137
244975	935133
244975	935133
245047	935143
245127	935151
245177	935155
245234	935162
245283	935168
245311	935171
245321	935170
245357	935148
245419	935104
245441	935090
245457	935073
245458	935050
245458	935015
245465	934966
245449	934898
245467	934866
245425	934736
245409	934680
245405	934662
245406	934652
245420	934606
245424	934565
245426	934546
245451	934503
245490	934395
245551	934221
245608	934056
245640	933968
245677	933953
245707	933900
245714	933887
245734	933860
245722	933754
245801	933693
245857	933693
245888	933696
245860	933657
245686	933556
245682	933525
245675	933358
245676	933305
245781	933201
245856	933124
245928	933047
245959	933011
245999	932894
246005	932869
246015	932781
246021	932706
246011	932559
246012	932537
246047	932363
246060	932325
246207	932189
246260	932139
246359	932040
246452	931977
246612	931861
246727	931786
246749	931771
246789	931752
246818	931691
246901	931557
246935	931518
246989	931462
247035	931426
247093	931398
247170	931381
247215	931371
247251	931393
247261	931334
247273	931267
247261	931249
247206	931210
247121	931191
247054	931133
246996	931091
246983	931051
246930	930893
246886	930767
246848	930721
246780	930639
246788	930547
246791	930515
246781	930413
246779	930376
246769	930208
246763	930098
246654	930061
246583	930034
246524	930000
246524	930000
246346	929919
246338	929911
246349	929875
246346	929856
246293	929713
246287	929688
246285	929571
246312	929539
246344	929509
246367	929463
246381	929431
246382	929426
246382	929426
246431	929328
246456	929251
246496	929142
246525	929058
246525	929058
246539	929031
246553	929005
246554	929004
246554	929004
246584	928929
246629	928745
246686	928517
246710	928420
246753	928252
246780	928103
246829	927809
246838	927749
246850	927715
246867	927655
246885	927593
246895	927560
246931	927488
246950	927447
246950	927447
246961	927417
247001	927366
247036	927327
247056	927302
247170	927293
247263	927304
247333	927312
247426	927319
247474	927261
247487	927250
247754	927138
247801	927134
247914	927117
248043	927089
248139	927071
248139	927071
248386	927261
248484	927425
248517	927560
248537	927701
248612	927856
248790	928077
248932	928241
249296	928717
249513	928924
249825	929158
250026	929246
250134	929233
250203	929151
250233	928819
250153	928565
250032	928266
249739	927714
249585	927366
249513	927123
249450	926798
249450	926798
249999	926664
249999	926664
250938	926434
250938	926434
250965	926402
251020	926376
251037	926366
251081	926321
251128	926295
251155	926279
251163	926187
251164	926169
251154	926133
251147	926093
251242	926078
251359	926064
251421	926055
251619	926031
251692	926023
251825	926010
251944	925969
252106	925912
252126	925913
252204	925953
252242	925985
252291	926004
252370	926063
252388	926070
252479	926059
252521	926058
252528	926073
252570	926072
252608	926035
252649	925984
252674	925967
252722	925967
252801	925987
252836	926001
252840	926008
252930	925983
253031	925950
253093	925917
253160	925882
253186	925878
253223	925896
253300	925937
253355	925955
253411	925970
253481	925997
253509	926012
253576	926019
253657	926032
253701	926045
253753	926039
253773	926045
253855	926105
253883	926118
253902	926124
253935	926123
253988	926114
254030	926119
254070	926139
254102	926141
254151	926162
254257	926207
254377	926266
254466	926313
254493	926322
254524	926328
254543	926339
254580	926377
254606	926403
254649	926418
254677	926435
254750	926526
254822	926588
254873	926661
254924	926756
254950	926829
254980	926895
254986	926926
254991	926986
255039	927004
255039	927004
255083	927018
255143	927036
255193	927057
255241	927090
255304	927143
255364	927201
255406	927256
255468	927298
255488	927317
255502	927324
255554	927334
255607	927340
255641	927349
255681	927373
255723	927412
255768	927443
255818	927470
255840	927470
255867	927470
255890	927476
255922	927486
255937	927486
255986	927467
256047	927426
256077	927408
256107	927400
256152	927399
256213	927395
256258	927392
256374	927386
256465	927377
256522	927368
256552	927362
256640	927380
256707	927409
256742	927445
256753	927492
256788	927532
256828	927554
256887	927566
256952	927574
256984	927579
257063	927603
257115	927616
257159	927623
257215	927624
257241	927618
257266	927605
257281	927530
257295	927454
257359	927155
257373	927108
257419	926948
257463	926792
257463	926792
257442	926771
257404	926729
257376	926665
257368	926653
257326	926616
257170	926476
257135	926448
257051	926435
257035	926427
257024	926408
256987	926359
256956	926308
256940	926268
256936	926252
256939	926209
256946	926189
256955	926159
256984	926097
256964	926029
256970	925948
256986	925916
256995	925908
257034	925879
257083	925839
257118	925800
257118	925800
257115	925775
257154	925710
257173	925645
257192	925582
257192	925582
257200	925557
257210	925520
257228	925458
257242	925415
257248	925393
257248	925393
257242	925380
257239	925369
257225	925342
257223	925330
257223	925307
257223	925279
257228	925269
257253	925257
257261	925249
257263	925230
257260	925209
257262	925202
257263	925185
257260	925154
257261	925139
257268	925130
257289	925131
257299	925126
257313	925107
257352	925078
257372	925060
257394	925027
257401	925022
257413	925019
257425	925014
257435	925004
257464	925009
257464	925009
257576	924970
257643	924945
257660	924928
257684	924935
257712	924938
257728	924937
257731	924949
257783	924973
257858	925012
257871	925011
257858	924987
257840	924938
257797	924854
257799	924836
257814	924794
257832	924744
257829	924711
257835	924700
257830	924670
257809	924650
257814	924622
257823	924588
257830	924564
257826	924540
257800	924469
257798	924450
257797	924427
257801	924411
257815	924385
257842	924348
257853	924301
257847	924276
257838	924249
257852	924222
257915	924114
257915	924114
257982	924047
258102	923930
258255	923979
258252	924003
258258	924016
258290	924030
258383	924039
258461	924000
258560	923949
258617	923948
258654	923933
258723	923944
258753	923948
258809	923945
258860	923941
258911	923915
258955	923916
259014	923920
259050	923922
259067	923933
259074	923944
259097	923953
259120	923960
259130	923977
259131	923985
259180	923986
259195	923966
259246	923869
259295	923776
259301	923758
259266	923698
259261	923679
259264	923659
259286	923603
259326	923525
259362	923525
259379	923532
259421	923563
259443	923578
259464	923586
259497	923585
259553	923590
259599	923595
259631	923588
259646	923587
259652	923589
259667	923600
259688	923628
259702	923650
259767	923653
259824	923649
259948	923635
260002	923629
260067	923622
260113	923623
260176	923686
260213	923643
260243	923612
260284	923601
260355	923592
260390	923610
260425	923586
260455	923581
260508	923561
260539	923555
260553	923518
260564	923484
260610	923474
260693	923462
260715	923456
260716	923489
260722	923530
260764	923581
260825	923554
260865	923538
260870	923564
260870	923575
260873	923588
260905	923593
260960	923593
260994	923590
261065	923558
261115	923551
261137	923548
261178	923560
261199	923558
261355	923508
261394	923505
261467	923456
261565	923380
261624	923321
261637	923288
261649	923246
261727	923203
261801	923166
261868	923121
262054	923098
262133	923091
262156	923100
262180	923121
262188	923122
262210	923102
262223	923103
262275	923125
262288	923128
262310	923125
262337	923116
262366	923125
262436	923187
262504	923223
262557	923228
262619	923213
262660	923207
262678	923209
262713	923227
262717	923228
262744	923196
262778	923179
262802	923173
262818	923176
262853	923216
262892	923181
262911	923168
262948	923158
263003	923137
263031	923102
263095	923023
263109	923015
263174	923015
263355	923020
263437	923018
263624	923006
263716	922997
263820	922946
263833	922943
263889	922982
263952	923025
264052	923089
264153	923105
264165	923151
264198	923439
264207	923525
264222	923554
264229	923610
264235	923670
264222	923778
264201	923915
264190	923948
264147	924077
264147	924118
264147	924285
264145	924370
264163	924454
264198	924623
264223	924735
264213	924788
264193	924910
264187	924955
264178	925000
264178	925000
264174	925034
264212	925042
264456	925191
264624	925191
264729	925192
264765	925194
264880	925226
264924	925238
264893	925371
264890	925400
264882	925523
264912	925536
264972	925553
265010	925566
265092	925571
265286	925588
265335	925593
265440	925663
265531	925719
265590	925737
265805	925810
265825	925818
265933	925909
265986	925958
265996	925981
266057	926152
266117	926319
266183	926491
266192	926538
266152	926658
266121	926761
266132	926775
266231	926826
266306	926882
266371	926924
266405	926938
266497	926958
266584	926979
266656	926991
266665	927010
266691	927125
266736	927295
266785	927467
266831	927630
266870	927796
266906	927952
266885	928037
266870	928134
266851	928216
266718	928305
266738	928328
267002	928577
267067	928638
267251	928809
267346	928899
267525	928890
267804	928879
268076	928867
268085	928866
268055	928940
268105	929038
268194	929206
268268	929345
268304	929379
268323	929419
268333	929460
268344	929631
268354	929671
268386	929719
268453	929779
268536	929837
268569	929861
268584	929888
268608	929959
268627	930061
268660	930233
268681	930323
268718	930391
268816	930531
268846	930576
268962	930750
269073	930917
269073	930917
269149	931029
269206	931115
269290	931243
269320	931285
269410	931420
269431	931454
269460	931497
269457	931536
269451	931624
269448	931663
269448	931663
269431	931753
269437	931888
269496	932084
269590	932250
269698	932377
269894	932569
270025	932718
270076	932802
270091	932875
270084	932998
270056	933108
269935	933352
269776	933607
269660	933807
269586	934020
269549	934112
269467	934312
269441	934478
269445	934680
269453	934962
269482	935166
269531	935254
269653	935346
269807	935403
270007	935430
270342	935448
270622	935432
271181	935363
271526	935361
271720	935385
272078	935477
272490	935647
272674	935753
272738	935833
272764	935906
272723	936601
272709	936677
272611	937292
272572	937619
272507	937958
272492	938036
272419	938332
272358	938467
272213	938645
271974	938849
271579	939119
271341	939307
271253	939409
270991	939734
270816	939898
270654	939994
270419	940141
270170	940343
270131	940421
270140	940537
270211	940666
270287	940770
270401	940979
270554	941337
270654	941566
270877	941923
270954	941993
271046	942021
271177	942011
271369	941968
271594	941919
271708	941917
271806	941942
271892	941989
271972	942103
272125	942391
272215	942551
272456	943068
272664	943489
272752	943724
272850	944004
272944	944363
272997	944643
273005	944825
272985	945013
272899	945494
272901	945586
272938	945639
273017	945667
273271	945726
273721	945801
273870	945815
273965	945801
274030	945765
274096	945691
274180	945549
274208	945492
274393	945201
274450	945125
274574	945000
274668	944923
274793	944861
274991	944791
275242	944667
275297	944615
275311	944556
275307	944498
275284	944418
275222	944290
275166	944179
275157	944121
275175	944083
275193	944072
