1
5457
0
209414	814983
209413	814962
209412	814927
209418	814897
209429	814864
209426	814851
209424	814813
209430	814780
209436	814770
209467	814719
209483	814692
209506	814653
209517	814615
209543	814585
209577	814557
209611	814534
209634	814507
209646	814490
209661	814481
209706	814469
209737	814461
209761	814448
209770	814428
209766	814397
209780	814350
209809	814321
209834	814290
209860	814265
209901	814232
209933	814219
209963	814220
209986	814225
210049	814241
210117	814250
210166	814254
210200	814256
210233	814254
210283	814248
210310	814270
210342	814276
210384	814284
210421	814292
210469	814304
210500	814321
210516	814347
210546	814360
210585	814371
210616	814380
210647	814393
210695	814414
210697	814409
210697	814409
210726	814383
210750	814365
210779	814345
210802	814331
210834	814316
210876	814301
210896	814294
210908	814282
210924	814265
210933	814250
210944	814237
210957	814226
210990	814210
211027	814187
211045	814177
211045	814177
211052	814175
211102	814160
211136	814149
211168	814142
211188	814146
211229	814131
211261	814133
211295	814116
211314	814117
211334	814122
211348	814121
211357	814108
211368	814093
211369	814053
211371	814022
211388	813996
211413	813978
211432	813976
211448	813960
211475	813935
211486	813927
211492	813900
211502	813890
211534	813857
211554	813830
211577	813814
211617	813791
211634	813781
211643	813774
211650	813759
211663	813700
211667	813689
211679	813681
211700	813671
211717	813655
211726	813634
211733	813631
211751	813630
211785	813611
211816	813600
211832	813596
211853	813591
211883	813589
211913	813567
211929	813544
211946	813528
211984	813501
212039	813460
212072	813442
212103	813433
212132	813429
212183	813427
212214	813429
212245	813443
212320	813488
212356	813511
212391	813533
212425	813548
212453	813557
212464	813568
212464	813568
212467	813577
212467	813604
212479	813604
212503	813607
212503	813607
212525	813615
212543	813625
212543	813625
212550	813635
212562	813650
212581	813678
212606	813708
212619	813722
212644	813730
212661	813730
212661	813730
212682	813731
212711	813736
212753	813753
212786	813771
212813	813794
212838	813820
212875	813849
212902	813863
212941	813882
212980	813896
212988	813895
212977	813877
212956	813854
212934	813827
212912	813805
212866	813754
212852	813712
212854	813678
212858	813654
212864	813635
212877	813607
212894	813568
212907	813543
212932	813508
212940	813491
212938	813476
212932	813430
212932	813407
212928	813393
212949	813365
212967	813343
212977	813324
212997	813294
213025	813291
213059	813294
213082	813291
213101	813284
213112	813278
213132	813261
213177	813225
213201	813205
213230	813180
213248	813156
213262	813147
213294	813142
213324	813140
213364	813151
213410	813167
213467	813167
213529	813166
213554	813163
213588	813162
213612	813159
213642	813159
213674	813163
213705	813165
213712	813161
213715	813148
213721	813116
213729	813084
213730	813067
213738	813056
213750	813035
213757	812999
213772	812966
213779	812957
213794	812947
213806	812933
213809	812907
213811	812876
213812	812860
213823	812829
213839	812790
213858	812767
213880	812750
213904	812727
213927	812698
213952	812696
213969	812697
214010	812691
214043	812685
214075	812675
214099	812663
214125	812653
214142	812631
214161	812598
214177	812584
214201	812569
214228	812546
214254	812522
214266	812515
214266	812515
214301	812516
214340	812504
214368	812503
214380	812506
214448	812518
214502	812536
214556	812547
214585	812541
214592	812514
214590	812496
214581	812428
214569	812358
214558	812346
214540	812330
214523	812325
214465	812321
214426	812312
214398	812309
214318	812274
214292	812257
214259	812236
214240	812233
214214	812227
214167	812211
214128	812196
214099	812192
214066	812194
214047	812189
214022	812175
213987	812150
213987	812150
213956	812156
213939	812148
213915	812125
213886	812112
213854	812103
213804	812080
213771	812073
213751	812020
213754	812006
213757	811961
213758	811925
213774	811898
213809	811853
213814	811813
213819	811799
213834	811783
213862	811752
213904	811706
213904	811706
213902	811679
213912	811648
213917	811609
213911	811566
213892	811531
213870	811499
213847	811467
213843	811442
213839	811410
213832	811372
213821	811353
213798	811337
213770	811326
213715	811331
213668	811335
213665	811335
213665	811335
213647	811318
213585	811258
213572	811256
213529	811253
213497	811230
213470	811222
213470	811222
213466	811217
213432	811191
213423	811179
213423	811140
213426	811111
213436	811096
213443	811073
213438	811055
213450	811023
213454	810988
213460	810944
213484	810913
213491	810897
213491	810897
213500	810881
213509	810834
213522	810804
213559	810784
213633	810754
213665	810745
213686	810736
213693	810712
213698	810682
213714	810617
213708	810597
213701	810540
213700	810508
213699	810500
213699	810500
213695	810480
213676	810452
213649	810419
213635	810403
213631	810369
213633	810341
213639	810305
213640	810294
213663	810284
213683	810272
213706	810203
213710	810191
213713	810164
213712	810136
213721	810106
213735	810079
213740	810049
213729	809993
213726	809971
213720	809917
213716	809880
213709	809824
213705	809799
213687	809667
213683	809626
213677	809575
213677	809575
213670	809524
213659	809441
213647	809358
213637	809275
213633	809243
213625	809189
213618	809135
213613	809103
213604	809029
213601	808986
213601	808937
213601	808924
213607	808892
213615	808851
213626	808804
213636	808764
213634	808749
213614	808690
213597	808652
213544	808519
213528	808482
213473	808348
213446	808278
213405	808178
213380	808118
213345	808037
213314	807958
213344	807877
213355	807831
213304	807774
213274	807742
213284	807710
213288	807698
213300	807695
213338	807687
213370	807681
213389	807679
213401	807684
213437	807694
213493	807712
213533	807724
213573	807718
213648	807704
213674	807697
213693	807673
213728	807638
213783	807591
213826	807576
213859	807565
213933	807541
214013	807512
214075	807489
214177	807458
214249	807439
214284	807429
214330	807416
214438	807388
214487	807374
214538	807349
214617	807308
214699	807265
214742	807243
214829	807190
214914	807135
214963	807095
215026	807023
215112	806935
215143	806903
215173	806872
215223	806765
215263	806678
215297	806606
215306	806589
215343	806509
215375	806441
215397	806392
215428	806359
215482	806309
215520	806273
215568	806229
215605	806226
215650	806228
215693	806224
215721	806204
215751	806178
215771	806159
215791	806117
215814	806064
215834	806046
215873	806029
215901	806015
215929	806005
215956	805965
215983	805923
216046	805833
216061	805811
216092	805766
216135	805701
216157	805669
216204	805598
216265	805507
216291	805470
216332	805387
216358	805334
216374	805298
216407	805227
216426	805193
216464	805159
216473	805131
216473	805131
216406	805082
216398	805073
216347	805030
216322	805000
216315	804996
216290	804989
216273	804988
216230	804990
216213	804993
216169	804991
216138	804980
216114	804968
216081	804954
216040	804933
215998	804915
215975	804908
215930	804898
215896	804901
215846	804904
215836	804899
215826	804892
215772	804842
215735	804803
215713	804788
215705	804787
215698	804788
215674	804794
215619	804805
215608	804802
215583	804786
215564	804779
215557	804780
215550	804782
215527	804800
215521	804803
215497	804809
215488	804808
215480	804805
215416	804774
215376	804761
215369	804760
215328	804765
215306	804763
215293	804759
215275	804746
215263	804730
215248	804701
215239	804676
215240	804668
215242	804660
215275	804600
215294	804576
215300	804565
215301	804557
215298	804549
215287	804540
215275	804535
215259	804532
215240	804534
215226	804538
215212	804545
215086	804611
215062	804621
215047	804624
214985	804623
214952	804625
214893	804641
214880	804646
214846	804640
214802	804626
214761	804599
214732	804577
214717	804572
214692	804571
214661	804573
214589	804606
214564	804623
214528	804643
214492	804671
214448	804697
214426	804709
214374	804724
214317	804731
214293	804736
214267	804744
214251	804745
214238	804748
214219	804771
214193	804793
214157	804820
214095	804861
214035	804910
214000	804931
213974	804952
213921	804977
213887	804987
213865	804992
213829	804997
213802	804997
213779	804998
213717	804993
213686	804993
213547	804961
213488	804950
213373	804932
213362	804933
213286	804949
213241	804951
213228	804954
213215	804958
213179	804975
213155	804991
213137	804977
213130	804963
213113	804947
213068	804958
213038	804972
213005	805000
212987	805041
212949	805058
212902	805071
212887	805077
212866	805090
212853	805105
212848	805122
212847	805133
212850	805155
212852	805168
212861	805194
212889	805258
212891	805265
212890	805280
212888	805286
212884	805291
212859	805302
212801	805317
212753	805325
212708	805329
212659	805329
212614	805327
212597	805320
212582	805308
212569	805301
212551	805295
212536	805293
212522	805292
212511	805294
212473	805310
212438	805331
212429	805342
212420	805348
212408	805355
212387	805362
212381	805367
212375	805376
212371	805392
212374	805412
212379	805424
212383	805447
212383	805459
212377	805475
212352	805507
212303	805558
212281	805571
212269	805575
212255	805577
212233	805575
212213	805570
212198	805563
212175	805546
212134	805496
212118	805486
212060	805474
212035	805467
212024	805466
212017	805468
211982	805495
211904	805577
211887	805589
211869	805597
211850	805603
211840	805608
211833	805613
211826	805620
211799	805670
211777	805703
211752	805730
211733	805745
211722	805751
211705	805757
211689	805757
211654	805740
211640	805737
211625	805739
211612	805746
211605	805751
211594	805765
211585	805779
211573	805790
211551	805799
211530	805802
211509	805799
211446	805801
211399	805796
211383	805791
211372	805784
211362	805775
211352	805761
211341	805754
211317	805747
211302	805747
211289	805753
211269	805769
211255	805784
211243	805803
211221	805825
211218	805831
211218	805845
211222	805854
211238	805875
211236	805883
211229	805887
211191	805884
211160	805877
211131	805868
211096	805862
211072	805860
210997	805859
210969	805854
210957	805848
210940	805834
210929	805821
210914	805798
210905	805791
210894	805785
210872	805777
210842	805773
210825	805763
210813	805751
210789	805715
210763	805684
210747	805670
210727	805657
210716	805651
210698	805647
210682	805648
210670	805653
210628	805688
210615	805694
210595	805698
210574	805697
210563	805701
210538	805717
210492	805752
210487	805755
210413	805774
210341	805781
210324	805775
210313	805767
210288	805738
210234	805708
210226	805701
210217	805678
210211	805647
210210	805618
210202	805580
210190	805548
210184	805541
210172	805537
210157	805538
210088	805563
210026	805562
210013	805561
209986	805554
209916	805548
209902	805542
209887	805533
209873	805520
209861	805506
209852	805486
209845	805460
209842	805432
209834	805419
209825	805414
209811	805414
209797	805421
209773	805455
209765	805460
209746	805457
209733	805452
209691	805415
209681	805404
209661	805394
209654	805394
209642	805396
209612	805405
209601	805413
209595	805423
209596	805432
209630	805448
209653	805462
209657	805466
209658	805474
209652	805484
209646	805489
209641	805489
209587	805465
209571	805465
209563	805468
209554	805476
209551	805483
209549	805496
209549	805511
209546	805519
209521	805556
209519	805558
209505	805562
209487	805561
209468	805542
209460	805535
209460	805535
209453	805524
209426	805501
209398	805489
209378	805477
209360	805441
209343	805418
209326	805410
209304	805415
209293	805428
209294	805445
209306	805462
209323	805474
209323	805474
209319	805475
209309	805480
209304	805490
209299	805507
209292	805523
209283	805534
209247	805542
209229	805543
209176	805537
209167	805534
209145	805522
209136	805519
209095	805510
209069	805507
209058	805508
209013	805519
208987	805518
208979	805520
208971	805524
208958	805534
208948	805547
208912	805586
208899	805604
208890	805612
208859	805632
208831	805681
208759	805740
208715	805774
208671	805804
208660	805803
208647	805797
208603	805789
208586	805791
208532	805809
208492	805835
208457	805850
208417	805882
208359	805915
208310	805952
208277	805964
208243	805959
208219	805954
208185	805940
208178	805943
208171	805964
208160	805969
208147	805972
208136	805978
208125	805978
208106	806005
208102	806013
208089	806026
208086	806042
208080	806056
208073	806066
208057	806083
208048	806091
208018	806093
208013	806104
208004	806117
207995	806143
207987	806144
207945	806163
207931	806166
207901	806164
207890	806178
207893	806198
207891	806205
207887	806211
207880	806215
207834	806216
207814	806220
207794	806228
207756	806235
207725	806256
207703	806259
207695	806257
207686	806250
207682	806226
207675	806215
207630	806228
207614	806230
207596	806229
207573	806223
207523	806223
207514	806236
207518	806265
207516	806273
207512	806279
207504	806286
207472	806308
207470	806314
207474	806317
207498	806323
207505	806328
207509	806335
207508	806344
207504	806352
207493	806361
207479	806368
207457	806374
207437	806377
207430	806380
207426	806405
207400	806406
207387	806409
207377	806432
207378	806492
207373	806496
207368	806499
207338	806495
207321	806501
207282	806527
207275	806526
207256	806511
207232	806501
207223	806498
207216	806503
207205	806517
207187	806549
207133	806581
207084	806615
207076	806617
207063	806605
207058	806604
207039	806628
207029	806633
207021	806630
206953	806650
206922	806654
206911	806653
206889	806621
206884	806617
206874	806616
206840	806623
206822	806629
206806	806635
206803	806649
206805	806678
206803	806685
206795	806690
206787	806688
206775	806671
206768	806644
206767	806639
206771	806628
206759	806612
206742	806593
206736	806583
206715	806576
206691	806574
206677	806576
206665	806580
206656	806585
206647	806605
206640	806608
206614	806610
206554	806611
206531	806620
206517	806619
206512	806614
206507	806604
206497	806608
206493	806615
206494	806623
206498	806629
206494	806640
206503	806662
206502	806666
206495	806667
206491	806676
206481	806689
206477	806710
206492	806733
206501	806750
206499	806763
206488	806797
206476	806844
206471	806873
206464	806891
206466	806927
206465	806936
206486	806978
206489	806997
206501	807008
206498	807028
206500	807038
206497	807047
206501	807064
206493	807078
206491	807096
206488	807111
206472	807149
206475	807158
206472	807176
206476	807191
206487	807199
206499	807214
206513	807226
206515	807238
206523	807256
206531	807264
206548	807274
206559	807293
206573	807300
206578	807325
206576	807346
206549	807427
206537	807475
206549	807491
206549	807501
206561	807511
206564	807532
206563	807559
206569	807585
206563	807593
206557	807619
206561	807624
206562	807635
206576	807675
206580	807681
206597	807698
206633	807719
206636	807723
206631	807750
206633	807769
206622	807787
206632	807794
206645	807807
206643	807826
206623	807835
206618	807839
206615	807846
206619	807855
206615	807867
206616	807879
206593	807900
206594	807909
206593	807918
206598	807924
206599	807928
206585	807933
206565	807946
206557	807948
206542	807969
206537	807987
206490	808080
206486	808104
206492	808139
206492	808139
206502	808188
206478	808187
206360	808190
206334	808199
206286	808209
206241	808199
206165	808188
206154	808186
206154	808186
206087	808174
206020	808192
205987	808196
205975	808189
205885	808172
205849	808163
205826	808161
205773	808199
205750	808222
205733	808214
205708	808199
205626	808139
205603	808120
205586	808095
205558	808035
205549	808041
205498	808064
205464	808076
205386	808086
205345	808123
205149	808307
205122	808330
205122	808330
205106	808344
205087	808334
205087	808334
205082	808332
205000	808285
204982	808273
204959	808253
204945	808244
204924	808244
204904	808248
204896	808251
204864	808249
204851	808251
204835	808257
204819	808267
204796	808249
204791	808236
204784	808228
204778	808224
204755	808218
204715	808215
204698	808210
204679	808202
204655	808187
204650	808187
204632	808179
204626	808175
204614	808170
204598	808158
204585	808152
204576	808152
204569	808154
204552	808162
204534	808173
204520	808177
204506	808179
204471	808177
204454	808180
204403	808197
204373	808213
204332	808243
204300	808250
204230	808285
204196	808299
204162	808309
204131	808316
204116	808316
204034	808306
203961	808303
203908	808319
203879	808334
203823	808374
203754	808434
203749	808437
203697	808455
203678	808454
203650	808459
203641	808459
203620	808453
203598	808454
203583	808457
203549	808470
203518	808488
203503	808490
203483	808496
203427	808517
203383	808546
203342	808585
203311	808612
203267	808660
203247	808685
203237	808701
203227	808736
203224	808755
203214	808770
203153	808800
203118	808796
203105	808801
203059	808834
203037	808847
202964	808895
202957	808908
202914	809007
202907	809032
202901	809073
202901	809142
202900	809157
202896	809173
202880	809208
202863	809237
202837	809290
202828	809302
202826	809303
202826	809303
202813	809309
202813	809309
202811	809309
202797	809306
202786	809301
202774	809294
202750	809271
202724	809257
202719	809261
202708	809265
202661	809273
202601	809272
202593	809270
202565	809269
202540	809266
202520	809266
202493	809269
202474	809268
202386	809270
202360	809274
202340	809281
202307	809297
202286	809305
202284	809310
202272	809317
202267	809326
202259	809335
202250	809341
202214	809356
202202	809358
202183	809353
202164	809352
202094	809355
202014	809380
201914	809425
201887	809451
201867	809485
201859	809492
201844	809497
201826	809501
201810	809502
201792	809508
201750	809532
201717	809548
201691	809553
201670	809551
201653	809547
201612	809550
201600	809553
201588	809559
201552	809569
201538	809578
201511	809604
201490	809627
201477	809639
201469	809654
201465	809676
201464	809687
201468	809703
201466	809704
201459	809733
201452	809748
201446	809756
201425	809769
201410	809774
201367	809785
201341	809795
201315	809813
201247	809845
201201	809872
201186	809886
201170	809912
201141	809947
201115	809968
201107	809971
201092	809969
201079	809970
201056	809973
201043	809977
201015	809980
201004	809983
200986	809990
200976	810000
200955	810037
200946	810047
200899	810072
200803	810128
200784	810141
200732	810192
200719	810207
200719	810207
200708	810221
200640	810319
200588	810380
200576	810404
200570	810423
200561	810433
200554	810437
200546	810439
200455	810457
200410	810469
200384	810477
200305	810506
200225	810533
200162	810556
200124	810574
200106	810588
200041	810666
200025	810683
200000	810709
199931	810767
199924	810772
199865	810797
199848	810807
199826	810834
199785	810891
199760	810940
199753	810961
199728	810960
199675	810951
199549	810937
199463	810934
199360	810918
199325	810917
199292	810925
199241	810898
199168	810886
199149	810881
199149	810881
199121	810876
199077	810857
199063	810855
199050	810857
199023	810863
198993	810873
198826	810965
198777	810965
198622	810979
198601	810984
198574	811004
198558	811023
198484	811141
198470	811173
198470	811173
198452	811214
198394	811205
198394	811205
198391	811205
198304	811194
198222	811149
198194	811140
198072	811195
197982	811222
197977	811223
197977	811223
197919	811251
197876	811271
197749	811312
197724	811314
197661	811304
197622	811325
197571	811346
197401	811396
197335	811374
197284	811378
197173	811344
197059	811343
197013	811334
197004	811328
196996	811321
196975	811295
196950	811286
196922	811276
196901	811271
196901	811271
196815	811251
196738	811216
196625	811146
196590	811130
196539	811119
196476	811114
196386	811059
196342	811046
196273	811039
196252	811032
196186	811003
196084	810977
196071	810969
196053	810963
196032	810967
195980	810989
195914	811009
195914	811009
195899	811001
195870	810992
195824	810973
195799	810967
195777	810970
195761	810976
195742	810993
195716	811017
195698	811028
195650	811053
195598	811078
195558	811092
195512	811106
195482	811120
195415	811139
195372	811149
195294	811157
195294	811157
195266	811154
195218	811151
195167	811156
195131	811165
195096	811179
195062	811199
195039	811217
195025	811230
195000	811258
194962	811290
194733	811349
194638	811370
194628	811372
194628	811372
194584	811387
194547	811412
194486	811467
194381	811591
194380	811658
194393	811763
194409	811831
194424	811902
194460	812009
194482	812073
194520	812128
194567	812157
194636	812198
194559	812320
194488	812425
194422	812520
194372	812574
194333	812602
194286	812656
194249	812686
194199	812770
194143	812872
194078	812953
194045	813016
194003	813047
193978	813050
193960	813048
193878	813037
193829	813037
193766	813072
193720	813083
193649	813097
193613	813115
193601	813118
193547	813082
193503	813070
193431	813088
193417	813085
193387	813074
193328	813027
193311	813004
193283	812979
193242	812955
193189	812942
193114	812911
193022	812870
192989	812863
192870	812832
192792	812799
192762	812818
192744	812825
192649	812829
192570	812822
192441	812828
192349	812823
192298	812854
192236	812902
192203	812932
192079	812942
192009	812957
191990	812974
191959	812986
191911	813027
191889	813051
191877	813073
191848	813111
191822	813178
191799	813227
191775	813297
191762	813356
191683	813449
191652	813491
191638	813557
191614	813665
191590	813731
191611	813808
191602	813836
191568	813903
191552	813944
191534	814031
191539	814049
191553	814066
191607	814091
191625	814103
191659	814107
191717	814137
191747	814154
191760	814174
191785	814239
191801	814277
191819	814355
191811	814410
191816	814437
191832	814468
191862	814508
191889	814529
191951	814601
191912	814620
191882	814640
191876	814687
191862	814714
191840	814743
191855	814803
191843	814862
191825	814968
191732	814979
191736	815054
191736	815054
191730	815061
191711	815095
191692	815152
191643	815167
191624	815177
191566	815229
191644	815322
191614	815406
191571	815500
191521	815512
191410	815517
191408	815560
191388	815607
191352	815737
191310	815865
191339	815916
191311	815927
191172	815988
191047	816066
191180	816068
191295	816070
191399	816155
191463	816143
191616	816160
191702	816274
191739	816321
191845	816466
191874	816521
191897	816622
191912	816705
191906	816757
191929	816850
191947	816968
191994	817091
192002	817222
191963	817239
191843	817295
191799	817329
191766	817366
191742	817465
191742	817465
191726	817485
191696	817536
191659	817601
191628	817660
191613	817686
191613	817686
191574	817694
191420	817682
191350	817709
191286	817731
191235	817766
191126	817881
191167	817960
191197	818027
191195	818102
191187	818300
191151	818296
191118	818318
191057	818358
190967	818429
190935	818458
190838	818487
190909	818582
190875	818638
190852	818710
190864	818765
190834	818863
190756	818888
190723	818904
190601	818990
190584	819089
190506	819155
190445	819216
190417	819225
190323	819264
190286	819363
190262	819410
190234	819443
190222	819522
190191	819617
190146	819753
190138	819788
190143	819847
190004	819891
190015	819976
190026	820017
190093	820148
190034	820203
189975	820233
189932	820237
189932	820237
189906	820305
189890	820319
189781	820369
189758	820372
189680	820408
189558	820397
189491	820391
189363	820395
189331	820409
189289	820426
189150	820381
189038	820346
188925	820321
188865	820326
188761	820388
188706	820413
188617	820440
188605	820452
188568	820575
188637	820645
188544	820765
188544	820765
188498	820822
188391	820926
188330	820982
188258	821069
188227	821095
188166	821144
188136	821179
188104	821235
188090	821263
188056	821287
188020	821328
187942	821436
187909	821460
187858	821481
187751	821528
187597	821596
187397	821668
187338	821688
187194	821738
187081	821774
186890	821834
186871	821801
186817	821691
186754	821562
186733	821559
186670	821549
186545	821533
186495	821523
186413	821479
186303	821416
186273	821420
186225	821431
186111	821467
185999	821503
185887	821536
185765	821577
185632	821614
185546	821639
185433	821663
185296	821693
185085	821733
184980	821753
184980	821753
184866	821775
184816	821785
184806	821784
184753	821770
184706	821754
184646	821711
184606	821680
184564	821650
184487	821600
184408	821569
184343	821549
184297	821534
184232	821502
184154	821452
184088	821416
184000	821384
183979	821383
183938	821393
183898	821370
183879	821367
183836	821382
183822	821381
183769	821355
183721	821366
183656	821358
183607	821362
183585	821366
183479	821397
183460	821401
183436	821402
183409	821414
183365	821436
183329	821449
183301	821487
183277	821516
183269	821542
183241	821592
183193	821632
183108	821693
183033	821786
182975	821858
182863	821977
182807	822010
182629	822059
182583	822091
182540	822118
182484	822152
182403	822231
182310	822331
182224	822461
182172	822503
182070	822572
181989	822663
181885	822723
181760	822794
181531	822925
181444	822816
181402	822813
181281	822817
181132	822812
181078	822825
181018	822848
180882	822909
180757	822950
180623	822995
180521	823034
180469	823066
180374	823139
180374	823139
180294	823162
180183	823237
180116	823298
180116	823298
180399	823674
180902	824483
181097	824798
181158	824980
181124	825161
180983	825409
180788	825638
180573	825832
180271	826007
179942	826135
179666	826202
179445	826229
179089	826208
178518	826161
177920	826175
177550	826121
177282	826034
177141	825973
177026	826000
176637	826242
176395	826380
176167	826467
175918	826608
175643	826702
175233	826756
174877	826736
174507	826742
174333	826789
174185	826836
174004	826991
173775	827232
173406	827642
173164	827890
172519	828512
172210	828834
172009	829096
171807	829324
171585	829546
171424	829680
171283	829781
171028	829895
170605	830029
170202	830143
169745	830251
169402	830371
169140	830519
168811	830768
168516	831053
168086	831577
167642	832087
167206	832671
166588	833410
166292	833756
165809	834373
165809	834373
165312	835033
164811	835806
164575	836275
164442	836609
164293	836967
164140	837402
164028	837781
163941	838195
163886	838477
163816	838835
163774	839388
163767	839760
163753	840654
163774	841138
163785	841830
163851	842536
163924	843552
163938	843906
163987	844856
164011	845291
164091	846299
164136	846658
164258	847673
164307	848032
164439	849023
164495	849388
164707	850539
164756	850745
164846	851214
164870	851541
164891	852046
164912	852421
164933	852720
164985	853033
165065	853322
165170	853625
165319	854000
165459	854393
165556	854682
165706	855197
165838	855739
165918	856035
166071	856748
166203	857381
166283	857847
166443	858369
166548	858773
166645	859246
166701	859753
166753	860091
166770	860529
166791	860933
166805	861277
166833	861482
166920	861872
167045	862811
167175	863360
167175	863360
167178	863623
167165	863971
167159	864117
167138	864474
167092	864790
167011	865246
166950	865468
166892	865731
166753	866141
166706	866321
166681	866459
166681	866459
166602	867432
166603	867543
166620	868392
166703	869246
166954	870182
167001	870306
167154	870698
167310	870965
167515	871730
167925	872608
167955	872658
168042	872845
168197	873097
168567	873665
168593	873735
168267	874060
167711	874854
167302	875732
167051	876669
167043	876762
166987	876971
166903	877936
166987	878901
167084	879344
167172	879682
167326	880176
167736	881054
167808	881157
167845	881515
167910	881744
167925	882124
167951	882442
168017	882955
168268	883892
168374	884141
168411	884282
168438	884581
168211	886003
168109	886383
168025	887349
168040	887528
168014	887827
168036	888079
167977	888756
168061	889721
168095	889828
168230	890259
168272	890401
168228	891371
168208	891539
168239	891793
168303	892329
168303	892329
168318	892502
168340	892756
168591	893693
169000	894571
169078	894702
169206	894909
169684	895572
170369	896258
171163	896814
171489	896987
171768	897125
172321	897361
173257	897612
173923	897688
174154	897678
174201	897702
174767	897984
174852	898020
174907	898043
175215	898166
176152	898417
177117	898502
177422	898475
177764	898635
178701	898886
179216	898931
179273	899046
179461	899315
179759	900007
180088	900518
180500	901076
181186	901762
181249	901815
181482	902089
182140	902742
182934	903298
183812	903708
184749	903959
184809	903969
185409	904068
186283	904168
186692	905046
186972	905460
186999	905778
187093	906209
187142	906396
187487	907272
187633	907645
187654	907683
187870	908003
187932	908136
188063	908324
188487	908931
189173	909616
189393	909770
189388	909832
189472	910797
189723	911733
189915	912110
190001	912696
190252	913632
190601	914379
190571	914529
190580	914878
190587	914946
190582	915000
190666	915965
190908	916902
190933	917192
191030	917635
191055	917730
191209	918224
191463	918768
191463	918768
191467	918777
191618	919102
191689	919202
191781	919334
192121	920065
192433	920510
192433	920510
192739	920475
193717	920369
194721	920245
195641	920132
195838	920103
196695	920014
197151	919950
197668	919896
198174	919833
198620	919786
198996	919743
199685	919659
199982	919630
200267	919602
200294	919602
200387	919581
200532	919504
200742	919346
201050	919078
201275	918908
201461	918791
201654	918691
201884	918579
201920	918572
202227	918465
202535	918391
202702	918379
202823	918390
202949	918451
203183	918583
203373	918731
203646	918998
203848	919193
203986	919331
204144	919487
204335	919638
204471	919738
204577	919800
204723	919861
204871	919901
205019	919941
205261	919976
205402	919976
205524	919972
205689	919948
205856	919915
206084	919863
206317	919802
206834	919663
207058	919616
207319	919557
207502	919507
207559	919503
207613	919510
207655	919502
207655	919502
207655	919502
207687	919484
207719	919459
207745	919433
207784	919398
207832	919373
207866	919356
207872	919353
207904	919341
207929	919339
207966	919345
208000	919360
208041	919381
208067	919397
208081	919401
208102	919402
208133	919395
208167	919388
208196	919386
208218	919389
208234	919395
208244	919398
208263	919396
208286	919375
208323	919348
208340	919336
208364	919329
208400	919326
208446	919330
208486	919332
208503	919327
208532	919323
208562	919319
208586	919314
208586	919314
208634	919304
208684	919295
208741	919293
208826	919292
208878	919295
208896	919282
208904	919269
208909	919255
208914	919248
208939	919222
208947	919209
208967	919182
208983	919167
209006	919152
209075	919125
209095	919113
209113	919099
209129	919082
209164	919031
209181	919013
209211	918957
209222	918932
209253	918871
209258	918863
209265	918858
209282	918847
209309	918817
209322	918796
209326	918776
209325	918753
209322	918735
209315	918710
209317	918686
209324	918662
209333	918653
209395	918605
209428	918586
209468	918568
209478	918565
209495	918564
209536	918557
209557	918548
209587	918531
209625	918501
209636	918484
209657	918465
209676	918452
209711	918423
209759	918392
209801	918359
209809	918356
209837	918355
209863	918360
209894	918361
209932	918354
209999	918330
209999	918330
210041	918316
210063	918312
210107	918312
210153	918299
210186	918292
210220	918279
210244	918274
210260	918267
210299	918244
210318	918235
210339	918228
210351	918222
210381	918201
210414	918185
210440	918174
210459	918171
210484	918165
210504	918159
210539	918146
210570	918138
210585	918136
210612	918139
210626	918138
210665	918122
210678	918108
210693	918083
210702	918076
210809	918025
210823	918016
210875	917990
210947	917964
210971	917947
211021	917917
211035	917911
211057	917894
211083	917876
211125	917852
211142	917844
211158	917849
211188	917854
211199	917849
211211	917841
211244	917832
211258	917826
211329	917791
211336	917786
211342	917778
211346	917767
211347	917755
211350	917742
211358	917733
211377	917726
211387	917725
211423	917711
211443	917709
211458	917705
211474	917698
211489	917688
211510	917680
211520	917678
211536	917677
211568	917683
211616	917683
211660	917690
211699	917693
211733	917692
211746	917695
211758	917702
211771	917706
211795	917697
211827	917695
211866	917688
211891	917676
211903	917668
211936	917642
211951	917635
211967	917636
211975	917639
212026	917665
212060	917700
212076	917711
212087	917714
212098	917713
212181	917668
212213	917656
212231	917656
212271	917663
212271	917663
212306	917670
212371	917679
212418	917690
212463	917715
212495	917747
212518	917789
212545	917853
212553	917881
212567	917890
212590	917894
212608	917892
212628	917875
212659	917848
212708	917806
212742	917778
212806	917735
212863	917695
212914	917670
212953	917650
212974	917626
212994	917589
213030	917511
213056	917490
213112	917488
213131	917482
213142	917465
213151	917445
213164	917380
213188	917342
213212	917311
213249	917281
213316	917243
213367	917219
213421	917192
213421	917192
213465	917167
213501	917134
213530	917103
213562	917055
213594	917021
213618	916999
213646	916982
213685	916971
213748	916973
213831	916980
213873	916960
213915	916942
213960	916926
214007	916905
214039	916881
214064	916852
214086	916825
214107	916788
214133	916742
214152	916677
214167	916633
214188	916587
214212	916537
214220	916516
214220	916516
214225	916516
214232	916510
214235	916500
214233	916487
214228	916475
214224	916465
214218	916458
214212	916455
214200	916452
214187	916451
214171	916440
214160	916431
214143	916423
214132	916411
214119	916401
214111	916387
214103	916381
214096	916366
214091	916355
214088	916343
214090	916330
214094	916319
214098	916313
214106	916312
214116	916301
214122	916291
214136	916283
214146	916276
214165	916259
214172	916249
214179	916237
214187	916220
214193	916204
214197	916197
214205	916191
214211	916190
214223	916190
214230	916189
214232	916187
214232	916187
214273	916169
214307	916158
214327	916152
214358	916160
214386	916174
214386	916174
214386	916175
214392	916181
214400	916183
214413	916182
214426	916178
214437	916177
214446	916178
214462	916197
214467	916203
214480	916213
214488	916217
214496	916228
214501	916234
214516	916236
214534	916237
214549	916234
214564	916229
214578	916220
214596	916206
214605	916198
214614	916194
214617	916179
214622	916174
214639	916140
214653	916115
214660	916097
214682	916065
214698	916047
214707	916034
214722	916016
214736	916007
214759	915985
214774	915974
214783	915965
214789	915954
214793	915947
214797	915926
214809	915916
214811	915902
214815	915893
214820	915887
214823	915879
214834	915864
214852	915855
214874	915844
214899	915827
214904	915820
214924	915813
214959	915775
214998	915738
214999	915737
214999	915737
215007	915730
215015	915714
215029	915695
215035	915689
215042	915686
215046	915682
215048	915674
215059	915659
215069	915649
215074	915640
215078	915632
215086	915620
215093	915610
215100	915602
215112	915601
215117	915596
215123	915588
215129	915574
215134	915568
215148	915556
215162	915545
215172	915536
215181	915527
215187	915522
215199	915517
215210	915515
215219	915512
215223	915509
215230	915496
215236	915485
215244	915474
215249	915469
215256	915461
215265	915460
215277	915460
215281	915460
215294	915455
215307	915446
215320	915439
215331	915435
215338	915427
215353	915411
215373	915385
215390	915363
215390	915363
215462	915356
215462	915356
215487	915343
215556	915326
215592	915309
215618	915291
215664	915239
215664	915239
215679	915173
215679	915173
215679	915172
215700	915161
215713	915146
215721	915139
215736	915131
215745	915124
215756	915111
215769	915100
215775	915094
215789	915087
215796	915082
215808	915080
215813	915077
215813	915077
215866	915072
215906	915065
215906	915065
215980	915019
216047	914979
216088	914949
216135	914913
216174	914889
216232	914853
216266	914835
216303	914825
216362	914810
216412	914797
216484	914791
216538	914783
216595	914771
216636	914757
216686	914741
216748	914708
216834	914657
216891	914621
216939	914582
216971	914555
216994	914534
217020	914518
217057	914499
217108	914481
217163	914459
217206	914435
217231	914420
217278	914375
217314	914342
217336	914302
217355	914254
217368	914212
217378	914169
217398	914117
217412	914075
217428	914052
217447	914029
217491	914002
217533	913985
217580	913976
217624	913971
217669	913959
217707	913944
217726	913935
217785	913896
217824	913869
217865	913822
217892	913795
217921	913758
217962	913714
217996	913672
218042	913614
218094	913551
218135	913498
218160	913470
218208	913428
218233	913414
218275	913390
218344	913349
218409	913307
218451	913281
218482	913270
218538	913250
218589	913247
218656	913235
218704	913215
218730	913192
218760	913169
218795	913136
218820	913106
218856	913063
218877	913041
218895	913027
218950	912991
218972	912983
219000	912975
219068	912965
219117	912955
219180	912939
219232	912920
219297	912894
219348	912875
219388	912866
219462	912854
219516	912832
219552	912813
219581	912787
219598	912761
219617	912702
219634	912672
219668	912626
219693	912606
219740	912576
219777	912561
219833	912533
219889	912507
219917	912491
219944	912461
219975	912435
220010	912387
220039	912354
220075	912326
220111	912301
220146	912281
220212	912258
220274	912249
220307	912244
220348	912243
220479	912254
220534	912258
220580	912257
220646	912236
220703	912211
220740	912192
220787	912165
220831	912150
220891	912139
220938	912128
220938	912128
220947	912155
220959	912179
220972	912189
220983	912192
220990	912192
220996	912191
221006	912185
221012	912179
221019	912165
221021	912148
221026	912133
221038	912118
221048	912116
221084	912120
221107	912117
221155	912105
221163	912101
221166	912097
221168	912091
221167	912083
221161	912068
221141	912055
221136	912043
221135	912036
221136	912029
221141	912016
221146	912012
221156	912006
221176	911997
221181	911985
221181	911975
221176	911965
221154	911924
221155	911913
221160	911890
221153	911873
221132	911845
221117	911817
221112	911812
221096	911797
221082	911788
221070	911780
221042	911769
221034	911765
221012	911743
220988	911722
220955	911689
220944	911675
220944	911668
220954	911640
220954	911634
220950	911624
220929	911601
220909	911584
220883	911564
220876	911561
220857	911559
220816	911562
220790	911560
220775	911555
220767	911550
220764	911544
220769	911522
220779	911501
220790	911489
220795	911477
220800	911459
220807	911416
220805	911402
220802	911393
220779	911364
220764	911351
220712	911312
220696	911302
220689	911298
220665	911292
220648	911284
220642	911278
220636	911265
220628	911246
220624	911224
220628	911214
220651	911174
220672	911123
220674	911108
220673	911077
220671	911057
220672	911043
220685	911023
220700	910995
220703	910982
220689	910935
220684	910905
220684	910893
220691	910875
220681	910866
220679	910858
220674	910855
220633	910855
220632	910852
220635	910839
220634	910832
220626	910822
220621	910805
220616	910800
220607	910795
220596	910793
220581	910787
220578	910782
220582	910778
220589	910766
220590	910751
220589	910747
220585	910739
220577	910731
220566	910723
220563	910718
220565	910712
220579	910708
220586	910699
220588	910689
220584	910689
220571	910697
220557	910700
220553	910697
220549	910692
220549	910689
220559	910677
220570	910675
220571	910673
220569	910669
220565	910665
220541	910665
220528	910658
220521	910650
220521	910647
220526	910642
220539	910638
220539	910633
220527	910624
220522	910608
220523	910605
220526	910603
220545	910601
220547	910598
220546	910596
220535	910591
220490	910585
220488	910571
220492	910567
220499	910566
220499	910564
220494	910558
220490	910539
220487	910539
220481	910546
220481	910570
220480	910575
220477	910578
220467	910577
220463	910575
220462	910565
220457	910555
220472	910547
220473	910540
220469	910527
220470	910513
220457	910514
220450	910513
220446	910519
220436	910515
220432	910511
220432	910504
220441	910495
220440	910494
220435	910486
220424	910479
220419	910478
220410	910484
220386	910476
220382	910478
220379	910483
220366	910490
220355	910495
220334	910500
220328	910500
220319	910497
220312	910501
220284	910502
220284	910507
220274	910507
220270	910503
220263	910490
220260	910493
220254	910491
220252	910488
220239	910484
220234	910483
220224	910489
220206	910487
220201	910484
220191	910482
220177	910487
220171	910486
220159	910474
220144	910453
220143	910450
220147	910436
220145	910427
220131	910416
220119	910409
220097	910400
220085	910397
220075	910396
220064	910399
220057	910391
220051	910387
220046	910387
220031	910394
220000	910390
219999	910389
219999	910389
219968	910375
219949	910377
219928	910370
219924	910365
219922	910359
219926	910319
219925	910297
219931	910278
219915	910265
219877	910251
219864	910242
219853	910232
219839	910223
219825	910220
219813	910230
219800	910223
219792	910214
219785	910197
219779	910186
219763	910176
219735	910174
219718	910156
219706	910145
219678	910142
219661	910133
219628	910130
219568	910146
219548	910144
219513	910135
219490	910142
219465	910143
219456	910139
219447	910138
219440	910132
219426	910129
219394	910114
219384	910114
219374	910110
219338	910104
219330	910110
219323	910126
219309	910135
219304	910147
219263	910161
219255	910157
219246	910167
219212	910176
219188	910165
219179	910168
219170	910173
219160	910184
219144	910194
219141	910203
219128	910205
219115	910219
219102	910224
219100	910222
219100	910222
219053	910179
219008	910140
219009	910129
219027	910089
219033	910060
219026	910033
219015	909992
218993	909941
218959	909877
218957	909855
218969	909832
218995	909805
219085	909715
219166	909632
219215	909574
219244	909541
219247	909530
219249	909449
219249	909397
219228	909259
219225	909225
219214	909159
219202	909060
219202	909060
219230	908752
219231	908750
219231	908750
219223	908726
219223	908672
219215	908582
219207	908524
219224	908452
219245	908395
219292	908366
219333	908342
219361	908340
219436	908378
219499	908409
219499	908409
219530	908425
219559	908398
219656	908340
219708	908312
219785	908275
219828	908253
219818	908238
219800	908212
219790	908203
219747	908174
219731	908149
219710	908007
219732	907985
219769	907940
219773	907927
219734	907825
219725	907795
219703	907649
219752	907588
219804	907526
219869	907457
219885	907439
219905	907407
219926	907372
219943	907318
219955	907285
219958	907251
219944	907203
219919	907129
219890	907040
219873	906986
219876	906967
219923	906865
219942	906827
219937	906719
219942	906688
219968	906674
220018	906669
220039	906630
220069	906577
220085	906556
220102	906548
220131	906526
220156	906481
220178	906430
220188	906403
220240	906366
220257	906367
220251	906343
220235	906309
220194	906263
220174	906240
220163	906211
220195	906155
220218	906141
220257	906135
220302	906134
220336	906151
220364	906171
220415	906212
220443	906222
220515	906249
220574	906269
220630	906313
220659	906354
220692	906335
220719	906332
220747	906331
220782	906316
220823	906294
220888	906286
220933	906272
220971	906259
221026	906257
221055	906246
221083	906225
221130	906203
221175	906183
221197	906167
221236	906129
221298	906079
221372	906037
221432	906004
221473	905981
221514	905966
221555	905957
221584	905954
221619	905948
221680	905932
221692	905905
221707	905877
221721	905860
221750	905830
221769	905823
221827	905806
221864	905789
221907	905770
221925	905752
221936	905732
221946	905700
221959	905664
221972	905632
221933	905558
221933	905548
221959	905518
221992	905484
222015	905471
222058	905474
222101	905482
222147	905493
222183	905488
222235	905466
222236	905400
222237	905377
222279	905329
222320	905322
222375	905306
222403	905290
222437	905227
222448	905236
222478	905260
222523	905261
222560	905261
222589	905267
222639	905286
222683	905295
222719	905298
222767	905305
222806	905322
222842	905349
222870	905354
222910	905354
222949	905352
223010	905352
223049	905346
223086	905335
223115	905337
223135	905345
223151	905372
223182	905376
223207	905365
223237	905344
223271	905331
223298	905333
223323	905342
223346	905348
223370	905345
223412	905340
223461	905340
223492	905307
223511	905277
223572	905234
223593	905212
223598	905196
223584	905121
223559	905037
223533	904950
223526	904912
223505	904840
223323	904832
223312	904784
223307	904729
223290	904642
223284	904587
223282	904546
223290	904519
223305	904481
223307	904450
223310	904414
223308	904367
223297	904309
223276	904277
223258	904255
223249	904237
223240	904203
223228	904161
223190	904122
223283	904119
223319	904111
223368	904094
223441	904072
223494	904056
223573	904030
223628	904011
223701	903981
223738	903963
223781	903940
223840	903909
223934	903861
223973	903842
224056	903800
224131	903764
224181	903736
224217	903724
224291	903717
224336	903706
224350	903700
224412	903668
224455	903652
224482	903637
224522	903610
224574	903568
224637	903525
224653	903508
224653	903485
224653	903408
224657	903382
224676	903345
224697	903308
224701	903264
224705	903243
224720	903224
224751	903203
224765	903187
224787	903147
224792	903121
224808	903062
224853	903036
224899	903025
224913	903029
224943	903048
224949	903001
224964	902988
225050	902942
225138	902899
225266	902831
225374	902774
225425	902745
225459	902704
225512	902629
225534	902600
225557	902586
225603	902568
225603	902568
225695	902469
225765	902399
225871	902317
225953	902228
226002	902149
226027	902057
226027	901944
225991	901811
225916	901669
225794	901496
225640	901309
225496	901165
225396	901070
225183	900911
225065	900853
224825	900791
224652	900735
224485	900635
224292	900500
224177	900456
224050	900410
223772	900376
223186	900372
222742	900422
222262	900511
221738	900694
221598	900729
221311	900763
221146	900758
221067	900769
220879	900860
220699	900929
220521	900953
220380	900943
220224	900914
219907	900835
219692	900748
219543	900635
219476	900546
219430	900460
219404	900344
219391	900219
219349	900115
219267	900040
219138	899940
218993	899866
218790	899793
218449	899724
218164	899690
217795	899661
217618	899613
217623	899538
217654	899409
217778	899152
217865	899025
217951	898931
218069	898822
218207	898731
218374	898633
218467	898580
218545	898509
218638	898413
218687	898340
218735	898269
218776	898209
218818	898156
218880	898107
219062	898038
219295	897967
219542	897879
219792	897781
219926	897748
220083	897699
220177	897655
220295	897589
220465	897451
220646	897269
220797	897086
220861	897007
220905	896989
221210	896976
221480	896974
221620	896945
221722	896894
221776	896840
221785	896784
221778	896719
221738	896642
221621	896542
221514	896471
221409	896397
221360	896339
221360	896277
221378	896209
221434	896127
221496	896072
221620	895994
221729	895936
221820	895907
221956	895889
222255	895890
222356	895880
222447	895860
222556	895824
222624	895780
222667	895728
222722	895575
222780	895408
222802	895282
222795	895204
222751	895079
222735	895007
222733	894958
222742	894909
222800	894838
222884	894767
222968	894718
223099	894685
223255	894670
223442	894681
223608	894667
223677	894658
223804	894596
223906	894526
224026	894431
224145	894313
224221	894228
224272	894151
224339	894089
224399	894060
224503	894059
224699	894109
224805	894113
224859	894101
224936	894065
225007	894019
225158	893978
225483	893925
225713	893863
225838	893823
225902	893779
226075	893604
226251	893402
226424	893215
226497	893157
226629	893132
227239	893103
227559	893065
227668	893026
227801	892955
227957	892831
228036	892744
228088	892657
228126	892549
228142	892442
228198	892245
228198	892245
227904	891853
227904	891853
227812	891730
227812	891730
227702	891703
227569	891604
227458	891475
227363	891359
227285	891209
227228	891060
227237	890963
227237	890963
226971	890609
226971	890609
226725	890280
226725	890280
226709	890254
226703	890229
226702	890195
226694	890077
226692	890000
226689	889950
226601	889560
226515	889352
226513	889351
226513	889351
226498	889271
226486	889130
226489	888977
226506	888850
226557	888684
226642	888525
226695	888451
226793	888329
226968	888160
227170	887989
227315	887874
227395	887821
227468	887794
227628	887795
227823	887826
228094	887886
228141	887888
228174	887879
228358	887721
228663	887478
228792	887364
228863	887285
228902	887229
228927	887145
228933	887073
228931	886932
228889	886766
228731	886488
228665	886390
228600	886302
228534	886245
228418	886198
228301	886173
228199	886162
228147	886182
228047	886260
227968	886287
227876	886291
227796	886254
227743	886242
227586	886270
227541	886255
227483	886223
227423	886154
227397	886110
227379	886059
227335	885895
227312	885777
227290	885710
227254	885637
227210	885557
227159	885471
227130	885420
227124	885318
227124	885109
227126	884865
227113	884775
227090	884657
227059	884575
227012	884541
226933	884514
226853	884503
226750	884524
226508	884619
226408	884697
226306	884741
226209	884748
226131	884734
225975	884634
225851	884525
225776	884438
225725	884360
225733	884331
225849	884293
226189	884153
226379	884076
226433	884046
226488	883995
226524	883934
226544	883839
226540	883712
226451	883439
226399	883325
226339	883229
226286	883174
226193	883122
226077	883058
226004	883002
225946	882944
225909	882894
225878	882836
225871	882789
225871	882701
225882	882575
225947	882334
226002	882139
226047	882016
226127	881836
226160	881760
226171	881716
226180	881689
226164	881629
226164	881629
226073	881510
226018	881451
225993	881422
225981	881393
225971	881341
225969	881296
225951	881239
225948	881223
225932	881187
225826	881221
225681	881268
225650	881274
225641	881279
225637	881287
225636	881295
225649	881332
225654	881371
225647	881435
225650	881504
225646	881539
225629	881576
225612	881604
225574	881673
225539	881709
225469	881759
225442	881776
225394	881808
225311	881803
225173	881796
225135	881794
225056	881805
224982	881820
224929	881826
224889	881822
224864	881837
224851	881847
224846	881879
224840	881885
224756	881899
224651	881917
224430	882011
224374	881995
224254	881950
224247	881942
224237	881887
224228	881857
224189	881813
224103	881731
224059	881690
224001	881667
223961	881655
223917	881655
223895	881619
223877	881604
223842	881631
223832	881636
223809	881618
223752	881614
223656	881604
223628	881612
223580	881622
223540	881623
223512	881612
223501	881604
223499	881574
223484	881539
223480	881527
223482	881492
223490	881462
223493	881444
223489	881419
223478	881399
223469	881381
223472	881351
223478	881319
223477	881274
223478	881233
223473	881220
223409	881179
223407	881170
223401	881130
223396	881105
223387	881064
223369	881025
223327	880981
223328	880965
223333	880940
223335	880926
223335	880913
223318	880902
223297	880888
223285	880867
223277	880853
223262	880850
223228	880851
223201	880858
223175	880854
223160	880845
223123	880801
223088	880788
222989	880781
222912	880772
222861	880752
222820	880723
222785	880675
222748	880633
222709	880601
222668	880575
222645	880550
222644	880539
222645	880521
222656	880506
222746	880456
222777	880440
222813	880399
222860	880357
222980	880292
223025	880257
223108	880191
223178	880146
223232	880123
223272	880121
223292	880112
223325	880072
223416	880015
223509	879954
223545	879951
223602	879956
223645	879949
223669	879938
223687	879948
223693	879951
223711	879937
223724	879899
223731	879867
223763	879846
223813	879813
223821	879803
223815	879764
223800	879724
223800	879718
223821	879687
223838	879665
223860	879611
223885	879532
223889	879516
223919	879526
223937	879528
223948	879528
223970	879508
223997	879468
224018	879428
224026	879413
224022	879368
224034	879344
224054	879302
224062	879287
224086	879281
224097	879282
224140	879195
224169	879143
224198	879099
224229	879076
224245	879045
224259	879045
224281	878991
224308	878971
224320	878962
224337	878972
224368	878932
224394	878869
224417	878869
224442	878869
224455	878846
224485	878797
224497	878775
224516	878767
224533	878766
224548	878751
224554	878726
224581	878686
224596	878662
224602	878639
224603	878602
224606	878574
224616	878554
224639	878538
224656	878529
224665	878520
224672	878481
224679	878439
224697	878360
224701	878320
224706	878302
224728	878270
224745	878248
224756	878229
224758	878214
224742	878122
224738	878096
224732	878067
224727	878040
224730	878031
224771	878025
224772	877979
224774	877972
224805	877971
224851	877968
224853	877932
224864	877910
224919	877884
224978	877862
225039	877848
225083	877846
225100	877812
225113	877808
225128	877802
225138	877793
225165	877793
225214	877800
225249	877799
225291	877776
225336	877781
225336	877781
225476	877645
225476	877645
225567	877579
225735	877465
225798	877407
225838	877369
225895	877310
225951	877240
225929	877206
225929	877206
226069	877070
226069	877070
226155	877005
226245	876929
226265	876910
226265	876879
226266	876869
226282	876856
226396	876840
226540	876816
226547	876809
226553	876760
226557	876742
226577	876723
226609	876681
226623	876657
226646	876602
226673	876579
226703	876558
226721	876538
226742	876495
226762	876476
226801	876462
226834	876445
226866	876418
226877	876400
226882	876361
226887	876342
226901	876331
226926	876307
226947	876275
226973	876221
226987	876176
226992	876126
226996	876092
227017	876032
227030	876003
227047	875969
227083	875905
227096	875862
227101	875837
227113	875801
227132	875765
227146	875736
227152	875694
227153	875666
227164	875558
227172	875513
227174	875504
227163	875454
227162	875418
227178	875366
227202	875325
227237	875281
227273	875228
227292	875191
227301	875164
227313	875119
227319	875079
227320	875045
227309	874994
227249	874910
227195	874824
227160	874775
227230	874709
227282	874660
227290	874648
227292	874628
227294	874617
227297	874604
227313	874582
227313	874566
227308	874508
227300	874501
227225	874462
227198	874451
227198	874451
226885	874234
226403	873935
226007	873753
225705	873629
225477	873564
225355	873539
225184	873525
224996	873511
224843	873506
224732	873520
224667	873540
224667	873540
224598	873588
224545	873607
224484	873621
224448	873624
224426	873632
224410	873639
224393	873652
224342	873653
224277	873648
224206	873656
224154	873662
224126	873670
224099	873652
224053	873627
223937	873602
223878	873618
223748	873670
223662	873710
223618	873724
223554	873731
223546	873721
223540	873713
223410	873686
223352	873675
223131	873576
223003	873506
222916	873458
222942	873408
222970	873340
222852	873291
222732	873240
222577	873175
222494	873167
222247	873039
222018	872927
221994	872904
221980	872883
221972	872843
221972	872772
221973	872724
221988	872665
222009	872576
222018	872533
222021	872503
222017	872468
222006	872433
221986	872417
221986	872417
221961	872379
221827	872249
221519	872064
221148	871814
220913	871641
220771	871594
220662	871578
220557	871590
220453	871639
220369	871710
220309	871781
220226	871898
220077	872053
219660	872448
219545	872515
219487	872524
219451	872511
219376	872446
219107	872147
218981	872001
218767	871727
218598	871482
218490	871333
218299	871109
218143	870979
218006	870891
217830	870818
217591	870659
217327	870519
217238	870502
217187	870517
217124	870552
217082	870589
217009	870654
216830	870812
216719	870908
216595	870995
216474	871057
216341	871104
216248	871121
216115	871120
215958	871121
215812	871109
215688	871090
215503	871079
215359	871091
215271	871106
215193	871122
215133	871141
215133	871141
215034	871195
215006	871200
214995	871205
214952	871256
214937	871296
214926	871336
214895	871364
214868	871384
214780	871233
214769	871209
214747	871174
214722	871205
214709	871218
214677	871224
214647	871225
214616	871214
214602	871210
214516	871224
214438	871225
214422	871232
214388	871273
214374	871280
214329	871288
214288	871302
214245	871307
214211	871328
214186	871365
214164	871386
214102	871402
214028	871429
213974	871448
213928	871482
213889	871517
213853	871533
213813	871540
213776	871538
213752	871525
213656	871454
213607	871410
213501	871403
213483	871400
213409	871344
213378	871321
213351	871245
213338	871214
213290	871144
213258	871079
213247	871061
213215	871037
213179	871018
213158	870994
213137	870956
213011	870973
212812	871003
212797	870999
212762	870964
212725	870941
212687	870917
212648	870879
212622	870839
212605	870793
212596	870751
212547	870749
212514	870736
212506	870725
212492	870649
212486	870624
212470	870597
212465	870585
212464	870578
212465	870565
212447	870525
212375	870507
212352	870459
212300	870340
212205	870309
212170	870288
211908	870193
211913	870138
211908	870073
211890	870033
211855	869967
211832	869902
211818	869863
211748	869701
211719	869650
211715	869630
211713	869576
211714	869533
211717	869476
211717	869404
211714	869373
211714	869373
211690	869368
211658	869372
211623	869387
211563	869453
211282	869943
211215	870050
211147	870130
210907	870382
210740	870573
210605	870744
210538	870802
210358	870874
210154	870917
210065	870921
209972	870894
209843	870317
209808	870130
209817	869969
209837	869836
209874	869655
209936	869485
209985	869348
210007	869234
210007	869083
209994	868939
209959	868815
209896	868700
209857	868585
209845	868522
209839	868431
209867	868329
209934	868178
210048	868010
210225	867788
210387	867605
210505	867511
210676	867387
210976	867231
211331	867064
211487	867012
211613	866981
211810	866973
211810	866973
211953	866925
212165	866854
212265	866820
212459	866764
212539	866740
212807	866661
213176	866551
213176	866551
213392	866442
213638	866313
213837	866216
213972	866124
214266	865906
214397	865822
214576	865742
215023	865662
215267	865666
215922	865578
216144	865526
216271	865515
216435	865526
216846	865609
216999	865616
217155	865602
217297	865536
217424	865307
217526	864955
217581	864613
217588	864195
217548	863938
217508	863731
217483	863542
217468	863251
217461	862682
217428	862496
217359	862366
217242	862264
217071	862166
216842	862100
216668	862078
216435	862111
216016	862213
215905	862197
215756	862117
215625	862063
215341	862012
215050	862027
214806	862063
214766	862067
214777	862007
214777	862007
214776	861708
214766	861094
214724	860954
214639	860752
214546	860654
214458	860566
214330	860478
214092	860423
213804	860393
213403	860440
213112	860574
212672	860851
212381	861043
211825	861552
211741	861642
211741	861642
211368	861517
211181	861452
210860	861350
210699	861275
210424	861144
210148	861013
210130	861005
210130	861005
209821	860927
209663	860882
209529	860859
208986	860845
208042	860880
206786	860900
206848	860862
207028	860738
207254	860540
207387	860377
207469	860231
207514	860043
207554	859768
207565	859576
207545	859373
207463	859109
207368	858937
207203	858643
207006	858748
206875	858814
206579	858925
206377	858967
206266	858980
206146	858975
206026	858951
205846	858858
205648	858729
205495	858647
205388	858608
205277	858576
205046	858534
204713	858457
204422	858382
204240	858327
204018	858240
203869	858162
203739	858075
203648	857989
203573	857910
203535	857836
203521	857772
203522	857674
203571	857529
203653	857369
203753	857190
203917	856864
204026	856589
204063	856500
204084	856416
204084	856416
204113	856392
204118	856380
204119	856368
204123	856360
204123	856356
204115	856345
204113	856341
204119	856336
204118	856333
204112	856329
204101	856322
204098	856314
204097	856285
204101	856279
204115	856276
204118	856274
204121	856260
204128	856255
204134	856238
204143	856230
204148	856219
204150	856206
204155	856200
204160	856189
204160	856181
204156	856168
204153	856159
204157	856149
204162	856128
204164	856118
204164	856110
204168	856105
204165	856094
204170	856083
204170	856066
204157	856037
204157	856037
204135	855957
204097	855827
204066	855700
204048	855584
204039	855489
204041	855406
204059	855304
204094	855186
204205	855025
204335	854852
204459	854638
204541	854499
204590	854380
204619	854268
204637	854149
204639	853979
204637	853815
204576	853438
204556	853239
204547	853130
204557	853055
204756	853397
205021	853755
205079	853813
205225	853930
205463	854081
205689	854165
205929	854216
206176	854232
206380	854259
206491	854286
206662	854373
206895	854511
207268	854726
207496	854868
207496	854868
207537	854877
207656	854890
207827	854786
207842	854778
207965	854763
208025	854751
208088	854726
208244	854643
208386	854569
208582	854446
208628	854410
208745	854325
208811	854286
208853	854264
208900	854251
208939	854251
209001	854257
209061	854269
209152	854276
209281	854278
209322	854282
209367	854296
209490	854345
209540	854403
209562	854452
209595	854529
209630	854579
209640	854596
209653	854621
209694	854696
209727	854734
209753	854756
209788	854778
209788	854778
209877	854909
210054	855139
210225	855285
210429	855401
210694	855477
210789	855470
210851	855419
210898	855274
210956	854834
211007	854492
211036	854379
211076	854303
211149	854237
211273	854201
211531	854208
212015	854288
212139	854294
212277	854276
212419	854210
212495	854108
212572	853934
212644	853621
212626	853163
212575	852923
212510	852674
212415	852405
212310	852179
212171	851990
212000	851812
211778	851692
211404	851536
211236	851436
211116	851334
210945	851217
210687	851203
210563	851196
210498	851152
210411	850988
210367	850912
210334	850763
210320	850450
210309	850163
210269	850041
210156	849881
210101	849786
210069	849743
209959	849317
209931	849206
209931	849206
209919	849142
209913	849113
209895	849091
209865	849042
209840	848990
209816	848942
209754	848826
209723	848803
209711	848755
209526	848604
209526	848604
209480	848607
209453	848596
209421	848573
209393	848551
209383	848544
209364	848539
209308	848545
209297	848540
209265	848498
209230	848476
209184	848468
209137	848458
209123	848452
209089	848476
209079	848481
209049	848478
209009	848496
208961	848530
208934	848536
208893	848519
208860	848495
208829	848463
208790	848418
208770	848392
208763	848370
208756	848327
208738	848288
208684	848200
208682	848188
208676	848174
208676	848174
208682	848133
208705	848060
208822	847914
209013	847714
209136	847562
209242	847425
209355	847244
209500	846957
209609	846763
209702	846582
209780	846427
209835	846320
209859	846213
209860	846127
209828	846030
209691	845850
209500	845668
209235	845430
209135	845363
209051	845320
208955	845254
208884	845173
208840	845074
208815	844976
208789	844876
208771	844735
208771	844735
208745	844736
208688	844725
208679	844726
208657	844742
208645	844746
208630	844733
208606	844721
208547	844703
208486	844691
208438	844684
208422	844687
208403	844701
208395	844714
208388	844721
208349	844728
208335	844726
208318	844699
208306	844690
208301	844683
208297	844658
208295	844654
208267	844660
208247	844648
208225	844631
208157	844604
208119	844594
208119	844594
208009	844557
207966	844544
207928	844530
207898	844526
207878	844519
207836	844499
207820	844492
207798	844492
207781	844495
207744	844512
207697	844545
207642	844608
207633	844615
207619	844620
207596	844625
207543	844627
207502	844630
207441	844660
207401	844674
207353	844685
207305	844702
207255	844728
207240	844727
207211	844703
207182	844690
207145	844711
207121	844718
207036	844724
206965	844736
206882	844754
206806	844765
206721	844772
206643	844766
206560	844765
206455	844774
206353	844785
206236	844805
206214	844807
206188	844784
206151	844733
206122	844695
206100	844680
206084	844665
206078	844640
206076	844604
206060	844573
205996	844494
205977	844472
205969	844476
205953	844489
205933	844491
205905	844490
205878	844481
205866	844477
205836	844478
205802	844484
205793	844483
205781	844477
205770	844449
205758	844421
205731	844385
205716	844369
205699	844351
205674	844338
205654	844330
205624	844324
205599	844320
205589	844317
205579	844303
205575	844288
205590	844267
205598	844254
205592	844241
205510	844156
205484	844126
205477	844112
205476	844089
205476	844069
205481	844026
205481	844026
205469	844002
205432	843955
205396	843914
205363	843896
205347	843881
205336	843858
205326	843828
205318	843807
205312	843785
205312	843771
205317	843759
205351	843720
205360	843703
205365	843674
205373	843634
205389	843601
205407	843586
205432	843585
205449	843584
205464	843583
205476	843574
205481	843559
205482	843548
205474	843524
205476	843509
205495	843467
205512	843434
205529	843414
205531	843402
205524	843379
205513	843349
205513	843327
205517	843303
205516	843294
205508	843289
205468	843276
205448	843260
205392	843162
205335	843083
205289	843015
205270	842991
205245	842973
205224	842970
205121	842979
205089	842978
205049	842960
204965	842914
204919	842904
204883	842896
204853	842887
204773	842891
204735	842895
204656	842912
204609	842930
204594	842929
204555	842927
204517	842924
204488	842901
204383	842813
204389	842773
204392	842752
204403	842723
204406	842715
204441	842675
204459	842650
204466	842639
204486	842587
204501	842556
204508	842541
204524	842507
204538	842490
204547	842475
204556	842447
204564	842420
204577	842396
204590	842377
204618	842353
204658	842322
204693	842301
204725	842276
204755	842245
204771	842217
204819	842102
204842	842049
204860	842014
204872	841990
204875	841978
204875	841956
204875	841947
204886	841933
204902	841918
204915	841906
204915	841894
204908	841882
204902	841868
204895	841860
204875	841855
204871	841853
204867	841844
204866	841821
204868	841796
204873	841765
204873	841745
204874	841740
204893	841726
204927	841711
204958	841695
204992	841681
205000	841659
205012	841632
205011	841602
205010	841590
205015	841578
205022	841564
205021	841554
205010	841535
204990	841511
204985	841504
204976	841487
204972	841476
204967	841464
204967	841455
204972	841444
204979	841429
204980	841415
204973	841390
204957	841364
204950	841350
204943	841335
204931	841314
204922	841299
204878	841224
204854	841189
204843	841168
204833	841157
204833	841157
204763	841105
204597	840994
204175	840767
203959	840643
203873	840574
203790	840513
203753	840462
203744	840402
203760	840280
203831	839984
203882	839799
203897	839694
203901	839538
203901	839250
203904	839125
203893	838953
203868	838791
203828	838606
203775	838451
203711	838234
204053	838227
204235	838201
204432	838163
204699	838074
205023	837933
205252	837839
205620	837713
206100	837570
206362	837494
206596	837398
206684	837422
206782	837431
206909	837419
207038	837360
207109	837286
207159	837197
207335	836788
207370	836717
207406	836636
207431	836592
207479	836560
207591	836523
207782	836470
208423	836227
208799	836100
209130	835995
209280	835924
209338	835866
209360	835780
209349	835658
209287	835383
209241	835185
209150	834868
209089	834602
209078	834531
209050	834423
209025	834320
209019	834216
209030	834141
209047	834038
209103	833930
209152	833852
209202	833774
209293	833689
209438	833572
209589	833485
209678	833434
209800	833392
209906	833345
209959	833300
209988	833231
209990	833165
209990	833165
209977	833042
209920	832937
209861	832869
209730	832784
209730	832784
209639	832743
209539	832698
209367	832618
209274	832577
209099	832499
208799	832365
208799	832365
208737	832318
208716	832293
208684	832259
208663	832233
208637	832189
208615	832141
208580	832052
208548	831951
208532	831889
208490	831662
208479	831551
208478	831411
208496	831294
208513	831218
208527	831066
208542	830983
208546	830937
208543	830905
208522	830871
208494	830832
208466	830827
208179	830899
207999	830950
207807	830963
207639	830951
207458	830941
207343	830923
207176	830874
207066	830829
206995	830791
206930	830729
206865	830645
206823	830574
206792	830501
206737	830340
206718	830261
206699	830197
206661	830148
206617	830114
206510	830046
206417	829992
206377	829955
206345	829909
206327	829864
206308	829808
206299	829720
206303	829631
206317	829514
206317	829446
206284	829376
206284	829374
206284	829374
206260	829308
206249	829283
206249	829283
206243	829269
206226	829237
206222	829213
206200	829182
206200	829182
206183	829105
206168	829079
206090	828994
206090	828994
206090	828977
206098	828960
206103	828952
206105	828945
206105	828931
206099	828913
206092	828904
206094	828888
206096	828871
206098	828861
206095	828842
206083	828816
206070	828811
206066	828803
206064	828787
206064	828787
206131	828660
206142	828565
206139	828476
206128	828383
206093	828294
206009	828205
205904	828142
205749	828083
205575	828012
205480	827968
205416	827923
205376	827875
205347	827808
205305	827639
205271	827437
205238	827331
205182	827196
205031	826989
204960	826894
204871	826747
204776	826608
204734	826501
204723	826428
204714	826353
204718	826272
204769	826146
204823	826061
205087	825671
205151	825580
205198	825531
205271	825489
205300	825467
205315	825423
205275	825317
205244	825224
205229	825139
205227	825012
205244	824875
205265	824764
205353	824496
205385	824360
205401	824259
205403	824112
205405	824008
205392	823907
205328	823857
205328	823857
205332	823841
205344	823781
205342	823755
205336	823674
205325	823608
205317	823555
205312	823528
205293	823490
205277	823458
205271	823446
205254	823408
205241	823372
205229	823340
205220	823311
205212	823286
205208	823276
205194	823222
205188	823199
205191	823118
205177	823038
205176	823029
205169	823012
205157	822985
205163	822958
205174	822900
205181	822875
205195	822835
205208	822794
205219	822756
205219	822756
205180	822735
205168	822721
205147	822703
205147	822703
205134	822685
205123	822667
205113	822637
205104	822620
205096	822604
205087	822570
205074	822546
205065	822530
205058	822514
205053	822496
205048	822479
205040	822439
205032	822411
205031	822395
205041	822368
205044	822353
205044	822353
205032	822289
205026	822269
205014	822239
205026	822211
205024	822198
204992	822143
204943	822069
205044	822094
205044	822094
205060	822077
205073	822061
205078	822022
205088	821974
205091	821908
205097	821885
205102	821832
205114	821759
205116	821736
205092	821731
205056	821716
205028	821699
205028	821699
205010	821691
204979	821700
204947	821739
204921	821771
204898	821775
204865	821775
204840	821764
204796	821769
204778	821765
204753	821748
204742	821716
204719	821694
204689	821683
204656	821690
204602	821703
204562	821701
204513	821697
204448	821697
204379	821695
204327	821694
204262	821699
204204	821708
204168	821712
204132	821709
204091	821702
204063	821687
204013	821668
203974	821657
203933	821651
203873	821657
203835	821655
203771	821671
203735	821685
203703	821689
203667	821681
203639	821670
203647	821648
203662	821611
203673	821553
203679	821485
203655	821456
203624	821455
203602	821450
203580	821440
203525	821405
203482	821382
203419	821334
203415	821321
203415	821314
203421	821272
203427	821187
203420	821151
203416	821121
203395	821087
203367	821043
203306	820980
203278	820955
203231	820894
203203	820856
203171	820814
203155	820791
203129	820771
203109	820743
203083	820707
203070	820660
203068	820635
203055	820582
203062	820576
203115	820534
203149	820504
203178	820478
203204	820466
203228	820438
203255	820403
203279	820377
203273	820338
203264	820311
203240	820286
203208	820272
203181	820268
203146	820281
203122	820280
203111	820270
203101	820249
203108	820222
203109	820197
203109	820141
203102	820100
203093	820078
203067	820048
203027	819996
202987	819946
202951	819912
202951	819912
202918	819874
202888	819855
202880	819827
202837	819794
202801	819768
202782	819743
202729	819714
202696	819703
202672	819705
202634	819707
202610	819698
202501	819656
202466	819641
202426	819636
202382	819627
202339	819613
202330	819591
202250	819542
202227	819528
202176	819504
202141	819489
202124	819477
202108	819446
202092	819428
202071	819407
202022	819371
201985	819341
201948	819321
201922	819305
201875	819274
201860	819262
201833	819211
201820	819169
201809	819103
201806	819053
201808	818986
201812	818937
201822	818894
201842	818851
201864	818820
201890	818788
201906	818756
201918	818720
201941	818690
201990	818671
202031	818662
202037	818641
202066	818604
202106	818564
202126	818543
202154	818519
202200	818492
202236	818487
202281	818484
202303	818478
202355	818454
202407	818423
202480	818400
202521	818392
202561	818388
202600	818382
202644	818376
202680	818370
202712	818371
202733	818379
202764	818393
202806	818415
202842	818435
202871	818458
202906	818492
202930	818513
202953	818522
202972	818517
202988	818504
203027	818495
203082	818496
203138	818502
203180	818512
203206	818523
203238	818545
203271	818575
203285	818573
203311	818560
203352	818544
203396	818530
203426	818527
203465	818534
203498	818546
203542	818552
203575	818557
203616	818567
203662	818578
203704	818579
203733	818574
203744	818553
203767	818520
203800	818471
203809	818442
203814	818418
203819	818375
203826	818357
203826	818357
203833	818344
203865	818309
203881	818289
203937	818224
203972	818179
204010	818135
204046	818095
204081	818051
204121	818020
204149	818003
204183	817982
204209	817954
204235	817928
204292	817867
204321	817838
204332	817799
204332	817799
204343	817764
204354	817721
204367	817693
204375	817652
204382	817639
204397	817634
204453	817623
204456	817623
204456	817623
204488	817622
204512	817616
204519	817602
204535	817572
204551	817540
204570	817518
204609	817475
204648	817464
204696	817454
204731	817448
204706	817420
204694	817396
204692	817366
204692	817366
204690	817340
204680	817259
204671	817224
204640	817183
204610	817155
204611	817127
204628	817074
204628	817074
204636	817056
204660	817028
204694	817006
204727	816987
204770	816972
204796	816961
204842	816923
204849	816893
204846	816859
204815	816823
204815	816823
204812	816819
204784	816795
204721	816740
204706	816720
204685	816688
204667	816603
204658	816568
204676	816543
204672	816534
204654	816496
204650	816473
204650	816398
204646	816385
204621	816316
204611	816272
204597	816227
204590	816189
204597	816149
204602	816128
204604	816058
204596	816041
204574	816004
204559	815961
204555	815930
204553	815887
204542	815856
204522	815802
204478	815729
204455	815690
204427	815646
204404	815600
204401	815566
204409	815518
204420	815488
204428	815441
204424	815400
204412	815379
204391	815360
204355	815317
204334	815289
204309	815233
204303	815206
204294	815167
204279	815138
204251	815101
204240	815075
204225	815040
204214	815010
204214	815010
204186	814928
204177	814900
204161	814872
204133	814841
204101	814810
204077	814783
204060	814758
204047	814744
204031	814727
204007	814709
203941	814673
203900	814647
203871	814631
203823	814605
203795	814590
203752	814559
203708	814525
203696	814512
203675	814494
203639	814475
203590	814434
203530	814375
203506	814354
203483	814325
203460	814294
203460	814294
203455	814291
203433	814287
203404	814277
203381	814269
203368	814274
203345	814288
203340	814287
203344	814281
203350	814268
203363	814235
203376	814221
203391	814215
203410	814211
203423	814210
203428	814205
203437	814194
203451	814180
203493	814138
203493	814138
203497	814130
203504	814112
203517	814099
203544	814083
203593	814032
203661	813971
203711	813931
203741	813913
203782	813905
203818	813906
203885	813903
203945	813903
203983	813903
204006	813896
204020	813883
204059	813878
204109	813871
204177	813853
204241	813828
204259	813824
204293	813822
204342	813786
204383	813754
204407	813750
204460	813737
204500	813721
204525	813688
204551	813684
204585	813684
204633	813701
204658	813706
204707	813707
204745	813709
204780	813721
204828	813742
204863	813756
204908	813778
204941	813795
205014	813807
205105	813835
205134	813851
205134	813851
205162	813874
205194	813893
205226	813913
205263	813928
205307	813959
205335	813977
205347	813977
205376	813976
205417	813989
205444	813992
205452	813999
205464	814017
205472	814049
205479	814074
205493	814098
205516	814128
205533	814160
205559	814193
205559	814193
205559	814232
205569	814264
205588	814292
205586	814313
205579	814339
205576	814377
205578	814420
205579	814455
205605	814483
205650	814510
205676	814524
205703	814539
205703	814539
205756	814588
205803	814634
205857	814683
205891	814708
205912	814726
205935	814756
205957	814776
205984	814796
206010	814806
206036	814809
206067	814809
206087	814819
206104	814832
206127	814860
206140	814902
206154	814938
206172	814962
206189	814977
206231	815016
206231	815016
206247	815041
206272	815071
206283	815106
206312	815153
206310	815171
206301	815204
206293	815237
206278	815306
206269	815349
206254	815370
206239	815392
206194	815496
206178	815535
206153	815595
206157	815609
206171	815624
206193	815670
206215	815704
206233	815725
206247	815739
206253	815779
206261	815844
206263	815866
206252	815926
206246	815949
206232	815989
206229	816004
206228	816019
206227	816075
206229	816121
206235	816152
206242	816195
206265	816232
206271	816247
206268	816274
206245	816346
206225	816372
206198	816384
206179	816428
206171	816468
206173	816479
206186	816511
206207	816595
206244	816643
206251	816662
206263	816676
206279	816676
206291	816693
206298	816718
206320	816735
206356	816743
206387	816745
206407	816763
206452	816768
206481	816773
206512	816785
206546	816805
206590	816817
206651	816827
206709	816837
206746	816838
206766	816836
206797	816827
206821	816805
206855	816772
206902	816719
206953	816680
206993	816644
207027	816613
207075	816563
207127	816514
207162	816482
207193	816455
207250	816397
207278	816369
207316	816348
207392	816308
207450	816275
207493	816261
207515	816249
207559	816221
207619	816191
207717	816149
207774	816127
207805	816111
207846	816097
207959	816082
208037	816070
208113	816056
208180	816059
208235	816062
208284	816067
208324	816064
208383	816061
208470	816083
208552	816109
208622	816117
208698	816123
208731	816132
208774	816160
208854	816222
208904	816247
208971	816277
209047	816292
209102	816302
209136	816309
209132	816287
209132	816258
209140	816229
209167	816169
209179	816129
209187	816087
209198	816040
209212	815998
209214	815965
209240	815931
209249	815906
209263	815868
209281	815828
209293	815806
209295	815764
209299	815729
209300	815703
209307	815677
209312	815654
209321	815633
209311	815598
209267	815534
209255	815510
209256	815481
209256	815464
209273	815419
209283	815387
209294	815340
209312	815307
209336	815289
209382	815266
209413	815253
209430	815230
209441	815200
209440	815162
209433	815133
209430	815109
209428	815066
209414	815019
209414	814983
