6
1249
0
55936	773782
55720	773786
55617	773790
54868	773870
53931	774121
53053	774531
52695	774800
52372	774950
52267	775046
52137	775100
52085	775130
51911	775230
51845	775323
51560	775478
51011	775843
50326	776529
50279	776595
50195	776680
49639	777474
49229	778352
48978	779288
48948	779636
48948	779636
48894	780254
48908	780417
48760	780969
48676	781934
48760	782899
48920	783423
48995	783671
49043	783827
49126	784072
49217	784341
49251	784603
49309	784728
49437	785328
49520	785677
49678	786266
50088	787145
50644	787939
51329	788624
52117	789183
52269	789510
52825	790304
53532	790969
53638	791078
54305	791545
54384	791525
54472	791565
54589	791652
54938	791784
55003	791808
55121	792194
55270	792492
55320	792583
55365	792667
55440	793529
55565	793996
55447	794247
55354	794492
55332	794551
55081	795487
54997	796453
55081	797418
55332	798354
55742	799233
56097	799740
56137	799888
56546	800767
56971	801313
57072	801443
57101	801589
57159	801880
57569	802759
58125	803552
58279	803706
58489	804006
58998	804516
58973	804819
58967	804895
59051	805861
59302	806797
59712	807675
60268	808469
60323	808525
60323	808525
60953	809155
61147	809310
61194	809346
61796	809748
61892	809815
62770	810224
63706	810475
63857	810488
64107	811432
64467	812205
64540	812290
64675	812448
64685	812499
64714	812647
65037	813402
65628	814173
65717	814310
66305	814855
66423	814974
66972	815328
67116	815422
67209	815482
66958	816418
66873	817384
66931	818342
66901	818455
66816	819420
66881	820158
66901	820386
66970	821123
67105	821627
66961	822540
66710	823477
66625	824442
66710	825407
66777	825658
66681	826015
66214	826682
66122	826881
66053	826978
65644	827857
65444	828539
65390	828780
65339	829034
65254	830000
65339	830965
65590	831901
65999	832780
66555	833573
66875	833884
66856	833954
66772	834920
66856	835885
67107	836822
67349	837341
67349	837341
67517	837700
67638	837881
67710	838002
67783	838123
68267	838796
68953	839481
69672	839984
69663	840067
69601	840880
69553	841168
69496	841464
69436	841694
69399	841748
69048	842501
68801	842981
68521	843699
68477	843816
68226	844753
68142	845718
68226	846684
68281	846887
68292	847019
68543	847955
68953	848833
69075	849036
69184	849206
69580	849748
69790	850047
70269	850526
70291	850776
70239	850887
69988	851823
69904	852789
69926	853045
69911	853223
69958	853756
69909	854314
69993	855279
70180	856091
70211	856224
70426	857028
70449	857077
70470	857155
70618	857460
70894	858026
70932	858107
71037	858334
71593	859128
71983	859518
71804	859704
71657	859855
71275	860368
71075	859932
70519	859138
69833	858452
69417	858161
68728	857481
68624	857408
68528	857271
68429	857165
67743	856480
67416	856243
66622	855687
65744	855277
65044	855090
64861	855052
64806	855036
63931	854777
62966	854693
62000	854777
61064	855028
60186	855438
59392	855994
59224	856152
58441	856221
57505	856472
56633	856897
56564	856926
55842	857452
55775	857496
55159	858134
55099	858193
54602	858924
54554	858993
54485	859133
54449	859210
54224	859689
53738	860170
53658	860224
53516	860370
53394	860497
53054	860851
52983	860920
52491	861636
52433	861718
52372	861845
52293	862007
52054	862501
52012	862588
51968	862763
51766	863429
51686	863692
51602	864657
51686	865622
51937	866559
52035	866769
52035	866769
52346	867437
52902	868231
53588	868916
54382	869472
55260	869882
56196	870133
57162	870217
58127	870133
58539	870044
58625	870022
59149	869860
59685	869610
60128	870243
60357	870472
60313	870672
60397	871637
60648	872574
60668	872616
60691	872701
61100	873579
61656	874373
62342	875058
63136	875614
64014	876024
64094	876045
64204	876097
65141	876348
66082	876456
66676	877050
66873	877190
66903	877535
67154	878472
67564	879350
68120	880144
68805	880829
69599	881385
69690	881428
69807	881509
70322	881721
70708	881879
70807	881948
71200	882131
71239	882150
71325	882190
71686	882358
72622	882609
73587	882693
74261	882634
74342	882627
74368	882629
74368	882629
74414	882634
74549	882645
75226	882705
75919	882644
76228	882727
77021	882808
77214	882814
77352	882799
77471	882810
78318	882884
78543	882864
78552	882880
78837	883330
79115	883608
79197	883915
79584	884755
79671	884908
79692	885275
79943	886212
80353	887090
80909	887884
81369	888344
81416	888887
81667	889824
81838	890077
81810	890215
81780	890706
81767	890810
81864	891667
81872	891775
82046	892358
82104	892544
82114	892601
82134	892712
82225	892938
82257	893041
82332	893285
82381	893472
82719	894189
82793	894350
83144	894850
83151	894860
83151	894860
83349	895143
84035	895829
84829	896385
85707	896794
86643	897045
87014	897098
87326	897131
87608	897146
87920	897163
88530	897110
88812	897512
89498	898198
90292	898754
91170	899163
92106	899414
92493	899483
92678	899432
92678	899432
92780	899532
92865	899578
92962	899631
92914	900327
92998	901292
93011	901404
92796	901567
92111	902252
91555	903046
91145	903924
90894	904861
90810	905826
90894	906791
90344	906435
89466	906026
88529	905775
87564	905691
86599	905775
85662	906026
84784	906435
84701	906485
84458	906631
83747	907137
83062	907823
82708	908292
82602	908450
82400	908774
81990	909652
81739	910589
81728	910722
81698	910834
81614	911799
81698	912764
81949	913701
82358	914579
82914	915373
83600	916058
84394	916614
85272	917024
85657	917148
85808	917191
86359	917317
86618	917329
86711	917355
87281	917402
87379	917410
87677	917436
88643	917352
89357	917126
89608	918062
89635	918196
89591	918943
89577	919068
89670	919904
89682	920031
89789	920428
89823	920554
89933	920967
90343	921846
90899	922639
91548	923328
91569	923565
91569	923565
91610	924037
91861	924973
92086	925459
92128	925489
92068	925974
92101	926348
92152	926939
92184	927313
92238	927513
92263	927799
92496	928580
92576	928712
92546	928782
92552	928841
92583	928986
92762	929728
92815	929927
93225	930806
93504	931175
93607	931311
93755	931517
93867	931672
93857	931801
93844	931960
93828	932390
93912	933356
94163	934292
94573	935170
94683	935314
95163	935940
95266	936088
95849	936617
95923	936784
95999	936955
96684	937640
97478	938196
97954	938446
98126	939050
98193	939115
98177	939202
98203	939262
98433	940136
98843	941014
99399	941808
99855	942244
100028	942648
100584	943442
101269	944127
102063	944683
102942	945093
103880	945336
103922	945347
104844	945420
104892	945424
105807	945324
105854	945312
106242	945211
106262	945262
106375	945551
106735	946298
107291	947092
107741	947568
107985	947785
108779	948341
109657	948751
109887	948802
110604	948963
110700	948989
110830	949024
111669	949120
112267	949399
113204	949650
114169	949735
115073	949655
115073	949655
115094	949654
115134	949650
115408	949563
115502	949656
115927	949933
116172	950089
116293	950166
116789	950421
116844	950444
117185	950586
117801	950793
117889	950825
117935	950842
118027	950857
118202	950888
118250	950904
118802	950963
118981	950983
119223	950990
119288	951042
119409	951153
119545	951336
119652	951347
119750	951480
119784	951522
119964	951749
119964	951749
119968	951754
119979	951765
120025	951809
120839	952416
120901	952483
120966	952483
120999	952519
121618	952986
121729	952991
121819	953054
121891	953050
122031	953156
122365	953317
122584	953422
122627	953448
122673	953489
122724	953496
123218	953771
123460	954007
124196	954508
124260	954551
125086	954909
125154	954938
125228	954993
125402	955041
126114	955376
127050	955627
128015	955711
128981	955627
129293	955543
129702	955793
129750	955815
130024	955951
130295	956056
130432	956071
130512	956156
130719	956426
130813	956606
130947	956794
131068	956961
131157	957010
131288	957202
131603	957699
131739	957796
132296	958377
132470	958431
132641	958614
132994	958872
133091	958932
133246	959031
133293	959065
133438	959174
134147	959507
134220	959445
134258	959533
134426	959697
134603	959874
135397	960430
135928	960678
136226	960887
136495	961238
136790	961660
137476	962345
137531	962384
137752	962605
138546	963161
138674	963183
138720	963216
138765	963237
139146	963532
139494	963697
139803	963861
139929	963949
140051	964006
140148	964077
140283	964163
140502	964297
140612	964348
140670	964382
141548	964792
141907	964888
142009	965266
142199	965725
142227	965783
142445	966202
143001	966996
143687	967681
144481	968237
145359	968647
145797	968756
145836	968828
145870	968890
145929	969012
146374	969716
146507	969783
147050	970318
147094	970357
147172	970485
147697	970870
147840	970976
147955	971056
148533	971274
148631	971374
148826	971466
149159	971740
150038	972149
150974	972400
151939	972485
152905	972400
153595	972215
153841	972149
154394	971874
154394	971874
154425	971859
154710	971717
154807	971653
155300	971296
155493	971157
155583	971076
155774	970873
156187	970487
156262	970389
156293	970342
156402	970174
156450	970100
156543	970017
156566	969998
157272	969437
157308	969399
157666	969049
157956	968745
158297	968314
158404	968174
158880	967543
158966	967381
159054	967193
159129	967032
159377	966503
159500	965990
159490	965673
159528	965562
159644	965596
159895	965366
160179	964950
160327	964784
160354	964699
160460	964634
160510	964569
160720	964222
160806	964168
160882	964066
161023	963852
161021	963850
161060	963773
161441	962981
161466	962896
161492	962806
161514	962664
161710	962053
161714	961999
161719	961944
161741	961726
161823	961090
161810	960987
161802	960884
161865	960765
161780	959799
161668	959340
162078	958461
162329	957525
162413	956560
162320	955801
162334	955687
162322	955595
162224	954843
162194	954654
162158	954243
161907	953306
161497	952428
160941	951634
160429	951081
160456	951021
160525	950990
160567	950940
160643	950823
160677	950776
160823	950549
160823	950549
160868	950479
160988	950225
161043	950158
161069	950106
161189	950019
161213	949973
161365	949677
161542	949277
161589	949150
161607	949092
161758	948791
161867	948227
161873	948164
162009	947855
162093	946890
162009	945924
161774	945080
161744	944970
161344	944097
160788	943303
160103	942618
160183	942592
160977	942036
161662	941351
162218	940557
162628	939678
162639	939635
162739	939421
162990	938485
163075	937519
162990	936554
162952	936411
162929	936147
162847	935763
162822	935665
162687	935209
162651	935102
162617	935006
162207	934128
162163	934064
162019	933756
161926	933623
161827	933315
161799	933249
161741	933132
161702	933054
161658	932354
161407	931418
160997	930539
160832	930304
160696	930109
160510	929764
159955	928970
159740	928755
159630	928598
159352	928311
158667	927626
158181	927318
158138	927272
158084	927232
157836	927116
157524	926535
157433	926426
156747	925740
156712	925715
156663	925666
155869	925110
155175	924787
155015	924668
154392	924208
153513	923798
152943	923645
152943	923645
152577	923547
151612	923463
150815	923532
150646	923547
150584	923564
150355	923539
149389	923623
149328	923634
148967	923666
148499	923791
148258	922893
148165	922694
148116	922434
148261	921892
148261	921892
148265	921878
148367	921497
148452	920532
148367	919566
148116	918630
148053	918493
148089	918008
148024	917271
148044	917045
148070	916745
148039	916385
148046	916303
148026	916078
148036	915919
148093	915797
148344	914861
148380	914621
148432	914226
148480	913501
148396	912535
148276	912089
148237	911821
147986	910884
147605	910068
147498	909667
147443	909550
147062	908803
147011	908660
146500	907965
146437	907901
145967	907418
145737	906925
145181	906131
144496	905446
144003	905077
143859	904981
143558	904794
143438	904738
144187	904673
144233	904660
145125	904426
145167	904406
146007	904023
146044	903997
146807	903473
146837	903442
147528	902763
147708	902485
147771	902388
148063	901996
148102	901843
148134	901787
148180	901709
148207	901673
148774	900933
149184	900054
149434	899118
149434	899118
149519	898153
149434	897187
149184	896251
148751	895383
148685	895283
148193	894597
148114	894501
147826	894207
147753	894134
147436	893810
146911	893443
146880	893397
146802	893272
146594	892976
146594	892976
146580	892956
146370	892656
146220	892504
145707	891951
145560	891793
144767	891237
143888	890828
142952	890577
141987	890492
141021	890577
140085	890828
139207	891237
138413	891793
137727	892479
137370	892988
137014	893094
136925	893121
136700	893228
136593	893279
136593	893279
136136	893497
136056	893538
135314	894011
135255	894075
134556	894747
134000	895541
133791	895993
133066	895655
132245	895435
132129	895407
131936	895360
131779	895375
131726	895345
131213	895055
130385	894833
130300	893870
130201	893466
130201	893466
130191	893425
130129	893172
130074	892995
129993	892757
129584	891879
129028	891085
128342	890399
127549	889843
127296	889722
126621	889407
126467	889299
125589	888890
124652	888639
124515	888621
124151	888570
123990	888552
123611	888532
123483	888520
123314	888241
122599	887507
122018	887100
121801	886958
121207	886568
120329	886159
119974	886063
119916	885975
119230	885290
118437	884734
117558	884324
116672	884082
116483	884047
116433	884038
115468	883954
115247	883988
115212	883677
114656	882883
113971	882198
113177	881642
113077	881597
113026	881573
113026	881573
112728	881432
112643	881371
112503	881338
112395	881195
111942	880870
111585	880718
111525	880652
110950	880370
110871	880330
110860	880224
110304	879430
109618	878744
109217	878487
109047	878317
108902	878224
108783	878133
108733	878095
108651	878033
108501	877919
108099	877460
107859	877186
107261	876767
107203	876643
106648	875849
106294	875496
106158	875179
106047	874996
105918	874790
105472	874180
105077	873785
105001	873441
104958	873284
104796	872837
104766	872488
104515	871552
104105	870674
103524	869850
103456	869770
102795	869114
102146	868659
101841	868265
101808	868226
101570	867949
101487	867829
101367	867681
101265	867530
101192	867434
101092	866481
100841	865544
100744	865333
100737	865319
100732	865307
100732	865307
100504	864807
100487	864740
100428	864645
100363	864538
100318	864462
100049	863749
99812	863411
99384	862546
99337	862480
98971	861695
98561	861138
98487	860292
98397	859935
98146	858999
97733	858101
97732	858053
97723	857766
97715	857638
97641	857007
97511	856523
97464	856345
97401	856068
97249	855399
96839	854521
96645	854238
96219	853616
96152	853528
96157	853462
95991	853106
95973	853038
95563	852160
95175	851576
95100	851476
95052	850933
94801	849996
94392	849118
94287	848977
94241	848571
94091	848013
94005	847795
94042	847729
94104	847345
94150	846966
94192	846676
94177	846505
94163	846341
94151	846207
94143	846111
94134	846016
94107	845710
94049	845051
94032	844991
94027	844924
93776	843988
93709	843842
93300	842964
92744	842170
92704	842129
92656	842061
92559	841950
92209	841641
92401	841420
92486	840455
92455	839878
92443	839763
92389	839375
92138	838438
92113	838385
92389	837794
92508	837351
92646	837056
92781	836551
92781	836551
92792	836511
92897	836119
92981	835154
92974	835072
92980	835000
92896	834034
92645	833098
92309	832377
92264	832212
92231	832088
92032	831661
92014	831622
91825	831208
91611	830741
91584	830694
91313	830293
90804	829565
90748	829507
90130	828873
90063	828825
89346	828307
89271	828272
89202	828239
89114	827893
89076	827812
88719	827008
88667	826937
88525	826726
88830	826268
88860	826203
89273	825407
89289	825337
89558	824405
89642	823440
89558	822474
89307	821538
88897	820660
88671	820431
88602	820383
88530	820240
88550	820165
88556	819347
88471	819030
88930	818573
89486	817780
89896	816901
90146	815965
90231	815000
90215	814801
90123	813810
90109	813646
89858	812710
89449	811832
89287	811671
89243	811539
89166	811489
89169	811372
89081	810583
88830	809647
88420	808769
88332	808715
88236	808573
87837	807992
87776	807926
87733	807878
87732	807793
87595	807682
87595	807682
87393	807517
87139	807256
87065	807170
87025	807128
86993	807096
86356	806628
86282	806599
86239	806581
86193	806557
85669	806330
85543	806253
85475	806208
85377	806159
85183	806104
84952	806033
84840	805548
84862	805481
84452	804603
83896	803809
83211	803123
82635	802720
82503	802227
82094	801349
81538	800555
81449	800467
80877	799689
80588	799379
80484	799241
80402	799131
80182	798838
80147	798434
79896	797498
79486	796620
79268	796272
79239	796230
78901	795783
78216	795098
77422	794542
76544	794133
75608	793882
74885	793813
74819	793094
74751	792722
74507	791827
74098	790949
74001	790810
73943	790696
73386	789902
73266	789748
72580	789063
71898	788585
71898	788585
71878	788571
71787	788507
71722	788477
71617	788403
71362	788265
71158	788161
70714	787968
70642	787812
70086	787018
69878	786811
69611	786429
68925	785743
68131	785188
67253	784778
67057	784721
66702	783965
66146	783171
65515	782532
65465	782489
65410	782442
64616	781886
63738	781477
62981	781276
63085	780860
63109	780636
63191	779955
63198	779895
63205	779840
63187	779678
63144	778787
63144	778787
63140	778709
62889	777773
62804	777590
62757	777488
62484	776892
62420	776802
61943	776088
61865	776013
61269	775386
61182	775331
60402	774754
59524	774345
58588	774094
57622	774009
57162	773881
56197	773797
56149	773801
55936	773782
125
0
10873	891475
10606	891498
9908	891559
9742	891628
9628	891706
8973	891814
8715	891891
8505	891915
8055	892101
8012	892122
7870	892249
7826	892269
7613	892395
7458	892441
6992	892658
6198	893214
5940	893530
5865	893622
5605	893939
5514	893998
5136	894140
4819	894296
4208	894750
4040	894875
3940	894943
3360	895557
3274	895644
2723	896432
2449	896635
2328	896719
1749	897298
1692	897447
1538	897601
1254	897885
698	898679
288	899557
38	900494
-47	901459
38	902424
288	903361
698	904239
864	904475
1036	904845
1592	905639
2277	906324
3071	906880
3949	907290
4886	907541
5676	907546
5851	907599
5917	907596
6122	907586
6639	907647
6732	907656
6879	907616
6986	907630
7846	907584
8776	907308
8888	907260
9013	907207
9261	907739
9817	908533
10037	908753
10249	909208
10445	909523
10547	909675
10907	910155
11592	910840
12386	911396
13265	911806
14204	912046
14251	912061
15166	912141
15223	912136
16128	912026
16184	912013
17062	911784
17118	911759
17511	911581
17511	911581
17942	911385
17996	911352
18325	911126
18379	911089
18794	910803
19479	910117
19869	909561
20028	909319
20400	908750
20519	908496
20596	908386
21005	907508
21256	906572
21264	906475
21454	905770
21538	904804
21454	903839
21203	902903
20793	902024
20237	901231
20028	900995
19927	900888
19901	900850
19215	900165
18422	899609
17543	899199
16841	899011
16763	898193
16539	897357
16548	897260
16561	897105
16477	896140
16226	895204
15816	894325
15235	893548
15161	893432
14552	892872
14439	892786
13771	892305
13642	892242
12906	891875
12767	891839
11976	891600
11837	891593
10873	891475
100
0
59394	875166
58429	875250
57492	875501
56614	875910
56026	876311
55928	876378
55777	876498
55670	876586
54984	877272
54428	878066
54019	878944
53768	879880
53684	880846
53768	881811
54019	882747
54428	883626
54984	884419
55670	885105
55857	885228
55952	885248
56183	885443
56497	885602
56663	885767
56765	885769
56815	885744
56878	885786
56942	885803
57103	885971
57327	886103
57394	886146
57512	886302
57797	886505
57916	886623
58710	887179
58962	887257
59065	887325
59613	887583
59725	887636
59826	887683
59937	887731
60868	888010
61380	888055
61380	888055
61833	888095
62838	887992
63733	887753
63771	887735
64613	887350
64648	887326
65441	886770
66132	886091
66688	885297
67097	884418
67348	883482
67355	883337
67388	882686
67397	882513
67367	882398
67397	882355
67389	882258
67291	881515
67255	881304
67118	880695
67104	880628
67046	880476
67022	880426
66994	880366
66811	879936
66648	879652
66623	879611
66599	879471
66433	879293
66277	879126
66197	878995
66125	878895
66139	878815
66023	878673
65949	878583
65910	878535
65715	878343
65654	878182
65455	877983
65411	877943
65072	877632
64937	877532
64291	877062
64140	876991
63425	876628
63276	876552
63180	876496
62380	875965
62317	875934
61510	875547
61440	875527
60579	875284
60506	875278
60064	875241
59916	875229
59613	875192
59394	875166
63
0
161911	1036756
162213	1036729
162826	1036565
163143	1036447
163306	1036377
163753	1036285
164261	1036180
165139	1035771
165933	1035215
166618	1034529
167174	1033736
167584	1032857
167835	1031921
167863	1031678
167881	1031281
167886	1031162
167901	1030835
167893	1030708
167832	1029872
167800	1029748
167602	1028932
167546	1028819
167487	1028681
167153	1027980
167134	1027941
167093	1027878
167060	1027817
167009	1027722
166974	1027641
166931	1027540
166624	1026827
166068	1026033
165382	1025348
164589	1024792
163710	1024382
162774	1024131
161809	1024047
161809	1024047
161270	1024094
161270	1024094
160843	1024131
159907	1024382
159029	1024792
158235	1025348
157549	1026033
156993	1026827
156584	1027705
156395	1028466
156349	1028649
156331	1028689
156021	1029353
155771	1030289
155686	1031254
155771	1032221
156022	1033157
156432	1034034
156988	1034829
157673	1035514
158467	1036070
159346	1036479
160282	1036729
161246	1036814
161911	1036756
64
0
180915	1039350
181237	1039378
182202	1039294
183139	1039043
184017	1038633
184811	1038077
185496	1037392
185694	1037113
185901	1036860
186413	1036119
186822	1035241
187073	1034304
187082	1034201
187375	1033269
187442	1032504
187459	1032303
187524	1031538
187448	1030668
187436	1030573
187397	1030426
187373	1030334
187207	1029632
187150	1029390
186740	1028512
186184	1027718
185499	1027033
184705	1026477
183827	1026067
182890	1025816
181925	1025732
181925	1025732
180960	1025816
180023	1026067
179591	1026280
179337	1026302
178366	1026566
178179	1026635
177336	1027032
176542	1027588
175856	1028273
175733	1028459
175322	1029081
175200	1029265
174863	1029932
174769	1030132
174518	1031069
174434	1032034
174518	1032999
174643	1033545
174662	1033611
174788	1034001
175197	1034880
175753	1035673
176035	1035984
176138	1036157
176302	1036508
176858	1037302
177544	1037987
177773	1038169
177892	1038259
178457	1038633
179335	1039043
180272	1039294
180915	1039350
89
0
262714	1030265
263442	1030232
264379	1029981
265257	1029572
266051	1029016
266736	1028331
267292	1027537
267702	1026658
267953	1025722
268037	1024757
267953	1023791
267907	1023620
267834	1023387
267773	1023193
267670	1022865
267604	1022699
267514	1022500
267357	1022150
267282	1021985
267206	1021816
267136	1021609
266580	1020815
266415	1020650
266381	1020602
265696	1019916
264902	1019360
264024	1018951
263087	1018700
262432	1018624
262221	1018612
261911	1018604
261770	1018616
261834	1017886
261810	1017614
261785	1017321
261732	1016923
261715	1016789
261470	1015993
261417	1015867
261104	1015169
261047	1015042
261021	1014983
260465	1014190
259779	1013504
258985	1012948
258107	1012539
257171	1012288
256205	1012203
256205	1012203
255240	1012288
254304	1012539
253425	1012948
252632	1013504
251946	1014190
251390	1014983
250981	1015862
250730	1016798
250645	1017763
250677	1018201
250699	1018494
250716	1018731
250753	1019022
251004	1019958
251414	1020836
251969	1021630
252655	1022316
253449	1022872
254327	1023281
255263	1023532
256229	1023616
256296	1023610
256239	1024258
256324	1025224
256575	1026160
256768	1026576
256984	1027038
257182	1027452
257738	1028246
258424	1028931
259218	1029487
260096	1029897
260489	1029984
260571	1030002
261057	1030110
261319	1030181
261512	1030232
262265	1030298
262473	1030276
262714	1030265
